# z, uu, uv, uw, vv, vw, ww, tke
0.000000000000000000e+00 9.023257295478676054e-01 -1.693711230633715425e-01 -2.080732425312969980e-02 9.089727730584381549e-01 2.137036732999900851e-02 2.358763585472874180e-02 9.174430692305172164e-01
7.500000000000000000e+00 9.558134614797586526e-01 -5.339146787034011049e-02 -5.079731882283639033e-02 9.631770450874935774e-01 5.283028198434485539e-02 4.784043171965349922e-02 9.834154691434527917e-01
1.500000000000000000e+01 8.633961159598597668e-01 2.751666200258176195e-02 -6.528894869668093459e-02 8.750907945877929306e-01 6.841114374834425527e-02 1.306704115069125816e-01 9.345786610272827089e-01
2.250000000000000000e+01 7.989743346660814760e-01 6.258530409713711218e-02 -6.623522423056796282e-02 8.177513979028785407e-01 6.988042313524216176e-02 1.926115379664932736e-01 9.046686352677265619e-01
3.000000000000000000e+01 7.510013298023919814e-01 8.267286463053329093e-02 -6.759622245353101577e-02 7.765002255368308459e-01 7.219695570723136391e-02 2.459928591784010521e-01 8.867472072588119536e-01
3.750000000000000000e+01 7.137651995812233086e-01 9.677710457091429075e-02 -6.700557425343342532e-02 7.446972101725688464e-01 7.196804278782427400e-02 2.875986392135874148e-01 8.730305244836897849e-01
4.500000000000000000e+01 6.826689242526552404e-01 1.028293877815391333e-01 -6.664947524477937701e-02 7.170166832796935896e-01 7.241765901276790707e-02 3.185405091408559097e-01 8.591130583366023421e-01
5.250000000000000000e+01 6.570916466222794794e-01 1.068885436124951821e-01 -6.592352360919660759e-02 6.926001270015983424e-01 7.202773471520784732e-02 3.478927410735961345e-01 8.487922573487369782e-01
6.000000000000000000e+01 6.343259910091597620e-01 1.075415333117793193e-01 -6.528529030668174526e-02 6.707240279943402772e-01 7.209583046696110831e-02 3.687847963547473684e-01 8.369174076791237038e-01
6.750000000000000000e+01 6.139572763325001903e-01 1.074632276830784910e-01 -6.464470765694217691e-02 6.522810896513068224e-01 7.172579042801892346e-02 3.921485893351008278e-01 8.291934776594539480e-01
7.500000000000000000e+01 5.948674411204312173e-01 1.059211887436248972e-01 -6.390889609241989788e-02 6.345464883979956561e-01 7.156990811645355666e-02 4.082129272236439954e-01 8.188134283710353234e-01
8.250000000000000000e+01 5.773413131383402508e-01 1.040958986657786745e-01 -6.329739120177395317e-02 6.185273790019640838e-01 7.124513036100003915e-02 4.282275638331967116e-01 8.120481279867505231e-01
9.000000000000000000e+01 5.615026952078856493e-01 1.012050257868944564e-01 -6.253354766120211572e-02 6.034785457072947557e-01 7.099287049582037046e-02 4.419467891209745147e-01 8.034640150180774043e-01
9.750000000000000000e+01 5.477373843345575422e-01 9.852808082579544990e-02 -6.193215040152397904e-02 5.890533858292427150e-01 7.070595618405969840e-02 4.598077079278714563e-01 7.982992390458358845e-01
1.050000000000000000e+02 5.348945812177419157e-01 9.586799586788946614e-02 -6.120916208691452171e-02 5.748945629880755082e-01 7.038683671530007735e-02 4.722230374802025010e-01 7.910060908430099902e-01
1.125000000000000000e+02 5.235569582070593864e-01 9.326366915145695158e-02 -6.060003884619237502e-02 5.620755695073010871e-01 7.009025851990660638e-02 4.884799674167244476e-01 7.870562475655424883e-01
1.200000000000000000e+02 5.131938161055265013e-01 9.018479724440452150e-02 -5.986414152031611230e-02 5.505498407399370686e-01 6.971675420365665288e-02 4.998074786140584425e-01 7.817755677297609784e-01
1.275000000000000000e+02 5.031898481880160423e-01 8.699106187593383388e-02 -5.926866333746464571e-02 5.396720304229420950e-01 6.942350929052770736e-02 5.146199280108767482e-01 7.787409033109173873e-01
1.350000000000000000e+02 4.935750066598363905e-01 8.374291346024835547e-02 -5.857981631671758255e-02 5.289408234206884885e-01 6.904905990936749394e-02 5.251295785479995759e-01 7.738227043142622552e-01
1.425000000000000000e+02 4.847180623265367472e-01 8.085810827125092248e-02 -5.799417773980111018e-02 5.187911633710560189e-01 6.873418412100198993e-02 5.388028306277036217e-01 7.711560281626481661e-01
1.500000000000000000e+02 4.764821000304876875e-01 7.793440231300900745e-02 -5.731513904502855139e-02 5.094575723325370786e-01 6.834031478239087354e-02 5.486684497008679218e-01 7.673040610319463717e-01
1.575000000000000000e+02 4.688275359759547234e-01 7.491672335371032942e-02 -5.676121365847826977e-02 5.007925080429065368e-01 6.803212065575502121e-02 5.612389418017780240e-01 7.654294929103195866e-01
1.650000000000000000e+02 4.612602466608151097e-01 7.195345506339129171e-02 -5.607254803986646413e-02 4.925092253491000216e-01 6.761445614774470869e-02 5.704028208890686846e-01 7.620861464494919080e-01
1.725000000000000000e+02 4.538958403000545316e-01 6.883273977367876384e-02 -5.554728458163595006e-02 4.847646516564086405e-01 6.731419146880213145e-02 5.819602581231587690e-01 7.603103750398110261e-01
1.800000000000000000e+02 4.472356954995573841e-01 6.603811631572685525e-02 -5.488064214609275626e-02 4.771033747252630963e-01 6.688022626769472845e-02 5.905517791263517058e-01 7.574454246755860654e-01
1.875000000000000000e+02 4.409742083579379912e-01 6.337108168568365840e-02 -5.438153397398084316e-02 4.703270679108541574e-01 6.655544068396121449e-02 6.011698797802774719e-01 7.562355780245348935e-01
1.950000000000000000e+02 4.355534767575681698e-01 6.062501949353469449e-02 -5.375686297033988731e-02 4.634843493201630804e-01 6.612569435153367592e-02 6.090069452103316072e-01 7.540223856440313455e-01
2.025000000000000000e+02 4.303062688545610248e-01 5.788044605318488911e-02 -5.327901905810369237e-02 4.570144919249139459e-01 6.580185582800698874e-02 6.183552159755306699e-01 7.528379883775028203e-01
2.100000000000000000e+02 4.250072618119331014e-01 5.513184539065679735e-02 -5.268159331666438794e-02 4.507660919721282466e-01 6.537750910345928312e-02 6.253073458825292308e-01 7.505403498332952061e-01
2.175000000000000000e+02 4.202136257128714081e-01 5.234938288014964053e-02 -5.223771867699900096e-02 4.448905529194008279e-01 6.503851256399001413e-02 6.335219697630832814e-01 7.493130741976776754e-01
2.250000000000000000e+02 4.157302030405090609e-01 4.961330673976562661e-02 -5.166925398232066757e-02 4.393155955311954242e-01 6.460067642271064003e-02 6.396380294135817213e-01 7.473419139926431587e-01
2.325000000000000000e+02 4.111269571964497049e-01 4.710877604291052040e-02 -5.122834344450342275e-02 4.337781948233502827e-01 6.424177423743414328e-02 6.468841874596492625e-01 7.458946697397246250e-01
2.400000000000000000e+02 4.068145405010982762e-01 4.462462917539675861e-02 -5.066142335126477131e-02 4.280349885600929216e-01 6.380249787866446032e-02 6.523477575479420532e-01 7.435986433045667088e-01
2.475000000000000000e+02 4.029882530481884162e-01 4.212635349975810822e-02 -5.022667710352876624e-02 4.224250350370621354e-01 6.345174248207868795e-02 6.588363099798877354e-01 7.421247990325691157e-01
2.550000000000000000e+02 3.992990478752854733e-01 3.953502984763720279e-02 -4.968174535830863908e-02 4.173422365860874339e-01 6.300187868976182826e-02 6.636872176638123344e-01 7.401642510625925375e-01
2.625000000000000000e+02 3.961661829207754337e-01 3.718406316373817216e-02 -4.924509482793845705e-02 4.125244947896108405e-01 6.264017813067110363e-02 6.693828480612717957e-01 7.390367628858289795e-01
2.700000000000000000e+02 3.930429280526234193e-01 3.504712908431120710e-02 -4.873265327778676659e-02 4.081650913716290408e-01 6.221372524380051200e-02 6.737274676893014735e-01 7.374677435567769113e-01
2.775000000000000000e+02 3.901259565673054763e-01 3.297260278169846653e-02 -4.829370818702218016e-02 4.039443297179937664e-01 6.182536114376077641e-02 6.787195872914925099e-01 7.363949367883959596e-01
2.850000000000000000e+02 3.874530486609865654e-01 3.109298296476032189e-02 -4.779316761960476084e-02 3.996669679338880621e-01 6.138455789496192333e-02 6.824307979748326369e-01 7.347754072848535767e-01
2.925000000000000000e+02 3.848157280568034189e-01 2.925616276457023920e-02 -4.736628400668174699e-02 3.957510191316768733e-01 6.099014195968956165e-02 6.867370133517286535e-01 7.336518802701044173e-01
3.000000000000000000e+02 3.822264927064470408e-01 2.760440452240702641e-02 -4.687076673986509401e-02 3.921263529246227786e-01 6.052184079065636019e-02 6.899714138093234750e-01 7.321621297201965639e-01
3.075000000000000000e+02 3.798263184051324792e-01 2.614541772631287855e-02 -4.646480653371023312e-02 3.887635896043260542e-01 6.011954239598574917e-02 6.936980256036479053e-01 7.311439668065531361e-01
3.150000000000000000e+02 3.780376539350696619e-01 2.470483062497751819e-02 -4.597686468948814636e-02 3.857968228987331272e-01 5.965519454844423614e-02 6.964925979373899345e-01 7.301635373855963618e-01
3.225000000000000000e+02 3.762804678255067814e-01 2.337348369407872203e-02 -4.557470542659751434e-02 3.828574822272378664e-01 5.923795811377375459e-02 6.997061757497230472e-01 7.294220629012337920e-01
3.300000000000000000e+02 3.745288833851111443e-01 2.223031325489194937e-02 -4.511380258608195526e-02 3.797643553733385247e-01 5.875756992502419868e-02 7.020387355429212883e-01 7.281659871506854786e-01
3.375000000000000000e+02 3.728415150283207469e-01 2.110097869658419945e-02 -4.469156414679380240e-02 3.770839633027773252e-01 5.831552040173342000e-02 7.047571042757596604e-01 7.273412913034288385e-01
3.450000000000000000e+02 3.710723903155919157e-01 1.997858524888575238e-02 -4.425022563706946382e-02 3.745620445226778839e-01 5.782472257618612166e-02 7.067693813421447313e-01 7.262019080902072377e-01
3.525000000000000000e+02 3.693222767863352796e-01 1.897818798926851139e-02 -4.384240037880920982e-02 3.722728096233413053e-01 5.737247511765371927e-02 7.090034553783864935e-01 7.252992708940315669e-01
3.600000000000000000e+02 3.678510829619255906e-01 1.800072055459152678e-02 -4.339746796504957704e-02 3.699172442319806908e-01 5.687240930271254130e-02 7.105711700792892715e-01 7.241697486365977765e-01
3.675000000000000000e+02 3.661771887888923271e-01 1.682645662163430658e-02 -4.301443182616986743e-02 3.674011917998850074e-01 5.642074521255058261e-02 7.123736033386875999e-01 7.229759919637324117e-01
3.750000000000000000e+02 3.644802903778134318e-01 1.555738272240744791e-02 -4.257498061125794542e-02 3.647818954308022499e-01 5.591466952455935446e-02 7.135142410327620643e-01 7.213882134206888175e-01
3.825000000000000000e+02 3.628237244044019705e-01 1.438976670201079673e-02 -4.221127493945910081e-02 3.624772004530136260e-01 5.545626519335773719e-02 7.148459330939560541e-01 7.200734289756858253e-01
3.900000000000000000e+02 3.611688054284926119e-01 1.333313134772220326e-02 -4.178288686890510584e-02 3.604450838049502170e-01 5.494318306879188152e-02 7.156138032771892643e-01 7.186138462553159911e-01
3.975000000000000000e+02 3.595732811794874473e-01 1.244183415576195599e-02 -4.141604427769944585e-02 3.585364802829791864e-01 5.445370634650013170e-02 7.165049446204376782e-01 7.173073530414522114e-01
4.050000000000000000e+02 3.580579309167941093e-01 1.167045777612356686e-02 -4.100222621825375807e-02 3.566363697457526905e-01 5.393187763443068466e-02 7.169166024188053932e-01 7.158054515406760965e-01
4.125000000000000000e+02 3.567979178988168187e-01 1.100033997078110788e-02 -4.066415770427509596e-02 3.547418273446562575e-01 5.344226197692694691e-02 7.173919201789694666e-01 7.144658327112212159e-01
4.200000000000000000e+02 3.557202769268993925e-01 1.023923498524632880e-02 -4.026838995591203868e-02 3.525752395875406675e-01 5.291416463277492238e-02 7.174323930949452199e-01 7.128639548046926677e-01
4.275000000000000000e+02 3.548512589108530624e-01 9.584296075621282635e-03 -3.992665334020830542e-02 3.505512957027129284e-01 5.241556592864658054e-02 7.175112760255250022e-01 7.114569153195455797e-01
4.350000000000000000e+02 3.539292896191334470e-01 9.023429843265316427e-03 -3.953605129817162889e-02 3.485205332138542333e-01 5.188114311303448911e-02 7.171096050903545960e-01 7.097797139616710549e-01
4.425000000000000000e+02 3.525072830251284595e-01 8.512815395187675951e-03 -3.917388433454056795e-02 3.464267574847952336e-01 5.134982026337828187e-02 7.167593035907506849e-01 7.078466720503371334e-01
4.500000000000000000e+02 3.511505919334003134e-01 8.243039679332550898e-03 -3.876151548876471259e-02 3.444858162313057526e-01 5.081341603093710718e-02 7.159328345102550228e-01 7.057846213374805444e-01
4.575000000000000000e+02 3.499800232099232189e-01 8.051553907316457565e-03 -3.839070854654073189e-02 3.427107348024283628e-01 5.024363314740187131e-02 7.151744632885701503e-01 7.039326106504608660e-01
4.650000000000000000e+02 3.488775890981453687e-01 7.900315969709796604e-03 -3.798556415586164942e-02 3.412138145232986308e-01 4.968781441900418927e-02 7.139555296722255306e-01 7.020234666468347928e-01
4.725000000000000000e+02 3.479504307508990424e-01 7.871757611613171626e-03 -3.761599789209964240e-02 3.397459384042040842e-01 4.914173403181758965e-02 7.126598042278515788e-01 7.001780866914772972e-01
4.800000000000000000e+02 3.470369763295838017e-01 7.770389953568387388e-03 -3.722086779241547821e-02 3.383552785183316369e-01 4.858826491411381843e-02 7.109849534159392581e-01 6.981886041319274039e-01
4.875000000000000000e+02 3.459917041647728175e-01 7.675390176167592483e-03 -3.685188614514219030e-02 3.368774174164050339e-01 4.802585235319085932e-02 7.092344005490878178e-01 6.960517610651328901e-01
4.950000000000000000e+02 3.450549611396651062e-01 7.511466937545415931e-03 -3.646925256009602573e-02 3.353612245185897955e-01 4.743733196661737567e-02 7.071751811093903717e-01 6.937956833838225812e-01
5.025000000000000000e+02 3.440752485573718711e-01 7.277662715063791012e-03 -3.612123256257888937e-02 3.341534320031617211e-01 4.687295582439330449e-02 7.050479744231972212e-01 6.916383274918653790e-01
5.100000000000000000e+02 3.433618855215152532e-01 6.969734829635451483e-03 -3.573171669975863662e-02 3.329104274855897994e-01 4.625364534377750941e-02 7.026844863891370530e-01 6.894783996981210805e-01
5.175000000000000000e+02 3.425733619183202183e-01 6.631329051827101681e-03 -3.538240245236886489e-02 3.317463527108477916e-01 4.567567549353861167e-02 7.003125567912632521e-01 6.873161357102155478e-01
5.250000000000000000e+02 3.414900690340543221e-01 6.523468942184953469e-03 -3.500918963273574186e-02 3.308447633521630626e-01 4.505892525648066971e-02 6.977047438101348087e-01 6.850197880981760967e-01
5.325000000000000000e+02 3.403289398879538186e-01 6.492077935926639752e-03 -3.466172057185843564e-02 3.300450853618875913e-01 4.446282304955974374e-02 6.950023686063144801e-01 6.826881969280779172e-01
5.400000000000000000e+02 3.393132349225069233e-01 6.392462250457289254e-03 -3.431294728391540844e-02 3.293131474391842728e-01 4.383883119316524246e-02 6.920249762205323840e-01 6.803256792911117623e-01
5.475000000000000000e+02 3.382782210714130322e-01 6.387616351294461876e-03 -3.398523657799266962e-02 3.285958307173354465e-01 4.322551853791665316e-02 6.889396464587602686e-01 6.779068491237543181e-01
5.550000000000000000e+02 3.371014926643399190e-01 6.419309538099065085e-03 -3.363860268543126392e-02 3.278779038097645593e-01 4.261438928835342699e-02 6.856305800126876182e-01 6.753049882433960205e-01
5.625000000000000000e+02 3.359001336725484510e-01 6.314177025010719868e-03 -3.331561473825315339e-02 3.272808223718945975e-01 4.201904667013573597e-02 6.822693254488504389e-01 6.727251407466467992e-01
5.700000000000000000e+02 3.346832301938276744e-01 6.313775673247062035e-03 -3.297598549736944357e-02 3.265247882944558588e-01 4.139075335035594799e-02 6.787483307126757071e-01 6.699781746004795924e-01
5.775000000000000000e+02 3.335892588523478586e-01 6.386535139721410265e-03 -3.263976010514658965e-02 3.256681096071416537e-01 4.080483231533761634e-02 6.751755889992732129e-01 6.672164787293813903e-01
5.850000000000000000e+02 3.326317087251005056e-01 6.625211225850833469e-03 -3.227869249139569269e-02 3.251033148713945442e-01 4.015136605199892683e-02 6.713203306526801528e-01 6.645276771245876013e-01
5.925000000000000000e+02 3.318285948329248169e-01 7.020047263680486045e-03 -3.194025401980106482e-02 3.245993122360655847e-01 3.955590970706444887e-02 6.673655255175919843e-01 6.618967162932911652e-01
6.000000000000000000e+02 3.310756935608383245e-01 7.561359843749424631e-03 -3.155701926310162247e-02 3.241822014084877468e-01 3.889436808000192730e-02 6.631454439440063187e-01 6.592016694566662505e-01
6.075000000000000000e+02 3.304884319408972204e-01 8.014985454977974211e-03 -3.121247007664964407e-02 3.240580695032112546e-01 3.829746213739799315e-02 6.588360966572973654e-01 6.566912990507030035e-01
6.150000000000000000e+02 3.298142613036171844e-01 8.457461430064282248e-03 -3.083607960683213550e-02 3.240630652594100325e-01 3.763705999867898722e-02 6.542781384100371245e-01 6.540777324865321152e-01
6.225000000000000000e+02 3.293127794230129579e-01 8.775880021036904649e-03 -3.047852093620796385e-02 3.241796381245560799e-01 3.703776839746212440e-02 6.495376504116172622e-01 6.515150339795932055e-01
6.300000000000000000e+02 3.291279540759010080e-01 9.171671818068178467e-03 -3.009795346400547314e-02 3.244240887718756183e-01 3.637214256739711854e-02 6.446872344811447331e-01 6.491196386644606520e-01
6.375000000000000000e+02 3.289518094290613814e-01 9.437287433302337519e-03 -2.972923253494257415e-02 3.247369450292599824e-01 3.576169793465530655e-02 6.396843580552146191e-01 6.466865562567680747e-01
6.450000000000000000e+02 3.288098894134026673e-01 9.594633100074016763e-03 -2.934851678167521918e-02 3.250580780204322950e-01 3.507419285499105421e-02 6.345251328412898628e-01 6.441965501375623848e-01
6.525000000000000000e+02 3.285264201250994720e-01 9.856149712402919455e-03 -2.899253025102789885e-02 3.252913276260693265e-01 3.445716623011305796e-02 6.292196611782761018e-01 6.415187044647224779e-01
6.600000000000000000e+02 3.281546933888263573e-01 1.006886605363352741e-02 -2.860841921586636943e-02 3.257114882534541955e-01 3.379438596201856521e-02 6.238167314259436269e-01 6.388414565341120621e-01
6.675000000000000000e+02 3.277699261570129474e-01 1.035135574104168073e-02 -2.823283614098467953e-02 3.261544048349936942e-01 3.317279276324960197e-02 6.183378941485158098e-01 6.361311125702612257e-01
6.750000000000000000e+02 3.273075354151169791e-01 1.065430365671946739e-02 -2.787553589865279097e-02 3.265418725493921537e-01 3.251289728510908805e-02 6.127371215538622851e-01 6.332932647591857922e-01
6.825000000000000000e+02 3.267643282099279567e-01 1.108520439550766956e-02 -2.749978745574589364e-02 3.270196078093837722e-01 3.189986777834852988e-02 6.070328123313686319e-01 6.304083741753401249e-01
6.900000000000000000e+02 3.264005030451619382e-01 1.164445689895106731e-02 -2.716091211017543708e-02 3.276171446459854031e-01 3.123169123735790309e-02 6.011847914215981969e-01 6.276012195563727136e-01
6.975000000000000000e+02 3.262619705017385519e-01 1.222434023687743107e-02 -2.680312220420202202e-02 3.283089947745460591e-01 3.059389129588382591e-02 5.952421392056332916e-01 6.249065522409589235e-01
7.050000000000000000e+02 3.262105591997774834e-01 1.281423474377406044e-02 -2.645706430815152055e-02 3.290745023917590051e-01 2.993882408924602306e-02 5.891784291104158466e-01 6.222317453509761398e-01
7.125000000000000000e+02 3.261029658591643732e-01 1.349054664142000301e-02 -2.608971436315822567e-02 3.301939591082144743e-01 2.929483478366384092e-02 5.830476440417604600e-01 6.196722845045696815e-01
7.200000000000000000e+02 3.259570092199423619e-01 1.421712714764804611e-02 -2.573307268179679530e-02 3.314423578848737506e-01 2.865218964741308993e-02 5.768288937658014870e-01 6.171141304353088275e-01
7.275000000000000000e+02 3.258159912561949811e-01 1.494200298583338825e-02 -2.536104172340526361e-02 3.328888075889529508e-01 2.802051945823215082e-02 5.705214357334909003e-01 6.146131172893194439e-01
7.350000000000000000e+02 3.257448035263177388e-01 1.572116322169671981e-02 -2.500565504613905601e-02 3.344449952995733888e-01 2.737109088509206284e-02 5.642047176617006610e-01 6.121972582437958943e-01
7.425000000000000000e+02 3.258109629126508255e-01 1.637921597411415298e-02 -2.461263649385573432e-02 3.360732108834867948e-01 2.674602830826441555e-02 5.577060798870343561e-01 6.097951268415859882e-01
7.500000000000000000e+02 3.256164890854851834e-01 1.715091869394289037e-02 -2.423237949697270438e-02 3.377859889251258463e-01 2.611407521492363840e-02 5.512090802487084051e-01 6.073057791296596619e-01
7.575000000000000000e+02 3.254134304552167567e-01 1.799876616039985944e-02 -2.384335234415584787e-02 3.393676733528546707e-01 2.550594523648769957e-02 5.446479640197831040e-01 6.047145339139272657e-01
7.650000000000000000e+02 3.253020593703360719e-01 1.852498797322835178e-02 -2.347444809295463550e-02 3.409677520845671439e-01 2.490492189118939659e-02 5.380539598418696556e-01 6.021618856483864635e-01
7.725000000000000000e+02 3.254442147148510212e-01 1.919307607426684256e-02 -2.306495152119314093e-02 3.425669857901038062e-01 2.429251180781357919e-02 5.313872888893896862e-01 5.996992446971722845e-01
7.800000000000000000e+02 3.255419746572384976e-01 1.993114058690566293e-02 -2.268192711136768694e-02 3.443098992313690654e-01 2.369021078173889558e-02 5.246840287511987944e-01 5.972679513199031787e-01
7.875000000000000000e+02 3.256381975586675193e-01 2.051338948265360104e-02 -2.227511042172905520e-02 3.461202482633889410e-01 2.309913278432085965e-02 5.179418041404192374e-01 5.948501249812379044e-01
7.950000000000000000e+02 3.258793921986413156e-01 2.120677452082585929e-02 -2.189156290377780936e-02 3.479085608359572812e-01 2.251047239234628058e-02 5.111639436915524914e-01 5.924759483630754886e-01
8.025000000000000000e+02 3.265195076401609109e-01 2.194016520646396504e-02 -2.147918515342792101e-02 3.496062637879439050e-01 2.195367109268209216e-02 5.042589777227576286e-01 5.901923745754311668e-01
8.100000000000000000e+02 3.272525952668433602e-01 2.254865131486658361e-02 -2.106826904366104411e-02 3.512719338153260651e-01 2.136607329718412385e-02 4.972281562759749418e-01 5.878763426790721836e-01
8.175000000000000000e+02 3.280883310373010620e-01 2.299510447843577249e-02 -2.065271662838137970e-02 3.530037774254775607e-01 2.081003371223306281e-02 4.900743678567154871e-01 5.855832381597469993e-01
8.250000000000000000e+02 3.289814821336511930e-01 2.322172937943713100e-02 -2.022917791035421659e-02 3.546089658091499119e-01 2.023167896444628619e-02 4.828000286070551761e-01 5.831952382749281405e-01
8.325000000000000000e+02 3.301878194888217544e-01 2.342712818168746908e-02 -1.981879976492497558e-02 3.560742607211431210e-01 1.969274604516052865e-02 4.754653707890678094e-01 5.808637254995163701e-01
8.400000000000000000e+02 3.311772864114970183e-01 2.362767345142098921e-02 -1.940593815669641731e-02 3.576849014233956514e-01 1.914285908297811561e-02 4.680887892109601989e-01 5.784754885229264065e-01
8.475000000000000000e+02 3.322166100721591908e-01 2.391537123602771250e-02 -1.898791492549758986e-02 3.596213980862915660e-01 1.860376025472026615e-02 4.605881299170359044e-01 5.762130690377433861e-01
8.550000000000000000e+02 3.337124772734759715e-01 2.428363883613236449e-02 -1.855543676872587269e-02 3.618503645648949441e-01 1.808296145424283588e-02 4.529150245076405401e-01 5.742389331730057833e-01
8.625000000000000000e+02 3.353900483894073914e-01 2.479853277937645040e-02 -1.812607059325229558e-02 3.642438187786853909e-01 1.757890767538484653e-02 4.451730573715313444e-01 5.724034622698120911e-01
8.700000000000000000e+02 3.371721305593293749e-01 2.520374384385105221e-02 -1.769631691105404830e-02 3.663719903945897305e-01 1.707842655039575053e-02 4.372530465557774026e-01 5.703985837548481985e-01
8.775000000000000000e+02 3.395112705939050124e-01 2.556880368792740360e-02 -1.727838789135188735e-02 3.683798629042567274e-01 1.659516258138793096e-02 4.292107400717179999e-01 5.685509367849398421e-01
8.850000000000000000e+02 3.419787524880832930e-01 2.573509267360005875e-02 -1.686276358996839989e-02 3.705604435361398719e-01 1.614840924225708491e-02 4.210330819493780519e-01 5.667861389868005251e-01
8.925000000000000000e+02 3.446065724622224824e-01 2.603726115662820945e-02 -1.646465634318995674e-02 3.727876610781289957e-01 1.568803815864015794e-02 4.127079631272790317e-01 5.650510983338152826e-01
9.000000000000000000e+02 3.475120413278907083e-01 2.620572155292960961e-02 -1.605245768954955896e-02 3.752400917963941707e-01 1.524786392527498723e-02 4.042134547602129757e-01 5.634827939422488718e-01
9.075000000000000000e+02 3.507916695554109121e-01 2.609880489268351367e-02 -1.563213168360562400e-02 3.778601456910317125e-01 1.479883305434354090e-02 3.955396258898886686e-01 5.620957205681655910e-01
9.150000000000000000e+02 3.540902676997513265e-01 2.591629300574795763e-02 -1.523910782532039883e-02 3.809926512207630900e-01 1.439742213110921897e-02 3.866569493639302468e-01 5.608699341422223039e-01
9.225000000000000000e+02 3.571167535884847144e-01 2.597082751406319667e-02 -1.483815372139957525e-02 3.840663729499235179e-01 1.397225797055876885e-02 3.776003739580355290e-01 5.593917502482218529e-01
9.300000000000000000e+02 3.605557690168619267e-01 2.580072910334154507e-02 -1.442054412390824346e-02 3.871457651945162115e-01 1.359988985863421103e-02 3.683500114561616412e-01 5.580257728337698619e-01
9.375000000000000000e+02 3.642105051099389090e-01 2.552992671976374653e-02 -1.404686198180942446e-02 3.902912393550245218e-01 1.317419381083406726e-02 3.588900812572758947e-01 5.566959128611196350e-01
9.450000000000000000e+02 3.679565964189098204e-01 2.510023850534509604e-02 -1.362869771712427007e-02 3.933448857635499230e-01 1.282658260171574624e-02 3.491174019294000508e-01 5.552094420559299248e-01
9.525000000000000000e+02 3.717369827540379368e-01 2.466956178990360044e-02 -1.323604092003215736e-02 3.965023552704918797e-01 1.242076811598769384e-02 3.391156925198419159e-01 5.536775152721858939e-01
9.600000000000000000e+02 3.756627895074979295e-01 2.389273675799286761e-02 -1.283821763419118814e-02 3.994913669107979515e-01 1.207488348689547859e-02 3.289280701494449177e-01 5.520411132838703994e-01
9.675000000000000000e+02 3.796131014856157782e-01 2.279968614140674699e-02 -1.241531592616518416e-02 4.026024710885885982e-01 1.170349274029927958e-02 3.185015890601902711e-01 5.503585808171973515e-01
9.750000000000000000e+02 3.836424382093320262e-01 2.146391128949730678e-02 -1.199610920025939373e-02 4.057239334632867234e-01 1.134710761972095722e-02 3.080106393002581822e-01 5.486885054864384381e-01
9.825000000000000000e+02 3.873264559646500960e-01 2.013392937973710120e-02 -1.155279147737050920e-02 4.083340393152714021e-01 1.100750429054716054e-02 2.972289502398142713e-01 5.464447227598678847e-01
9.900000000000000000e+02 3.909068749119182229e-01 1.826862523274239841e-02 -1.113849803819962070e-02 4.104029131256508034e-01 1.068170113770488400e-02 2.861834620571949706e-01 5.437466250473820262e-01
9.975000000000000000e+02 3.947954410622369070e-01 1.591665497487844763e-02 -1.065383101133482273e-02 4.124867332603615044e-01 1.037465007221053358e-02 2.749146836996976262e-01 5.410984290111480188e-01
1.005000000000000000e+03 3.986237272769215245e-01 1.337017307961392565e-02 -1.019622859476510338e-02 4.142217000344600719e-01 1.008681284154424110e-02 2.633861657773520770e-01 5.381157965443668090e-01
1.012500000000000000e+03 4.026693920751281408e-01 1.086879138938881897e-02 -9.723320645522401731e-03 4.158334916502851031e-01 9.802295937930378261e-03 2.516740676538918864e-01 5.350884756896525651e-01
1.020000000000000000e+03 4.063138329344202493e-01 8.550183575624023535e-03 -9.253642727710896174e-03 4.170359435468967146e-01 9.519472517950941862e-03 2.395798398076258162e-01 5.314648081444713901e-01
1.027500000000000000e+03 4.091571162392297900e-01 6.001666892343474405e-03 -8.752868380589607158e-03 4.175525078753068997e-01 9.247211198749282629e-03 2.271590779701189999e-01 5.269343510423277754e-01
1.035000000000000000e+03 4.115856974672709168e-01 3.307580610170399085e-03 -8.295922084395281407e-03 4.167017333956933856e-01 8.975097622859569066e-03 2.144834791123111928e-01 5.213854549876377753e-01
1.042500000000000000e+03 4.127900345176855335e-01 5.866148361799142143e-04 -7.784655432501788423e-03 4.146881142221854333e-01 8.686354228792148718e-03 2.015899936683485660e-01 5.145340712041097664e-01
1.050000000000000000e+03 4.126699889558665402e-01 -2.255165646894895237e-03 -7.317277177575771431e-03 4.119197533337684569e-01 8.409346338496282922e-03 1.885051341784246270e-01 5.065474382340298121e-01
1.057500000000000000e+03 4.114431563505901446e-01 -5.027746347440658313e-03 -6.791026753838394839e-03 4.081208446403867818e-01 8.131945388870600450e-03 1.751539259010317096e-01 4.973589634460043318e-01
1.065000000000000000e+03 4.092706136720054566e-01 -7.135334360841131401e-03 -6.282448913915423747e-03 4.029900772321490798e-01 7.850165493265703551e-03 1.615760477942791984e-01 4.869183693492168397e-01
1.072500000000000000e+03 4.055196348967827213e-01 -9.504837491174795636e-03 -5.768299542191255604e-03 3.968090959133011020e-01 7.569779920159136824e-03 1.477470907344525519e-01 4.750379107722682015e-01
1.080000000000000000e+03 3.995331751775781370e-01 -1.150865496272871803e-02 -5.262280921351612448e-03 3.892709695486459842e-01 7.272393541297736061e-03 1.337382599916114023e-01 4.612712023589177757e-01
1.087500000000000000e+03 3.915767962955056247e-01 -1.370518055407070508e-02 -4.762870778335598874e-03 3.796501853070053945e-01 6.946994288475470680e-03 1.196918836141892539e-01 4.454594326083501366e-01
1.095000000000000000e+03 3.804300118025031319e-01 -1.588338620996276179e-02 -4.215010067442512449e-03 3.680368648727512237e-01 6.613315527027398971e-03 1.057122483981378785e-01 4.270895625366961101e-01
1.102500000000000000e+03 3.657236392555573423e-01 -1.775941668043183250e-02 -3.748012955228791684e-03 3.539154059049840484e-01 6.215957413724299864e-03 9.183831155767964438e-02 4.057386783591105384e-01
1.110000000000000000e+03 3.473632691652692173e-01 -1.941138087857186695e-02 -3.168795066134068132e-03 3.373397535676597170e-01 5.853767495697756451e-03 7.844783226526502729e-02 3.815754274990970085e-01
1.117500000000000000e+03 3.241400024914329880e-01 -1.934012134493295551e-02 -2.661896639992360290e-03 3.184407019643945014e-01 5.333100567965779783e-03 6.594656688828343105e-02 3.542636356720554325e-01
1.125000000000000000e+03 2.954520150727220629e-01 -1.637997302726838453e-02 -2.180135481269440244e-03 2.971554688124675159e-01 4.798852341286935497e-03 5.473822262383555570e-02 3.236728532545125603e-01
1.132500000000000000e+03 2.620175509360113675e-01 -1.231992654696799187e-02 -1.650470547734844045e-03 2.744729679703692415e-01 4.105682484168009759e-03 4.538376659743426078e-02 2.909371427519074627e-01
1.140000000000000000e+03 2.231005556972377735e-01 -8.316155524529130622e-03 -1.151835718987851819e-03 2.490396268816496006e-01 3.343845754806298864e-03 3.839404444681387280e-02 2.552671135128505853e-01
1.147500000000000000e+03 1.798750781784215491e-01 -5.339381750315492711e-03 -7.705129347201208553e-04 2.202161851027409634e-01 2.372294243590778676e-03 3.405825645280706471e-02 2.170747598669847955e-01
1.155000000000000000e+03 1.382243415237566775e-01 -2.972996252939603609e-03 -5.107778488870823915e-04 1.871990654758541872e-01 1.425637813803572705e-03 3.213845000725975426e-02 1.787809285034352991e-01
1.162500000000000000e+03 1.052768707153274863e-01 -3.029652236943092616e-03 -3.350240198685197081e-04 1.497109038248333468e-01 6.577645664490208537e-04 3.177706257485907182e-02 1.433824185575099663e-01
1.170000000000000000e+03 7.987507233149486463e-02 -4.963595267765527098e-03 -2.102675930618453856e-04 1.098793571423665322e-01 2.317847882094078874e-04 3.170491705463303334e-02 1.107296732642472081e-01
1.177500000000000000e+03 5.871406401210185755e-02 -6.476011740822362056e-03 -7.904534994289966286e-05 7.337414894152050060e-02 -3.179842851585617722e-05 3.101573867880165133e-02 8.155197581621199954e-02
1.185000000000000000e+03 4.071892934654849222e-02 -6.186267577692060489e-03 1.361386444553776543e-06 4.515541766832408682e-02 -1.959596224815099126e-04 2.927629468573397786e-02 5.757532085030327845e-02
1.192500000000000000e+03 2.697797961586580889e-02 -4.217912413715502705e-03 5.538177922088137944e-05 2.706105371398923043e-02 -2.268814396553524195e-04 2.661455441795986324e-02 4.032679387390745301e-02
1.200000000000000000e+03 1.780975702358762389e-02 -1.697440096593847434e-03 6.430501438315683099e-05 1.797125032209221859e-02 -2.041219293638022575e-04 2.338007459132161736e-02 2.958054096850072992e-02
1.207500000000000000e+03 1.234728099426240198e-02 9.771252849492695499e-05 5.360488856184704329e-05 1.423041056819626324e-02 -1.469013012921060459e-04 2.001594488637031127e-02 2.329681822441448738e-02
1.215000000000000000e+03 9.321480849054637405e-03 7.870075279224520055e-04 3.773740513272227953e-05 1.226545487608706603e-02 -8.723144281116934314e-05 1.686567848412542925e-02 1.922630710463356721e-02
1.222500000000000000e+03 7.589049937581323832e-03 7.269178557038080430e-04 2.638319587624383193e-05 1.041803988864545977e-02 -4.931358135180592195e-05 1.412627999863223273e-02 1.606668491242950816e-02
1.230000000000000000e+03 6.459753345740518182e-03 4.319067628117778494e-04 1.786812126071055446e-05 8.506279942437867600e-03 -2.760998722409214041e-05 1.187213401068924583e-02 1.341908364943381581e-02
1.237500000000000000e+03 5.625617624877383635e-03 2.001268472828901036e-04 1.426367180534171555e-05 6.870312299604566797e-03 -2.377568197958372515e-05 1.006289699271707000e-02 1.127941345859951108e-02
1.245000000000000000e+03 4.967925864360615840e-03 9.162307667472413292e-05 1.078017182804536329e-05 5.686681594112802211e-03 -2.132981094859698947e-05 8.630996216729894602e-03 9.642801837601657627e-03
1.252500000000000000e+03 4.431411885359021890e-03 6.247436858977150947e-05 9.962516560310477224e-06 4.895610213367296813e-03 -2.172117915643415845e-05 7.480147545324242718e-03 8.403584822025281578e-03
1.260000000000000000e+03 3.987032566667541612e-03 6.424924891012385010e-05 7.746983185006255335e-06 4.341818977092383458e-03 -1.987204478868372321e-05 6.555694202932685344e-03 7.442272873346304773e-03
1.267500000000000000e+03 3.612345905144843071e-03 7.145745119738888948e-05 7.035771586008929096e-06 3.917601340100625336e-03 -1.999197244783780948e-05 5.792691630620899236e-03 6.661319437933183388e-03
1.275000000000000000e+03 3.292659103352319188e-03 7.606092582506685255e-05 5.546577413641431461e-06 3.557923602056767883e-03 -1.871382660438204471e-05 5.170331435301042840e-03 6.010457070355064955e-03
1.282500000000000000e+03 3.015435322652651462e-03 7.596347997457008954e-05 4.885349615777481094e-06 3.242313505406448602e-03 -1.928989078407959419e-05 4.645852577328166838e-03 5.451800702693633885e-03
1.290000000000000000e+03 2.774050105946368992e-03 7.520268748645264308e-05 4.217366839446688059e-06 2.961423396639581342e-03 -1.823122863811819239e-05 4.215586537156343176e-03 4.975530019871146972e-03
1.297500000000000000e+03 2.562094691189931682e-03 7.329230123437735619e-05 3.851529416777424069e-06 2.714844544039102942e-03 -1.843319065021496652e-05 3.846739187314923182e-03 4.561839211271978903e-03
1.305000000000000000e+03 2.374827682868026375e-03 7.402482323094172994e-05 3.789210511995168192e-06 2.498697021785011105e-03 -1.769279598414492233e-05 3.544263190741009546e-03 4.208893947697023297e-03
1.312500000000000000e+03 2.208850923721380251e-03 7.339068835002971359e-05 3.577063440021108447e-06 2.306692483538539881e-03 -1.753579799093550427e-05 3.280639211477647584e-03 3.898091309368784292e-03
1.320000000000000000e+03 2.060010424654662702e-03 7.527479009418591564e-05 3.792734794600010533e-06 2.139251996263566435e-03 -1.748684997513570371e-05 3.065788649897997677e-03 3.632525535408113841e-03
1.327500000000000000e+03 1.927000536130936631e-03 7.511879813867982996e-05 3.602474049223718356e-06 1.985339296248599464e-03 -1.684051780724530483e-05 2.875107348045234136e-03 3.393723590212385007e-03
1.335000000000000000e+03 1.806248257916245317e-03 7.670526664253296892e-05 3.940534318354736533e-06 1.853341554293791741e-03 -1.753548734152940639e-05 2.721621227547377665e-03 3.190605519878707361e-03
1.342500000000000000e+03 1.698002300344703206e-03 7.643544311676597292e-05 3.620891820329225088e-06 1.727210134384651267e-03 -1.641122359216379216e-05 2.582373873139278547e-03 3.003793153934316510e-03
1.350000000000000000e+03 1.598621526912223211e-03 7.775005437864868476e-05 4.132312475401778069e-06 1.622066970241923395e-03 -1.750757226619897722e-05 2.472477424484258775e-03 2.846582960819202691e-03
1.357500000000000000e+03 1.509259853096112190e-03 7.607605085121659698e-05 3.510461041713482659e-06 1.517138514074074882e-03 -1.629892683216896428e-05 2.369996121807084032e-03 2.698197244488635335e-03
1.365000000000000000e+03 1.426557468031929574e-03 7.757764506605191771e-05 4.356599937170062210e-06 1.432563268835423302e-03 -1.712268296065413856e-05 2.291367598135912211e-03 2.575244167501632327e-03
1.372500000000000000e+03 1.351274513677038804e-03 7.341257690137670765e-05 3.351385130910993104e-06 1.344842853766976126e-03 -1.641723143920452747e-05 2.215459531129676616e-03 2.455788449286845990e-03
1.380000000000000000e+03 1.282034251224065027e-03 7.520335376306297003e-05 4.646964534698334650e-06 1.276209604110421780e-03 -1.646544103601470802e-05 2.159385456203049940e-03 2.358814655768768156e-03
1.387500000000000000e+03 1.217331012994736028e-03 6.886761959221709473e-05 3.240258690215372941e-06 1.202236487933938669e-03 -1.659177137613186486e-05 2.102845656649354137e-03 2.261206578789014092e-03
1.395000000000000000e+03 1.159132376340710983e-03 7.018797313311919554e-05 4.984583211101703959e-06 1.146292101819642271e-03 -1.572917013262751056e-05 2.063066100604975858e-03 2.184245289382664556e-03
1.402500000000000000e+03 1.103108849078587167e-03 6.266131006857600079e-05 3.198020161059132952e-06 1.083717311393489653e-03 -1.682522841965633379e-05 2.020629152809422149e-03 2.103727656640749268e-03
1.410000000000000000e+03 1.054007796898356582e-03 6.277831800710265337e-05 5.275257720348460955e-06 1.037864784502682321e-03 -1.503163517098128904e-05 1.992660112263007748e-03 2.042266346832023217e-03
1.417500000000000000e+03 1.005854975089274118e-03 5.505415762424315109e-05 3.169400740857356402e-06 9.854569322756451429e-04 -1.714331430190706634e-05 1.960356746763539364e-03 1.975834327064229096e-03
1.425000000000000000e+03 9.643618455325198187e-04 5.344755035083759381e-05 5.438139662715383442e-06 9.475725036373176553e-04 -1.448761194133563936e-05 1.940937593732838286e-03 1.926435971451337988e-03
1.432500000000000000e+03 9.235103273331941864e-04 4.613647003657383820e-05 3.112239557787549061e-06 9.043106124828383932e-04 -1.743329972552628293e-05 1.915751723327836038e-03 1.871786331571934255e-03
1.440000000000000000e+03 8.889421835290876395e-04 4.322042636534062607e-05 5.405635910621534562e-06 8.730292247780235522e-04 -1.413422901515724662e-05 1.902462589490104897e-03 1.832216998898608153e-03
1.447500000000000000e+03 8.546802873425555884e-04 3.625240634668092419e-05 2.941907486240589541e-06 8.373424787254198001e-04 -1.766571745063211157e-05 1.882136520677183842e-03 1.787079643372579615e-03
1.455000000000000000e+03 8.264149382294831789e-04 3.273384156222869688e-05 5.163265095785579316e-06 8.115100345873243115e-04 -1.387732708812251326e-05 1.873131952540457420e-03 1.755528462678632509e-03
1.462500000000000000e+03 7.982074729266970406e-04 2.603979969687264539e-05 2.588584095994359599e-06 7.817986343225537911e-04 -1.779203729788514620e-05 1.855981330047285112e-03 1.717993718648267972e-03
1.470000000000000000e+03 7.755111935250660849e-04 2.240327661644991866e-05 4.687419689294947842e-06 7.602258804779982431e-04 -1.369216720924994409e-05 1.849881018776586023e-03 1.692809046389825121e-03
1.477500000000000000e+03 7.526399282791804536e-04 1.601060120843955653e-05 2.076220727794517787e-06 7.348582006704651795e-04 -1.768904489705338010e-05 1.834624709681783369e-03 1.661061419315714447e-03
1.485000000000000000e+03 7.345739981017378444e-04 1.247250437604829888e-05 3.970363551630892746e-06 7.167135234032588923e-04 -1.359683856850403387e-05 1.830405907569627099e-03 1.640846714537311755e-03
1.492500000000000000e+03 7.162644696386402448e-04 6.483026445578410549e-06 1.446774768211922153e-06 6.939110025792336652e-04 -1.731596802534659767e-05 1.816063495681762268e-03 1.613119483949818035e-03
1.500000000000000000e+03 7.016730242061525874e-04 2.981360563675483511e-06 3.050575776425900733e-06 6.788054908369201435e-04 -1.357190637467979398e-05 1.812942747886217261e-03 1.596710631464644996e-03
1.507500000000000000e+03 6.871506005691734725e-04 -2.306502627806406032e-06 7.542829613298096911e-07 6.574406470522226953e-04 -1.673837282539203703e-05 1.798771238559904260e-03 1.571681243090650160e-03
1.515000000000000000e+03 6.748962642205174516e-04 -6.128956413026464978e-06 1.993163500442970259e-06 6.450580033139976252e-04 -1.357376605124594634e-05 1.796109425308372665e-03 1.558031846421443871e-03
1.522500000000000000e+03 6.635061296180646672e-04 -1.032593072906307143e-05 4.938408361462962306e-08 6.245567822230206926e-04 -1.599006067776168844e-05 1.781547571739232208e-03 1.534805241790158838e-03
1.530000000000000000e+03 6.528345815575677591e-04 -1.463712999091493254e-05 8.700833392581203291e-07 6.150568582310116496e-04 -1.359815152894881669e-05 1.778810926423815943e-03 1.523351183106197784e-03
1.537500000000000000e+03 6.440612976034402895e-04 -1.752606454953520269e-05 -6.365042769047886449e-07 5.951074432720559896e-04 -1.514419849232354777e-05 1.763425609089813847e-03 1.501297174982655063e-03
1.545000000000000000e+03 6.346037884766034210e-04 -2.218586926108923136e-05 -2.439188356786674000e-07 5.886925999205185707e-04 -1.356371515075235197e-05 1.760175832731100763e-03 1.491736110564111269e-03
1.552500000000000000e+03 6.280998124630006495e-04 -2.371188874305252395e-05 -1.286839689478011805e-06 5.694315347111364965e-04 -1.426676157653394828e-05 1.743633918928956007e-03 1.470582633051546522e-03
1.560000000000000000e+03 6.197905348055075510e-04 -2.834430975015855847e-05 -1.290365172628457408e-06 5.659989496479767490e-04 -1.341675581815368105e-05 1.739509367989090999e-03 1.462649426221287758e-03
1.567500000000000000e+03 6.152956232417819372e-04 -2.859159772699238083e-05 -1.872864146480584744e-06 5.479776150227913230e-04 -1.339169410829521327e-05 1.721586064419752078e-03 1.442429651342162777e-03
1.575000000000000000e+03 6.082485159502724502e-04 -3.282364826507100543e-05 -2.236917217539391651e-06 5.469873249739381398e-04 -1.306715230482552064e-05 1.716280334917429009e-03 1.435758087920819799e-03
1.582500000000000000e+03 6.056548300103208483e-04 -3.191841225175772996e-05 -2.379853204910938560e-06 5.309487982331866345e-04 -1.256418565894361099e-05 1.696830902593325467e-03 1.416717265418416475e-03
1.590000000000000000e+03 5.999270050308433541e-04 -3.543796473467608344e-05 -3.044364928541584675e-06 5.317787416757342863e-04 -1.249787729266091653e-05 1.690095047848385159e-03 1.410900397277481400e-03
1.597500000000000000e+03 5.991948904438282059e-04 -3.358211149341805223e-05 -2.763264316145187821e-06 5.182564162583194051e-04 -1.169406500494056326e-05 1.669059249221449548e-03 1.393255277961798471e-03
1.605000000000000000e+03 5.948934410923442748e-04 -3.626010868046547389e-05 -3.701522733438128039e-06 5.205932307478447355e-04 -1.177123951779058174e-05 1.660659552633195592e-03 1.388073112236692247e-03
1.612500000000000000e+03 5.958956319670876420e-04 -3.371848838191082476e-05 -2.994323130519776381e-06 5.097782110811932251e-04 -1.072137113704305741e-05 1.638043732879994807e-03 1.371858787964137837e-03
1.620000000000000000e+03 5.931944537672854782e-04 -3.543551222595109644e-05 -4.197724678007934587e-06 5.135364168190434571e-04 -1.094244877279452955e-05 1.627766147157223581e-03 1.367248508871776258e-03
1.627500000000000000e+03 5.957857073851857352e-04 -3.255419425111360783e-05 -3.056565178755800072e-06 5.054043001390145411e-04 -9.640650134635164208e-06 1.603589885952270413e-03 1.352389946738235399e-03
1.635000000000000000e+03 5.950071672085721197e-04 -3.314386164873717384e-05 -4.516087532039839278e-06 5.108167835474360097e-04 -1.003390877920991716e-05 1.591249333519336373e-03 1.348536642137672251e-03
1.642500000000000000e+03 5.990361259278289847e-04 -3.038411080638514397e-05 -2.967547304098480320e-06 5.051899573821225448e-04 -8.526426686790977829e-06 1.565506199723327866e-03 1.334866141516639643e-03
1.650000000000000000e+03 6.005948444904962800e-04 -2.956837760451547139e-05 -4.671582295376687543e-06 5.124037634888702498e-04 -9.068002956471525844e-06 1.550955022865784048e-03 1.331976815422575289e-03
1.657500000000000000e+03 6.061552008385468968e-04 -2.720953899513922788e-05 -2.765180213117514725e-06 5.096645766621330344e-04 -7.425136743632770298e-06 1.523606034248550876e-03 1.319712905874615349e-03
1.665000000000000000e+03 6.103408305615545511e-04 -2.513345273893019579e-05 -4.712235017759238655e-06 5.185240102036568462e-04 -8.119806525473949254e-06 1.506721753082460686e-03 1.317793296923836042e-03
1.672500000000000000e+03 6.177978989696937236e-04 -2.314231314675296692e-05 -2.495948499447915642e-06 5.190495035248225827e-04 -6.415063887253032217e-06 1.477707562483641240e-03 1.307277482489078773e-03
1.680000000000000000e+03 6.248954581344760882e-04 -1.997077397079616152e-05 -4.737515051373874865e-06 5.296113538167634667e-04 -7.184762495193198283e-06 1.458394036577316706e-03 1.306450424264278022e-03
1.687500000000000000e+03 6.346293837948904521e-04 -1.832377779803806729e-05 -2.202508640586498408e-06 5.333420271692013680e-04 -5.555486261963850260e-06 1.427644833937855668e-03 1.297808122450973744e-03
1.695000000000000000e+03 6.449405869380009024e-04 -1.429294992603491474e-05 -4.828319796526437145e-06 5.461650649537430537e-04 -6.340403967725446438e-06 1.405840241469372707e-03 1.298472946680558331e-03
1.702500000000000000e+03 6.572902222305407631e-04 -1.298108961582267167e-05 -1.952366651133103161e-06 5.526779938525309879e-04 -4.807244035026100550e-06 1.373282284707380259e-03 1.291625250395226059e-03
1.710000000000000000e+03 6.711903191911203692e-04 -8.182188216200536547e-06 -5.026479533238869480e-06 5.682787512918636508e-04 -5.660019392245161888e-06 1.348942840065464567e-03 1.294205955274224402e-03
1.717500000000000000e+03 6.864448561428888179e-04 -7.223647384089648811e-06 -1.803149891661400566e-06 5.773301777921755439e-04 -4.165770630593764559e-06 1.314536017327157767e-03 1.289155525631111065e-03
1.725000000000000000e+03 7.042588404341056964e-04 -1.789679624079720817e-06 -5.330732735408852114e-06 5.958627916161996288e-04 -5.125534923506763761e-06 1.287614707127601558e-03 1.293868169588953442e-03
1.732500000000000000e+03 7.227850621571763100e-04 -1.072587098684074720e-06 -1.791483336496496015e-06 6.075405101506943127e-04 -3.672012814914271118e-06 1.251365069009959365e-03 1.290845320658914885e-03
1.740000000000000000e+03 7.448143686850317241e-04 4.762310928331015351e-06 -5.735512732059855156e-06 6.288300730562816545e-04 -4.707877636448240560e-06 1.221819209338752569e-03 1.297731825540032920e-03
1.747500000000000000e+03 7.669802958666181031e-04 5.422377724768168292e-06 -1.871202211619627948e-06 6.433199700202978620e-04 -3.265264678851397159e-06 1.183789829862712164e-03 1.297045047874814064e-03
1.755000000000000000e+03 7.935350828645542460e-04 1.136200846827284332e-05 -6.230323673033657797e-06 6.674692933637107811e-04 -4.410378806368963886e-06 1.151591725071128992e-03 1.306298050649697118e-03
1.762500000000000000e+03 8.196097798501806404e-04 1.208262105745738825e-05 -2.049144615903778811e-06 6.847929749991346366e-04 -2.946434793691984595e-06 1.111900364044108528e-03 1.308151559446711848e-03
1.770000000000000000e+03 8.509956472433181929e-04 1.801754426747637094e-05 -6.732158240798857764e-06 7.117951057779530041e-04 -4.132814251062909748e-06 1.077034159699207135e-03 1.319912456360239220e-03
1.777500000000000000e+03 8.813292953332356548e-04 1.880012269323261118e-05 -2.301183173181314111e-06 7.321206261421835159e-04 -2.701612745884380391e-06 1.035857621555920502e-03 1.324653771515669782e-03
1.785000000000000000e+03 9.176327863997975343e-04 2.455826940392658042e-05 -7.222226154662897167e-06 7.620263167311138418e-04 -3.890551282336861356e-06 9.983808211021570709e-04 1.339019962116534332e-03
1.792500000000000000e+03 9.524317637226404698e-04 2.554084351378849035e-05 -2.594386372755802629e-06 7.853619097153358760e-04 -2.499324409356592687e-06 9.559236894882583869e-04 1.346858681463117529e-03
1.800000000000000000e+03 9.936051516412792300e-04 3.075320298731787420e-05 -7.685419466263873026e-06 8.182580198115792279e-04 -3.682658383703293395e-06 9.159699788017692211e-04 1.363916575127313785e-03
1.807500000000000000e+03 1.033081364569810902e-03 3.224661883969881401e-05 -2.863088489313166949e-06 8.439925662081462386e-04 -2.317411517574485056e-06 8.724878726801434505e-04 1.374780901729050295e-03
1.815000000000000000e+03 1.078756169678513370e-03 3.677374984702508408e-05 -8.105736120522726804e-06 8.804106105557023320e-04 -3.498547851020536404e-06 8.302907754522133137e-04 1.394728777843214562e-03
1.822500000000000000e+03 1.122840594456513911e-03 3.860949623660303381e-05 -3.084120881145223035e-06 9.079028733669076935e-04 -2.186499009911625406e-06 7.860820467608353431e-04 1.408412757292128474e-03
1.830000000000000000e+03 1.172695776594936869e-03 4.270652165498134455e-05 -8.456569937755744140e-06 9.476856444374153008e-04 -3.337455579271506385e-06 7.419914560796080040e-04 1.431186438555980250e-03
1.837500000000000000e+03 1.220889158381102462e-03 4.451096203911175713e-05 -3.238496648502817510e-06 9.767973794428668356e-04 -2.074273619262238334e-06 6.974067863765308654e-04 1.447546662100250136e-03
1.845000000000000000e+03 1.274552117659391538e-03 4.852731150666356094e-05 -8.716114386525078856e-06 1.019461795764614728e-03 -3.211758567486185104e-06 6.518874370236726499e-04 1.472950675223839512e-03
1.852500000000000000e+03 1.326244606208027213e-03 5.009130468873612690e-05 -3.309305061864739174e-06 1.050059489295274541e-03 -1.951962887006513108e-06 6.073335379300630636e-04 1.491818816716682355e-03
1.860000000000000000e+03 1.383051643987176027e-03 5.411535106025944133e-05 -8.868561434693851022e-06 1.095512725328105395e-03 -3.105716556891781797e-06 5.609794617819038095e-04 1.519771915548592724e-03
1.867500000000000000e+03 1.437596520150170518e-03 5.525806566057900283e-05 -3.287959174227568144e-06 1.127089689546731518e-03 -1.783911833284797487e-06 5.169214514604743033e-04 1.540803830578688170e-03
1.875000000000000000e+03 1.496749065621917531e-03 5.951958847459826494e-05 -8.901785146883562256e-06 1.175391950221070037e-03 -2.984064536688572608e-06 4.704477068934624705e-04 1.571294361368225046e-03
1.882500000000000000e+03 1.553360506340773720e-03 5.994849525377121674e-05 -3.166253191403400077e-06 1.207488408117574075e-03 -1.544846030780568513e-06 4.274445614391890534e-04 1.594146737948768343e-03
1.890000000000000000e+03 1.613858386469605149e-03 6.469828633759000091e-05 -8.801142422684114040e-06 1.258503088885515927e-03 -2.820346075741839372e-06 3.817025445527178992e-04 1.627032009953919460e-03
1.897500000000000000e+03 1.671561761012557018e-03 6.412139866004995005e-05 -2.934214823723440557e-06 1.290645720095392589e-03 -1.211974584142599186e-06 3.404387989186775606e-04 1.651323140013313557e-03
1.905000000000000000e+03 1.732024376939568511e-03 6.960775460614199010e-05 -8.543296230920968857e-06 1.343823716803262429e-03 -2.602983401109258073e-06 2.964568059954094206e-04 1.686152449869120261e-03
1.912500000000000000e+03 1.789486895485912273e-03 6.773750299792657319e-05 -2.577453406900672217e-06 1.375274331537584176e-03 -7.883362364714697433e-07 2.577925029390785278e-04 1.711276864981287624e-03
1.920000000000000000e+03 1.847945597451800199e-03 7.420132559337800000e-05 -8.097895672485261339e-06 1.429382186065561488e-03 -2.338485848830342637e-06 2.168194755875319879e-04 1.747073629552446878e-03
1.927500000000000000e+03 1.903262867720849133e-03 7.077829389931045243e-05 -2.076304150932703074e-06 1.458910965225904957e-03 -3.084652565522689808e-07 1.818360817104412545e-04 1.772004957328597672e-03
1.935000000000000000e+03 1.956988001451053470e-03 7.841829493142293253e-05 -7.436817379760824620e-06 1.511769322661415862e-03 -2.050592585357323391e-06 1.453602263589570003e-04 1.807058775235713139e-03
1.942500000000000000e+03 2.007540999445483337e-03 7.324125210999276605e-05 -1.409485234699104387e-06 1.537504678254885283e-03 1.687267091456160570e-07 1.153609872686468872e-04 1.830203332484507672e-03
1.950000000000000000e+03 2.053076950468097923e-03 8.216283958991343862e-05 -6.550059356371520221e-06 1.585951050638159188e-03 -1.771065103349408939e-06 8.505957369705417727e-05 1.862043787401655671e-03
1.957500000000000000e+03 2.095670779653841919e-03 7.511643782714293909e-05 -5.607245383154749380e-07 1.605473051166590986e-03 5.820144303574581055e-07 6.147976094409661875e-05 1.881311795882264701e-03
1.965000000000000000e+03 2.129255856707637160e-03 8.528378696377148199e-05 -5.466077868083814581e-06 1.645712087743587048e-03 -1.525945401704270542e-06 3.906519825086185959e-05 1.907016571351043176e-03
1.972500000000000000e+03 2.160517187531219106e-03 7.635674171659223737e-05 4.782209802743099373e-07 1.656381573918218461e-03 8.978362169403471620e-07 2.327636077772614012e-05 1.920087561113581823e-03
1.980000000000000000e+03 2.178450905594319330e-03 8.758684741410461107e-05 -4.261027110196868064e-06 1.684491814557638554e-03 -1.323738722817343797e-06 1.024815436965132805e-05 1.936595437260804544e-03
1.987500000000000000e+03 2.194898573031262880e-03 7.695032002892165761e-05 1.700781774870983270e-06 1.683630254607744589e-03 1.104147945690071503e-06 3.298842810396905815e-06 1.940913835224702391e-03
1.995000000000000000e+03 2.194580246724692988e-03 8.903842584084875925e-05 -3.058974622083339054e-06 1.696822351159329220e-03 -1.105501279181217749e-06 6.536694379340089095e-07 1.946028133660978156e-03
