# Xi, RijLong, Xi, RijLat
0.000000000000000000e+00 1.000000000000000000e+00 0.000000000000000000e+00 1.000000000000000000e+00
3.535533905932737753e+01 8.382331760438020973e-01 3.535533905932737753e+01 5.085441264930952165e-01
7.071067811865475505e+01 6.407177223850124559e-01 7.071067811865475505e+01 4.035081183180309061e-01
1.060660171779821326e+02 5.282753533353425901e-01 1.060660171779821326e+02 3.668172444801578447e-01
1.414213562373095101e+02 4.517486036789448711e-01 1.414213562373095101e+02 3.361319733192347226e-01
1.767766952966368876e+02 3.945009092491231217e-01 1.767766952966368876e+02 3.175224819696849110e-01
2.121320343559642652e+02 3.458294711409191091e-01 2.121320343559642652e+02 3.003276280181895741e-01
2.474873734152916427e+02 3.079035837413757193e-01 2.474873734152916427e+02 2.819370880073708285e-01
2.828427124746190202e+02 2.719327636390272418e-01 2.828427124746190202e+02 2.569368480519374498e-01
3.181980515339463977e+02 2.403683964761543501e-01 3.181980515339463977e+02 2.356387063878102039e-01
3.535533905932737753e+02 2.089015155069813279e-01 3.535533905932737753e+02 2.257133091576568329e-01
3.889087296526011528e+02 1.814000613585825261e-01 3.889087296526011528e+02 2.182509676279150712e-01
4.242640687119285303e+02 1.531545948438555182e-01 4.242640687119285303e+02 2.025585100456323562e-01
4.596194077712559078e+02 1.266230541114907460e-01 4.596194077712559078e+02 1.871878882337392469e-01
4.949747468305832854e+02 1.022132291686277811e-01 4.949747468305832854e+02 1.695474463512347540e-01
5.303300858899106061e+02 8.019959341498446304e-02 5.303300858899106061e+02 1.557557973611215230e-01
5.656854249492380404e+02 6.169948603603399306e-02 5.656854249492380404e+02 1.480694365865090900e-01
6.010407640085653611e+02 4.472257540761075123e-02 6.010407640085653611e+02 1.421331946843599203e-01
6.363961030678927955e+02 2.984078959621782462e-02 6.363961030678927955e+02 1.295477237936054071e-01
6.717514421272201162e+02 1.644984066678551946e-02 6.717514421272201162e+02 1.338184178739666164e-01
7.071067811865475505e+02 2.729836704299565958e-03 7.071067811865475505e+02 1.233495706408850312e-01
7.424621202458748712e+02 -8.703197302611043185e-03 7.424621202458748712e+02 1.113257542620815915e-01
7.778174593052023056e+02 -1.805795702117911003e-02 7.778174593052023056e+02 1.008724910196846652e-01
8.131727983645296263e+02 -2.892296627661791394e-02 8.131727983645296263e+02 9.070600719660691647e-02
8.485281374238570606e+02 -3.915531429913290951e-02 8.485281374238570606e+02 8.210494277504401528e-02
8.838834764831843813e+02 -4.839570888410620747e-02 8.838834764831843813e+02 7.165261748021328758e-02
9.192388155425118157e+02 -5.527773215475900032e-02 9.192388155425118157e+02 6.892664299769354908e-02
9.545941546018391364e+02 -6.109862807829336689e-02 9.545941546018391364e+02 6.113133570280732121e-02
9.899494936611665707e+02 -6.532531610601725880e-02 9.899494936611665707e+02 5.064918144874618056e-02
1.025304832720494005e+03 -7.144995318485414248e-02 1.025304832720494005e+03 4.302011592394323902e-02
1.060660171779821212e+03 -7.756473392781247644e-02 1.060660171779821212e+03 3.105350339050322664e-02
1.096015510839148646e+03 -8.236894811167606856e-02 1.096015510839148646e+03 2.585196322654880613e-02
1.131370849898476081e+03 -8.519426899123061503e-02 1.131370849898476081e+03 1.856470990745256663e-02
1.166726188957803515e+03 -8.854568590712116882e-02 1.166726188957803515e+03 2.446328220653917404e-02
1.202081528017130722e+03 -8.992165229709218888e-02 1.202081528017130722e+03 1.338245139162030917e-02
1.237436867076458157e+03 -9.411423497474338817e-02 1.237436867076458157e+03 1.178158801283224304e-02
1.272792206135785591e+03 -9.585355589972398282e-02 1.272792206135785591e+03 5.186013561518221411e-03
1.308147545195113025e+03 -9.720721568429108173e-02 1.308147545195113025e+03 9.024592272521107794e-03
1.343502884254440232e+03 -9.419494646632076140e-02 1.343502884254440232e+03 -2.538937122594924455e-03
1.378858223313767667e+03 -9.196402048342097735e-02 1.378858223313767667e+03 4.533620680146157635e-03
1.414213562373095101e+03 -9.109410955923467890e-02 1.414213562373095101e+03 3.743415247320431866e-03
1.449568901432422535e+03 -9.214777014967083513e-02 1.449568901432422535e+03 -3.309107511141631992e-03
1.484924240491749742e+03 -9.160744689951434705e-02 1.484924240491749742e+03 -8.043018250536104969e-04
1.520279579551077177e+03 -9.382375628930497702e-02 1.520279579551077177e+03 -8.203129921079341247e-03
1.555634918610404611e+03 -9.207061168051511313e-02 1.555634918610404611e+03 -1.319954732509471922e-02
1.590990257669731818e+03 -9.078076501581675006e-02 1.590990257669731818e+03 -1.910370851309222198e-02
1.626345596729059253e+03 -8.792787805567754689e-02 1.626345596729059253e+03 -1.292641949151378429e-02
1.661700935788386687e+03 -8.398710684901587731e-02 1.661700935788386687e+03 -1.420822809589342324e-02
1.697056274847714121e+03 -7.854250169684300065e-02 1.697056274847714121e+03 -2.041103944387694796e-02
1.732411613907041328e+03 -7.310018925914507637e-02 1.732411613907041328e+03 -2.318658183223024430e-02
1.767766952966368763e+03 -6.745783863618354248e-02 1.767766952966368763e+03 -2.600163324981810339e-02
1.803122292025696197e+03 -6.307658671650166748e-02 1.803122292025696197e+03 -2.424320650747815997e-02
1.838477631085023631e+03 -6.053520753515550384e-02 1.838477631085023631e+03 -2.479696420622309883e-02
1.873832970144350838e+03 -5.746462318444138517e-02 1.873832970144350838e+03 -2.483235799770554600e-02
1.909188309203678273e+03 -5.658914730094181250e-02 1.909188309203678273e+03 -1.952377007191276326e-02
1.944543648263005707e+03 -5.211323313851323746e-02 1.944543648263005707e+03 -1.091527731410955361e-02
1.979898987322333141e+03 -4.710235223563939005e-02 1.979898987322333141e+03 -5.387804380191820244e-03
2.015254326381660348e+03 -4.229606939442912689e-02 2.015254326381660348e+03 -1.430708963782635623e-02
2.050609665440988010e+03 -3.677763941244544671e-02 2.050609665440988010e+03 -1.654446956013473982e-02
2.085965004500314990e+03 -3.315988238147063449e-02 2.085965004500314990e+03 -1.590868561322252711e-02
2.121320343559642424e+03 -2.971177583881031911e-02 2.121320343559642424e+03 -1.749482237186267275e-02
2.156675682618969859e+03 -2.542238165990725815e-02 2.156675682618969859e+03 -1.421150476974372516e-02
2.192031021678297293e+03 -1.756525406437429299e-02 2.192031021678297293e+03 -1.428839800016940519e-02
2.227386360737624727e+03 -1.026553392677541712e-02 2.227386360737624727e+03 -8.024855733331847513e-03
2.262741699796952162e+03 -4.336197321862095971e-03 2.262741699796952162e+03 -1.128439093965714901e-02
2.298097038856279596e+03 5.975275655733094720e-04 2.298097038856279596e+03 -1.883146315733142534e-02
2.333452377915607030e+03 4.127570672058768556e-03 2.333452377915607030e+03 -1.649812796697947004e-02
2.368807716974934010e+03 9.578261221224503366e-03 2.368807716974934010e+03 -1.963735961687342046e-02
2.404163056034261444e+03 1.420120796817392686e-02 2.404163056034261444e+03 -1.542285777317890794e-02
2.439518395093588879e+03 1.831531954453951422e-02 2.439518395093588879e+03 -1.186496863897188413e-02
2.474873734152916313e+03 2.099434071129318083e-02 2.474873734152916313e+03 -1.955179053223529348e-02
2.510229073212243748e+03 2.422791931490563683e-02 2.510229073212243748e+03 -2.275822228175209891e-02
2.545584412271571182e+03 3.135322238937039013e-02 2.545584412271571182e+03 -2.307508028104984787e-02
2.580939751330898616e+03 3.710016155551070643e-02 2.580939751330898616e+03 -2.362221104077767697e-02
2.616295090390226051e+03 4.156820895977570568e-02 2.616295090390226051e+03 -2.037619632919061147e-02
2.651650429449553030e+03 4.486532743579561139e-02 2.651650429449553030e+03 -1.170367058761221345e-02
2.687005768508880465e+03 4.863680086507551903e-02 2.687005768508880465e+03 -9.448808062715519790e-03
2.722361107568207899e+03 5.425421417648444017e-02 2.722361107568207899e+03 -1.540672408415475966e-02
2.757716446627535333e+03 5.736873804945298583e-02 2.757716446627535333e+03 -1.861906423416867171e-02
2.793071785686862768e+03 6.065481416722028063e-02 2.793071785686862768e+03 -1.958304876468714914e-02
2.828427124746190202e+03 6.262222020800832512e-02 2.828427124746190202e+03 -1.780602467619513823e-02
2.863782463805517637e+03 6.497128172193324114e-02 2.863782463805517637e+03 -1.434189324446104481e-02
2.899137802864845071e+03 6.492100198740458072e-02 2.899137802864845071e+03 -1.743713012582233726e-02
2.934493141924172050e+03 6.585504905847452961e-02 2.934493141924172050e+03 -2.004631955836008034e-02
2.969848480983499485e+03 6.391379813476903704e-02 2.969848480983499485e+03 -2.322809514772258832e-02
3.005203820042826919e+03 6.312080712143375294e-02 3.005203820042826919e+03 -2.349264005416165646e-02
3.040559159102154354e+03 6.146531521270713616e-02 3.040559159102154354e+03 -2.491910580958051416e-02
3.075914498161481788e+03 6.167365162824524349e-02 3.075914498161481788e+03 -2.527931627707436305e-02
3.111269837220809222e+03 6.301843385719324564e-02 3.111269837220809222e+03 -2.155323059550659157e-02
3.146625176280136657e+03 6.381135906839222049e-02 3.146625176280136657e+03 -1.948686135577088960e-02
3.181980515339463636e+03 6.177452983241520090e-02 3.181980515339463636e+03 -3.289938782282175039e-02
3.217335854398791071e+03 5.935368416877608022e-02 3.217335854398791071e+03 -4.307804366526477718e-02
3.252691193458118505e+03 5.569405544036850481e-02 3.252691193458118505e+03 -5.044940473027614836e-02
3.288046532517445939e+03 5.291804075170514210e-02 3.288046532517445939e+03 -3.495119744011185997e-02
3.323401871576773374e+03 4.884353550710567038e-02 3.323401871576773374e+03 -3.913994616765353179e-02
3.358757210636100808e+03 4.387213024583467430e-02 3.358757210636100808e+03 -4.295072499825929035e-02
3.394112549695428243e+03 3.507037612523671716e-02 3.394112549695428243e+03 -3.346430298323647273e-02
3.429467888754755677e+03 2.734262170811947029e-02 3.429467888754755677e+03 -4.235169168059870620e-02
3.464823227814082657e+03 1.917791859026699366e-02 3.464823227814082657e+03 -4.262028767732768675e-02
3.500178566873410091e+03 1.475171943944311378e-02 3.500178566873410091e+03 -4.035111486395433905e-02
