# z, veer
0.000000000000000000e+00 2.232389583730535207e+02
2.500000000000000000e+00 2.234339162412041446e+02
5.000000000000000000e+00 2.236703606964732103e+02
7.500000000000000000e+00 2.239249089807557027e+02
1.000000000000000000e+01 2.241727878476424394e+02
1.250000000000000000e+01 2.244079965594818589e+02
1.500000000000000000e+01 2.246255352275102553e+02
1.750000000000000000e+01 2.248207731094323947e+02
2.000000000000000000e+01 2.250032803417851142e+02
2.250000000000000000e+01 2.251769333875298571e+02
2.500000000000000000e+01 2.253498693351971554e+02
2.750000000000000000e+01 2.255298689143845365e+02
3.000000000000000000e+01 2.257064897590005614e+02
3.250000000000000000e+01 2.258873753604363230e+02
3.500000000000000000e+01 2.260756936409983950e+02
3.750000000000000000e+01 2.262658645690161450e+02
4.000000000000000000e+01 2.264598822314186179e+02
4.250000000000000000e+01 2.266608036042732977e+02
4.500000000000000000e+01 2.268672272864797606e+02
4.750000000000000000e+01 2.270765104286847702e+02
5.000000000000000000e+01 2.272861234290954826e+02
5.250000000000000000e+01 2.274968442092850580e+02
5.500000000000000000e+01 2.277105429348200971e+02
5.750000000000000000e+01 2.279280206039162806e+02
6.000000000000000000e+01 2.281476359568559644e+02
6.250000000000000000e+01 2.283671075270019628e+02
6.500000000000000000e+01 2.285880470021610051e+02
6.750000000000000000e+01 2.288106414140362403e+02
7.000000000000000000e+01 2.290344893669047792e+02
7.250000000000000000e+01 2.292591788780271713e+02
7.500000000000000000e+01 2.294846528472382943e+02
7.750000000000000000e+01 2.297082263571664384e+02
8.000000000000000000e+01 2.299282887634047938e+02
8.250000000000000000e+01 2.301455647148951016e+02
8.500000000000000000e+01 2.303624981937082623e+02
8.750000000000000000e+01 2.305806120914569135e+02
9.000000000000000000e+01 2.307962722700350184e+02
9.250000000000000000e+01 2.310074412260836425e+02
9.500000000000000000e+01 2.312163292143904982e+02
9.750000000000000000e+01 2.314219981410356013e+02
1.000000000000000000e+02 2.316260130867592579e+02
1.025000000000000000e+02 2.318318522830914503e+02
1.050000000000000000e+02 2.320371814920985685e+02
1.075000000000000000e+02 2.322407603844533526e+02
1.100000000000000000e+02 2.324405174596963093e+02
1.125000000000000000e+02 2.326354153352526453e+02
1.150000000000000000e+02 2.328259953611859316e+02
1.175000000000000000e+02 2.330156907565501285e+02
1.200000000000000000e+02 2.332058271413458783e+02
1.225000000000000000e+02 2.333934708046096489e+02
1.250000000000000000e+02 2.335787197672072750e+02
1.275000000000000000e+02 2.337611786559658071e+02
1.300000000000000000e+02 2.339397124645335566e+02
1.325000000000000000e+02 2.341165305522874860e+02
1.350000000000000000e+02 2.342925799649712815e+02
1.375000000000000000e+02 2.344634552410993820e+02
1.400000000000000000e+02 2.346297932476820733e+02
1.425000000000000000e+02 2.347913737036519706e+02
1.450000000000000000e+02 2.349466687148700714e+02
1.475000000000000000e+02 2.350958585368756530e+02
1.500000000000000000e+02 2.352418948020774110e+02
1.525000000000000000e+02 2.353897072191830659e+02
1.550000000000000000e+02 2.355372788714537649e+02
1.575000000000000000e+02 2.356848886395279692e+02
1.600000000000000000e+02 2.358283591952869358e+02
1.625000000000000000e+02 2.359688349659272717e+02
1.650000000000000000e+02 2.361095458039347363e+02
1.675000000000000000e+02 2.362513412912913680e+02
1.700000000000000000e+02 2.363935142114680161e+02
1.725000000000000000e+02 2.365332165634841033e+02
1.750000000000000000e+02 2.366703511858804347e+02
1.775000000000000000e+02 2.368028775073867109e+02
1.800000000000000000e+02 2.369298571652947771e+02
1.825000000000000000e+02 2.370516180726627056e+02
1.850000000000000000e+02 2.371701051504317093e+02
1.875000000000000000e+02 2.372875120320770748e+02
1.900000000000000000e+02 2.374040768679179507e+02
1.925000000000000000e+02 2.375201485570210878e+02
1.950000000000000000e+02 2.376361892891740411e+02
1.975000000000000000e+02 2.377511736775296640e+02
2.000000000000000000e+02 2.378650121005520077e+02
2.025000000000000000e+02 2.379776780398868539e+02
2.050000000000000000e+02 2.380885710787362655e+02
2.075000000000000000e+02 2.381976203933051011e+02
2.100000000000000000e+02 2.383041226765483884e+02
2.125000000000000000e+02 2.384087270957127771e+02
2.150000000000000000e+02 2.385111955047615311e+02
2.175000000000000000e+02 2.386112400820571224e+02
2.200000000000000000e+02 2.387082940795015134e+02
2.225000000000000000e+02 2.388010178374449026e+02
2.250000000000000000e+02 2.388899245840282788e+02
2.275000000000000000e+02 2.389751896844526300e+02
2.300000000000000000e+02 2.390587412436409522e+02
2.325000000000000000e+02 2.391413858372072809e+02
2.350000000000000000e+02 2.392235131703023683e+02
2.375000000000000000e+02 2.393059978348375694e+02
2.400000000000000000e+02 2.393890402659529855e+02
2.425000000000000000e+02 2.394713319938849168e+02
2.450000000000000000e+02 2.395526998427885701e+02
2.475000000000000000e+02 2.396325810693393805e+02
2.500000000000000000e+02 2.397093389762505922e+02
2.525000000000000000e+02 2.397826672563436432e+02
2.550000000000000000e+02 2.398522955660637876e+02
2.575000000000000000e+02 2.399198503186542837e+02
2.600000000000000000e+02 2.399861247579232781e+02
2.625000000000000000e+02 2.400511208327284010e+02
2.650000000000000000e+02 2.401151233665553661e+02
2.675000000000000000e+02 2.401774849226403319e+02
2.700000000000000000e+02 2.402379310776422869e+02
2.725000000000000000e+02 2.402976701199825413e+02
2.750000000000000000e+02 2.403569198309641024e+02
2.775000000000000000e+02 2.404159752402863148e+02
2.800000000000000000e+02 2.404739279206265792e+02
2.825000000000000000e+02 2.405297944805589339e+02
2.850000000000000000e+02 2.405855489082533722e+02
2.875000000000000000e+02 2.406405741178527364e+02
2.900000000000000000e+02 2.406940772568963496e+02
2.925000000000000000e+02 2.407469175970989852e+02
2.950000000000000000e+02 2.407993035145594263e+02
2.975000000000000000e+02 2.408503558530528892e+02
3.000000000000000000e+02 2.408991174705819276e+02
3.025000000000000000e+02 2.409456406466092915e+02
3.050000000000000000e+02 2.409906928141454330e+02
3.075000000000000000e+02 2.410339230196855169e+02
3.100000000000000000e+02 2.410758655228754606e+02
3.125000000000000000e+02 2.411161371587378994e+02
3.150000000000000000e+02 2.411545035273822464e+02
3.175000000000000000e+02 2.411909004680165651e+02
3.200000000000000000e+02 2.412257948962536886e+02
3.225000000000000000e+02 2.412586730354400117e+02
3.250000000000000000e+02 2.412894864472349354e+02
3.275000000000000000e+02 2.413180609713358535e+02
3.300000000000000000e+02 2.413449746051208251e+02
3.325000000000000000e+02 2.413703145949152145e+02
3.350000000000000000e+02 2.413940734747099555e+02
3.375000000000000000e+02 2.414155056183913644e+02
3.400000000000000000e+02 2.414351569092283967e+02
3.425000000000000000e+02 2.414528248710280991e+02
3.450000000000000000e+02 2.414691786266075439e+02
3.475000000000000000e+02 2.414843795027314854e+02
3.500000000000000000e+02 2.414986448047886540e+02
3.525000000000000000e+02 2.415112864662632148e+02
3.550000000000000000e+02 2.415225718580780381e+02
3.575000000000000000e+02 2.415323603866027611e+02
3.600000000000000000e+02 2.415416798076350062e+02
3.625000000000000000e+02 2.415501389814163531e+02
3.650000000000000000e+02 2.415587877722354619e+02
3.675000000000000000e+02 2.415673187503943780e+02
3.700000000000000000e+02 2.415764104200680435e+02
3.725000000000000000e+02 2.415843899304707918e+02
3.750000000000000000e+02 2.415935635482149166e+02
3.775000000000000000e+02 2.416016175720706372e+02
3.800000000000000000e+02 2.416105221191124315e+02
3.825000000000000000e+02 2.416172296203030214e+02
3.850000000000000000e+02 2.416253089413919213e+02
3.875000000000000000e+02 2.416309356561995401e+02
3.900000000000000000e+02 2.416393747818364659e+02
3.925000000000000000e+02 2.416449721192670665e+02
3.950000000000000000e+02 2.416551655706512918e+02
3.975000000000000000e+02 2.416608713457481770e+02
4.000000000000000000e+02 2.416727984121677366e+02
4.025000000000000000e+02 2.416773437032092033e+02
4.050000000000000000e+02 2.416902711750672097e+02
4.075000000000000000e+02 2.416926398374405949e+02
4.100000000000000000e+02 2.417062882643523380e+02
4.125000000000000000e+02 2.417059504629723676e+02
4.150000000000000000e+02 2.417206123842096019e+02
4.175000000000000000e+02 2.417172562234220550e+02
4.200000000000000000e+02 2.417334285596079155e+02
4.225000000000000000e+02 2.417267837237781691e+02
4.250000000000000000e+02 2.417449616792531515e+02
4.275000000000000000e+02 2.417343718897031692e+02
4.300000000000000000e+02 2.417551150726706055e+02
4.325000000000000000e+02 2.417398471544214544e+02
4.350000000000000000e+02 2.417644365527343098e+02
4.375000000000000000e+02 2.417436568414242686e+02
4.400000000000000000e+02 2.417731052575665558e+02
4.425000000000000000e+02 2.417457726777618916e+02
4.450000000000000000e+02 2.417811733956561966e+02
4.475000000000000000e+02 2.417465837934745139e+02
4.500000000000000000e+02 2.417891779642374956e+02
4.525000000000000000e+02 2.417459741864439309e+02
4.550000000000000000e+02 2.417972211231399342e+02
4.575000000000000000e+02 2.417438545769016116e+02
4.600000000000000000e+02 2.418052471728160242e+02
4.625000000000000000e+02 2.417406599217778194e+02
4.650000000000000000e+02 2.418131225939790454e+02
4.675000000000000000e+02 2.417369541000558115e+02
4.700000000000000000e+02 2.418206820228770084e+02
4.725000000000000000e+02 2.417329846833994225e+02
4.750000000000000000e+02 2.418278027960980694e+02
4.775000000000000000e+02 2.417288526052037980e+02
4.800000000000000000e+02 2.418343606083246868e+02
4.825000000000000000e+02 2.417248760696251964e+02
4.850000000000000000e+02 2.418399815934241133e+02
4.875000000000000000e+02 2.417213088157193965e+02
4.900000000000000000e+02 2.418444661567878029e+02
4.925000000000000000e+02 2.417181538003883645e+02
4.950000000000000000e+02 2.418480560828278385e+02
4.975000000000000000e+02 2.417152813776362450e+02
5.000000000000000000e+02 2.418511264909402030e+02
5.025000000000000000e+02 2.417125902408917284e+02
5.050000000000000000e+02 2.418539514532573378e+02
5.075000000000000000e+02 2.417099793200280828e+02
5.100000000000000000e+02 2.418566928780155649e+02
5.125000000000000000e+02 2.417073822072632083e+02
5.150000000000000000e+02 2.418594189035098054e+02
5.175000000000000000e+02 2.417047636195771361e+02
5.200000000000000000e+02 2.418621626246877270e+02
5.225000000000000000e+02 2.417020998868747199e+02
5.250000000000000000e+02 2.418649440705244444e+02
5.275000000000000000e+02 2.416993783979164903e+02
5.300000000000000000e+02 2.418677710787141848e+02
5.325000000000000000e+02 2.416965973680649142e+02
5.350000000000000000e+02 2.418706443793281835e+02
5.375000000000000000e+02 2.416937586006155811e+02
5.400000000000000000e+02 2.418735635883315354e+02
5.425000000000000000e+02 2.416908636242368971e+02
5.450000000000000000e+02 2.418765287786748672e+02
5.475000000000000000e+02 2.416879131722782859e+02
5.500000000000000000e+02 2.418795405734213659e+02
5.525000000000000000e+02 2.416849073087585111e+02
5.550000000000000000e+02 2.418826000297871701e+02
5.575000000000000000e+02 2.416818455713280969e+02
5.600000000000000000e+02 2.418857085831210441e+02
5.625000000000000000e+02 2.416787270787507396e+02
5.650000000000000000e+02 2.418888680211027236e+02
5.675000000000000000e+02 2.416755506164119538e+02
5.700000000000000000e+02 2.418920804904390991e+02
5.725000000000000000e+02 2.416723147053226342e+02
5.750000000000000000e+02 2.418953485050110430e+02
5.775000000000000000e+02 2.416690176554818663e+02
5.800000000000000000e+02 2.418986749399037137e+02
5.825000000000000000e+02 2.416656576205035947e+02
5.850000000000000000e+02 2.419020629874903250e+02
5.875000000000000000e+02 2.416622326272340899e+02
5.900000000000000000e+02 2.419055160602239027e+02
5.925000000000000000e+02 2.416587406165213281e+02
5.950000000000000000e+02 2.419090376470301180e+02
5.975000000000000000e+02 2.416551794755029050e+02
6.000000000000000000e+02 2.419126311225923587e+02
6.025000000000000000e+02 2.416515470966668317e+02
6.050000000000000000e+02 2.419162995791044466e+02
6.075000000000000000e+02 2.416478414572739837e+02
6.100000000000000000e+02 2.419200457414670780e+02
6.125000000000000000e+02 2.416440607145048318e+02
6.150000000000000000e+02 2.419238720111914915e+02
6.175000000000000000e+02 2.416402032925174694e+02
6.200000000000000000e+02 2.419277806932817896e+02
6.225000000000000000e+02 2.416362679366586690e+02
6.250000000000000000e+02 2.419317743484915866e+02
6.275000000000000000e+02 2.416322536582239024e+02
6.300000000000000000e+02 2.419358563475644814e+02
6.325000000000000000e+02 2.416281593899406630e+02
6.350000000000000000e+02 2.419400314410445390e+02
6.375000000000000000e+02 2.416239838209295385e+02
6.400000000000000000e+02 2.419443059960725009e+02
6.425000000000000000e+02 2.416197273467414846e+02
6.450000000000000000e+02 2.419486878820515869e+02
6.475000000000000000e+02 2.416154861503700033e+02
6.500000000000000000e+02 2.419549059031493528e+02
6.525000000000000000e+02 2.416237083330535427e+02
6.550000000000000000e+02 2.419334476796781814e+02
6.575000000000000000e+02 2.416411752130035495e+02
6.600000000000000000e+02 2.419160200216956014e+02
6.625000000000000000e+02 2.416588858336891974e+02
6.650000000000000000e+02 2.418984606095229424e+02
6.675000000000000000e+02 2.416764289683648599e+02
6.700000000000000000e+02 2.418809453159489067e+02
6.725000000000000000e+02 2.416939321940411673e+02
6.750000000000000000e+02 2.418634591453882763e+02
6.775000000000000000e+02 2.417113875103480041e+02
6.800000000000000000e+02 2.418460167980521192e+02
6.825000000000000000e+02 2.417288048765775557e+02
6.850000000000000000e+02 2.418286076347165761e+02
6.875000000000000000e+02 2.417462090335698122e+02
6.900000000000000000e+02 2.418112198634413232e+02
6.925000000000000000e+02 2.417636055539660731e+02
6.950000000000000000e+02 2.417938414475088678e+02
6.975000000000000000e+02 2.417809919483765668e+02
7.000000000000000000e+02 2.417764586336183754e+02
7.025000000000000000e+02 2.417983729231905272e+02
7.050000000000000000e+02 2.417590615571422745e+02
7.075000000000000000e+02 2.418157621645519271e+02
7.100000000000000000e+02 2.417416472408577590e+02
7.125000000000000000e+02 2.418331794947538071e+02
7.150000000000000000e+02 2.417242107391462298e+02
7.175000000000000000e+02 2.418506370837281736e+02
7.200000000000000000e+02 2.417067365415599056e+02
7.225000000000000000e+02 2.418681375342733588e+02
7.250000000000000000e+02 2.416892061699382168e+02
7.275000000000000000e+02 2.418856837811090941e+02
7.300000000000000000e+02 2.416716116337783262e+02
7.325000000000000000e+02 2.419032874571412606e+02
7.350000000000000000e+02 2.416539489135521137e+02
7.375000000000000000e+02 2.419209681458081604e+02
7.400000000000000000e+02 2.416362064326313828e+02
7.425000000000000000e+02 2.419387647268974035e+02
7.450000000000000000e+02 2.416185689808680763e+02
7.475000000000000000e+02 2.419565139610330391e+02
7.500000000000000000e+02 2.415972230510502072e+02
7.525000000000000000e+02 2.419653047243132846e+02
7.550000000000000000e+02 2.416023730901479212e+02
7.575000000000000000e+02 2.419622865105978349e+02
7.600000000000000000e+02 2.416055306289671591e+02
7.625000000000000000e+02 2.419591527563569002e+02
7.650000000000000000e+02 2.416085901475117055e+02
7.675000000000000000e+02 2.419561272054001506e+02
7.700000000000000000e+02 2.416115546328005053e+02
7.725000000000000000e+02 2.419532048656077166e+02
7.750000000000000000e+02 2.416144198565258705e+02
7.775000000000000000e+02 2.419503850615316765e+02
7.800000000000000000e+02 2.416171846158678989e+02
7.825000000000000000e+02 2.419476666034035190e+02
7.850000000000000000e+02 2.416198489891505403e+02
7.875000000000000000e+02 2.419450484116771349e+02
7.900000000000000000e+02 2.416224138424670116e+02
7.925000000000000000e+02 2.419425293133055845e+02
7.950000000000000000e+02 2.416248804308632714e+02
7.975000000000000000e+02 2.419401079739629381e+02
8.000000000000000000e+02 2.416272501498898748e+02
8.025000000000000000e+02 2.419377829992829447e+02
8.050000000000000000e+02 2.416295243541389937e+02
8.075000000000000000e+02 2.419355530572130704e+02
8.100000000000000000e+02 2.416317042760884419e+02
8.125000000000000000e+02 2.419334169545623467e+02
8.150000000000000000e+02 2.416337910017062711e+02
8.175000000000000000e+02 2.419313736496121408e+02
8.200000000000000000e+02 2.416357854914213306e+02
8.225000000000000000e+02 2.419294222354759540e+02
8.250000000000000000e+02 2.416376886062480196e+02
8.275000000000000000e+02 2.419275619117250358e+02
8.300000000000000000e+02 2.416395011297395286e+02
8.325000000000000000e+02 2.419257919498536751e+02
8.350000000000000000e+02 2.416412237847651738e+02
8.375000000000000000e+02 2.419241116682437394e+02
8.400000000000000000e+02 2.416428572421091872e+02
8.425000000000000000e+02 2.419225204216280076e+02
8.450000000000000000e+02 2.416444021306261334e+02
8.475000000000000000e+02 2.419210175984762827e+02
8.500000000000000000e+02 2.416458590370832553e+02
8.525000000000000000e+02 2.419196026135526552e+02
8.550000000000000000e+02 2.416472285105899971e+02
8.575000000000000000e+02 2.419182749178665119e+02
8.600000000000000000e+02 2.416485110657704922e+02
8.625000000000000000e+02 2.419170339952480049e+02
8.650000000000000000e+02 2.416497071786539266e+02
8.675000000000000000e+02 2.419158793771382534e+02
8.700000000000000000e+02 2.416508172840061093e+02
8.725000000000000000e+02 2.419148106243492862e+02
8.750000000000000000e+02 2.416518417752307641e+02
8.775000000000000000e+02 2.419138273612023227e+02
8.800000000000000000e+02 2.416527810037822235e+02
8.825000000000000000e+02 2.419129292542402823e+02
8.850000000000000000e+02 2.416536352702749753e+02
8.875000000000000000e+02 2.419121160090627427e+02
8.900000000000000000e+02 2.416544048321230207e+02
8.925000000000000000e+02 2.419113873891578237e+02
8.950000000000000000e+02 2.416550898975333439e+02
8.975000000000000000e+02 2.419107432023861577e+02
9.000000000000000000e+02 2.416556906292380518e+02
9.025000000000000000e+02 2.419101833038412224e+02
9.050000000000000000e+02 2.416562071414902277e+02
9.075000000000000000e+02 2.419097075931169343e+02
9.100000000000000000e+02 2.416566395012532951e+02
9.125000000000000000e+02 2.419093160156832027e+02
9.150000000000000000e+02 2.416569877305765601e+02
9.175000000000000000e+02 2.419090085599815723e+02
9.200000000000000000e+02 2.416572518058572712e+02
9.225000000000000000e+02 2.419087852612233291e+02
9.250000000000000000e+02 2.416574316612618816e+02
9.275000000000000000e+02 2.419086461961708494e+02
9.300000000000000000e+02 2.416575271843356063e+02
9.325000000000000000e+02 2.419085914900357466e+02
9.350000000000000000e+02 2.416575382242642718e+02
9.375000000000000000e+02 2.419086213097688471e+02
9.400000000000000000e+02 2.416574645817643727e+02
9.425000000000000000e+02 2.419087358666327532e+02
9.450000000000000000e+02 2.416573060150503238e+02
9.475000000000000000e+02 2.419089354178194355e+02
9.500000000000000000e+02 2.416570622394737029e+02
9.525000000000000000e+02 2.419092202646004637e+02
9.550000000000000000e+02 2.416567329227350740e+02
9.575000000000000000e+02 2.419095907560257501e+02
9.600000000000000000e+02 2.416563176897002165e+02
9.625000000000000000e+02 2.419100472838022711e+02
9.650000000000000000e+02 2.416558161149702642e+02
9.675000000000000000e+02 2.419105902956824821e+02
9.700000000000000000e+02 2.416552277456002003e+02
9.725000000000000000e+02 2.419112202892091830e+02
9.750000000000000000e+02 2.416545520580797586e+02
9.775000000000000000e+02 2.419119377903568022e+02
9.800000000000000000e+02 2.416537884936153375e+02
9.825000000000000000e+02 2.419127433894510943e+02
9.850000000000000000e+02 2.416529364479269191e+02
9.875000000000000000e+02 2.419136377072578341e+02
9.900000000000000000e+02 2.416519952619719334e+02
9.925000000000000000e+02 2.419146214143011662e+02
9.950000000000000000e+02 2.416509642999793073e+02
9.975000000000000000e+02 2.419156906949970107e+02
1.000000000000000000e+03 2.416497291918472854e+02
