# z, Alpha
0.000000000000000000e+00 0.000000000000000000e+00
2.500000000000000000e+00 1.524321794426722054e-01
5.000000000000000000e+00 1.834951232596505333e-01
7.500000000000000000e+00 1.655219603439324338e-01
1.000000000000000000e+01 1.461803304816841342e-01
1.250000000000000000e+01 1.364016796914340190e-01
1.500000000000000000e+01 1.325549000397152899e-01
1.750000000000000000e+01 1.342699093177499026e-01
2.000000000000000000e+01 1.366673313789739941e-01
2.250000000000000000e+01 1.413353986472081214e-01
2.500000000000000000e+01 1.467397789432506039e-01
2.750000000000000000e+01 1.493843551480991405e-01
3.000000000000000000e+01 1.537735329610949164e-01
3.250000000000000000e+01 1.595258011157841549e-01
3.500000000000000000e+01 1.640928320764213355e-01
3.750000000000000000e+01 1.684740495034191265e-01
4.000000000000000000e+01 1.741980437682405791e-01
4.250000000000000000e+01 1.784397467635438772e-01
4.500000000000000000e+01 1.825338636893155120e-01
4.750000000000000000e+01 1.860955221126630588e-01
5.000000000000000000e+01 1.888273283407465031e-01
5.250000000000000000e+01 1.910687640057147085e-01
5.500000000000000000e+01 1.928449820941795789e-01
5.750000000000000000e+01 1.941319807726136215e-01
6.000000000000000000e+01 1.944686907484236005e-01
6.250000000000000000e+01 1.952860570686120456e-01
6.500000000000000000e+01 1.954320342517711362e-01
6.750000000000000000e+01 1.971625270456203727e-01
7.000000000000000000e+01 2.007351360889110814e-01
7.250000000000000000e+01 2.039853457983139551e-01
7.500000000000000000e+01 2.039542704643712290e-01
7.750000000000000000e+01 2.031709847246384593e-01
8.000000000000000000e+01 2.042332186407988803e-01
8.250000000000000000e+01 2.053601324130704675e-01
8.500000000000000000e+01 2.035263417002287911e-01
8.750000000000000000e+01 2.013274880839300840e-01
9.000000000000000000e+01 1.993823707559469749e-01
9.250000000000000000e+01 2.007276459694512794e-01
9.500000000000000000e+01 2.005867201509790865e-01
9.750000000000000000e+01 2.017617854153058998e-01
1.000000000000000000e+02 2.018694223523898879e-01
1.025000000000000000e+02 2.006729517456761203e-01
1.050000000000000000e+02 1.996628087505412930e-01
1.075000000000000000e+02 2.012819348007709730e-01
1.100000000000000000e+02 2.022952844599939237e-01
1.125000000000000000e+02 2.017320710650821192e-01
1.150000000000000000e+02 1.981776595933878726e-01
1.175000000000000000e+02 1.966788019529201459e-01
1.200000000000000000e+02 1.924803661006991018e-01
1.225000000000000000e+02 1.861549286686319249e-01
1.250000000000000000e+02 1.831297489127670652e-01
1.275000000000000000e+02 1.858650396100990365e-01
1.300000000000000000e+02 1.871005648775961872e-01
1.325000000000000000e+02 1.849173098292583861e-01
1.350000000000000000e+02 1.859335973133784403e-01
1.375000000000000000e+02 1.841766571328838920e-01
1.400000000000000000e+02 1.774264790035549322e-01
1.425000000000000000e+02 1.748402135747536557e-01
1.450000000000000000e+02 1.688275190773550483e-01
1.475000000000000000e+02 1.636319470956010269e-01
1.500000000000000000e+02 1.628675179198727230e-01
1.525000000000000000e+02 1.634554324110815138e-01
1.550000000000000000e+02 1.612066209414363405e-01
1.575000000000000000e+02 1.607278034041125514e-01
1.600000000000000000e+02 1.623144448253432959e-01
1.625000000000000000e+02 1.630937668683557773e-01
1.650000000000000000e+02 1.635498945783528391e-01
1.675000000000000000e+02 1.579534258546203829e-01
1.700000000000000000e+02 1.513898375670254537e-01
1.725000000000000000e+02 1.459585099732483293e-01
1.750000000000000000e+02 1.441084791298611889e-01
1.775000000000000000e+02 1.439201610994100822e-01
1.800000000000000000e+02 1.441545671562965147e-01
1.825000000000000000e+02 1.436370251371532070e-01
1.850000000000000000e+02 1.422490602172854501e-01
1.875000000000000000e+02 1.436416669988335171e-01
1.900000000000000000e+02 1.435089763675935493e-01
1.925000000000000000e+02 1.374304387852235410e-01
1.950000000000000000e+02 1.354248402714189337e-01
1.975000000000000000e+02 1.335322153166974835e-01
2.000000000000000000e+02 1.292935655523347049e-01
2.025000000000000000e+02 1.292568884222697612e-01
2.050000000000000000e+02 1.243897214026888215e-01
2.075000000000000000e+02 1.225941166686545791e-01
2.100000000000000000e+02 1.212086537449355711e-01
2.125000000000000000e+02 1.219284749638000764e-01
2.150000000000000000e+02 1.210872801133755366e-01
2.175000000000000000e+02 1.157010268615742549e-01
2.200000000000000000e+02 1.126340607763549329e-01
2.225000000000000000e+02 1.141478907383315367e-01
2.250000000000000000e+02 1.153271399658617191e-01
2.275000000000000000e+02 1.148015225516255122e-01
2.300000000000000000e+02 1.138246267678640344e-01
2.325000000000000000e+02 1.101275554701850595e-01
2.350000000000000000e+02 1.048047346789651307e-01
2.375000000000000000e+02 1.026957345734666460e-01
2.400000000000000000e+02 1.008871742874501709e-01
2.425000000000000000e+02 1.003481271399536134e-01
2.450000000000000000e+02 9.969872899889993534e-02
2.475000000000000000e+02 9.824215106448153101e-02
2.500000000000000000e+02 9.432397227120351002e-02
2.525000000000000000e+02 9.179872957383962417e-02
2.550000000000000000e+02 9.207153478886064002e-02
2.575000000000000000e+02 9.155269119274270229e-02
2.600000000000000000e+02 9.315541525703127657e-02
2.625000000000000000e+02 9.551184886373742522e-02
2.650000000000000000e+02 9.391962143198993862e-02
2.675000000000000000e+02 9.240569260092232340e-02
2.700000000000000000e+02 9.163701314388718322e-02
2.725000000000000000e+02 9.157368541359918457e-02
2.750000000000000000e+02 8.880937252201016874e-02
2.775000000000000000e+02 8.784341956022134745e-02
2.800000000000000000e+02 8.829190816758764049e-02
2.825000000000000000e+02 8.982942077578373596e-02
2.850000000000000000e+02 8.961433361669510211e-02
2.875000000000000000e+02 8.952384364546756013e-02
2.900000000000000000e+02 8.859651849359596876e-02
2.925000000000000000e+02 8.692372939223531880e-02
2.950000000000000000e+02 8.793507042467978152e-02
2.975000000000000000e+02 8.526619576943317291e-02
3.000000000000000000e+02 7.769841779931072057e-02
3.025000000000000000e+02 7.277756783849147204e-02
3.050000000000000000e+02 7.482423210140264069e-02
3.075000000000000000e+02 7.195830024980436057e-02
3.100000000000000000e+02 6.607925854175718261e-02
3.125000000000000000e+02 6.432052748404952502e-02
3.150000000000000000e+02 6.359940970215093026e-02
3.175000000000000000e+02 6.130811626628083350e-02
3.200000000000000000e+02 5.815959849293941830e-02
3.225000000000000000e+02 5.737604563535023822e-02
3.250000000000000000e+02 5.923719475705108151e-02
3.275000000000000000e+02 5.576593135533573081e-02
3.300000000000000000e+02 5.043426206338071094e-02
3.325000000000000000e+02 4.873649370109552070e-02
3.350000000000000000e+02 4.916689180455444813e-02
3.375000000000000000e+02 4.693317584879300175e-02
3.400000000000000000e+02 4.542981146299076428e-02
3.425000000000000000e+02 4.291660935306500918e-02
3.450000000000000000e+02 3.981990277529793426e-02
3.475000000000000000e+02 3.634796898666803333e-02
3.500000000000000000e+02 3.553621942951343260e-02
3.525000000000000000e+02 3.410512879050511120e-02
3.550000000000000000e+02 3.282014990616476113e-02
3.575000000000000000e+02 3.097249875015278472e-02
3.600000000000000000e+02 2.976884316823310422e-02
3.625000000000000000e+02 2.942406605425704549e-02
3.650000000000000000e+02 2.831997639035264275e-02
3.675000000000000000e+02 2.512476772840613673e-02
3.700000000000000000e+02 2.514204117697412325e-02
3.725000000000000000e+02 2.357627346955883108e-02
3.750000000000000000e+02 2.212682584308067052e-02
3.775000000000000000e+02 2.072613927382099125e-02
3.800000000000000000e+02 2.039161716078660355e-02
3.825000000000000000e+02 2.217847528162503884e-02
3.850000000000000000e+02 1.971976987272793316e-02
3.875000000000000000e+02 2.497343782485310013e-02
3.900000000000000000e+02 1.759237983961949373e-02
3.925000000000000000e+02 2.387902828389731197e-02
3.950000000000000000e+02 1.407123249943579603e-02
3.975000000000000000e+02 2.444958324467998503e-02
4.000000000000000000e+02 1.169987268106206270e-02
4.025000000000000000e+02 2.451087309490779936e-02
4.050000000000000000e+02 1.019559178319235683e-02
4.075000000000000000e+02 2.537172273657688215e-02
4.100000000000000000e+02 8.675240858789365003e-03
4.125000000000000000e+02 2.673453510779574480e-02
4.150000000000000000e+02 8.494104082581895032e-03
4.175000000000000000e+02 3.017643589460310138e-02
4.200000000000000000e+02 9.770292353524830803e-03
4.225000000000000000e+02 3.252717733717359894e-02
4.250000000000000000e+02 9.019085699875584172e-03
4.275000000000000000e+02 3.235038535152975209e-02
4.300000000000000000e+02 8.070052290633396991e-03
4.325000000000000000e+02 3.103000718196287713e-02
4.350000000000000000e+02 7.499699362387920315e-03
4.375000000000000000e+02 2.886768668324806927e-02
4.400000000000000000e+02 5.926715932835836288e-03
4.425000000000000000e+02 2.662770744665956743e-02
4.450000000000000000e+02 3.926215212212470947e-03
4.475000000000000000e+02 2.516639452322170373e-02
4.500000000000000000e+02 -6.878173975766345557e-05
4.525000000000000000e+02 2.530248559144546855e-02
4.550000000000000000e+02 -5.490424241933147820e-03
4.575000000000000000e+02 2.741393776222328382e-02
4.600000000000000000e+02 -1.170648471211936138e-02
4.625000000000000000e+02 2.994818993078730493e-02
4.650000000000000000e+02 -1.821042305551873186e-02
4.675000000000000000e+02 3.212278493549877018e-02
4.700000000000000000e+02 -2.434741006543530289e-02
4.725000000000000000e+02 3.395445543394386145e-02
4.750000000000000000e+02 -2.941506820322643476e-02
4.775000000000000000e+02 3.569160426980722695e-02
4.800000000000000000e+02 -3.266809238808866117e-02
4.825000000000000000e+02 3.663376840879069285e-02
4.850000000000000000e+02 -3.442163509497723345e-02
4.875000000000000000e+02 3.645658079502332033e-02
4.900000000000000000e+02 -3.501564026526810675e-02
4.925000000000000000e+02 3.559826514309986922e-02
4.950000000000000000e+02 -3.484247692291669862e-02
4.975000000000000000e+02 3.462237383272454699e-02
5.000000000000000000e+02 -3.429085987662366247e-02
5.025000000000000000e+02 3.376238641425351183e-02
5.050000000000000000e+02 -3.359052996801042967e-02
5.075000000000000000e+02 3.299387918132514613e-02
5.100000000000000000e+02 -3.283292188432439945e-02
5.125000000000000000e+02 3.224941710288455055e-02
5.150000000000000000e+02 -3.203292197373153183e-02
5.175000000000000000e+02 3.146181465397936139e-02
5.200000000000000000e+02 -3.115823421949757976e-02
5.225000000000000000e+02 3.056861848009711363e-02
5.250000000000000000e+02 -3.016040841846735765e-02
5.275000000000000000e+02 2.952178413724290684e-02
5.300000000000000000e+02 -2.899897178046712681e-02
5.325000000000000000e+02 2.828840965340876507e-02
5.350000000000000000e+02 -2.764417232613511702e-02
5.375000000000000000e+02 2.684398367191457788e-02
5.400000000000000000e+02 -2.607213301579011308e-02
5.425000000000000000e+02 2.516774316884148183e-02
5.450000000000000000e+02 -2.426201506586779175e-02
5.475000000000000000e+02 2.324086295772645125e-02
5.500000000000000000e+02 -2.219458867557122864e-02
5.525000000000000000e+02 2.104534074510335320e-02
5.550000000000000000e+02 -1.985131007780262941e-02
5.575000000000000000e+02 1.856344710940004486e-02
5.600000000000000000e+02 -1.721380586185600886e-02
5.625000000000000000e+02 1.577712994821604819e-02
5.650000000000000000e+02 -1.426335071023031829e-02
5.675000000000000000e+02 1.266776870288492500e-02
5.700000000000000000e+02 -1.098063356545444375e-02
5.725000000000000000e+02 9.215882432840187197e-03
5.750000000000000000e+02 -7.345587363804952086e-03
5.775000000000000000e+02 5.401146282012915523e-03
5.800000000000000000e+02 -3.337363524757525068e-03
5.825000000000000000e+02 1.202393787249611589e-03
5.850000000000000000e+02 1.065586442820470707e-03
5.875000000000000000e+02 -3.402140888383013966e-03
5.900000000000000000e+02 5.885315569773330417e-03
5.925000000000000000e+02 -8.434629628035044888e-03
5.950000000000000000e+02 1.114409545698203524e-02
5.975000000000000000e+02 -1.391722417026641095e-02
6.000000000000000000e+02 1.686406042976380457e-02
6.025000000000000000e+02 -1.987178014177908708e-02
6.050000000000000000e+02 2.306684472660260748e-02
6.075000000000000000e+02 -2.631950110428575920e-02
6.100000000000000000e+02 2.977329740498377980e-02
6.125000000000000000e+02 -3.328080676058027543e-02
6.150000000000000000e+02 3.700337081167134889e-02
6.175000000000000000e+02 -4.077524916281052847e-02
6.200000000000000000e+02 4.477623511753747038e-02
6.225000000000000000e+02 -4.882172243199864314e-02
6.250000000000000000e+02 5.311059277266184930e-02
6.275000000000000000e+02 -5.743891124701339113e-02
6.300000000000000000e+02 6.202546436827578030e-02
6.325000000000000000e+02 -6.664595253346448922e-02
6.350000000000000000e+02 7.154053617533961962e-02
6.375000000000000000e+02 -7.646339713730793131e-02
6.400000000000000000e+02 8.167693729393706026e-02
6.425000000000000000e+02 -8.691032181654978483e-02
6.450000000000000000e+02 9.268582254876434057e-02
6.475000000000000000e+02 -9.440257048342180768e-02
6.500000000000000000e+02 1.004620092676728055e-01
6.525000000000000000e+02 -1.085320622839298921e-01
6.550000000000000000e+02 1.055256270235070681e-01
6.575000000000000000e+02 -1.031679698304490134e-01
6.600000000000000000e+02 1.018563738292825732e-01
6.625000000000000000e+02 -1.003883294755489319e-01
6.650000000000000000e+02 9.909120840618935999e-02
6.675000000000000000e+02 -9.787027877968744460e-02
6.700000000000000000e+02 9.663137950150631206e-02
6.725000000000000000e+02 -9.561723499782565083e-02
6.750000000000000000e+02 9.444964650918731552e-02
6.775000000000000000e+02 -9.358326746125902873e-02
6.800000000000000000e+02 9.258823769147102312e-02
6.825000000000000000e+02 -9.178209079258557723e-02
6.850000000000000000e+02 9.097582682647482877e-02
6.875000000000000000e+02 -9.016968784637216516e-02
6.900000000000000000e+02 8.949376365878143613e-02
6.925000000000000000e+02 -8.872062889268202135e-02
6.950000000000000000e+02 8.809091674336784472e-02
6.975000000000000000e+02 -8.740047790320945587e-02
7.000000000000000000e+02 8.676719539902649769e-02
7.025000000000000000e+02 -8.612994349876230971e-02
7.050000000000000000e+02 8.550842490484987513e-02
7.075000000000000000e+02 -8.482709617224765131e-02
7.100000000000000000e+02 8.425510498542651550e-02
7.125000000000000000e+02 -8.346619086168692581e-02
7.150000000000000000e+02 8.292291609442067890e-02
7.175000000000000000e+02 -8.204210672107956070e-02
7.200000000000000000e+02 8.144688996356012900e-02
7.225000000000000000e+02 -8.051575970010750594e-02
7.250000000000000000e+02 7.978666574407054790e-02
7.275000000000000000e+02 -7.880237552537611156e-02
7.300000000000000000e+02 7.791658445834162561e-02
7.325000000000000000e+02 -7.680104210645403995e-02
7.350000000000000000e+02 7.576201106363346371e-02
7.375000000000000000e+02 -7.450570604505708794e-02
7.400000000000000000e+02 7.351556579139224834e-02
7.425000000000000000e+02 -7.153565121921096059e-02
7.450000000000000000e+02 6.863255500644985241e-02
7.475000000000000000e+02 -7.554587422714509337e-02
7.500000000000000000e+02 8.462839824949273948e-02
7.525000000000000000e+02 -8.715092549133310329e-02
7.550000000000000000e+02 9.490777074861118934e-02
7.575000000000000000e+02 -1.019360635795805298e-01
7.600000000000000000e+02 1.088443805725177599e-01
7.625000000000000000e+02 -1.157641110820567393e-01
7.650000000000000000e+02 1.225940748416587123e-01
7.675000000000000000e+02 -1.293629501231288725e-01
7.700000000000000000e+02 1.360762381638556395e-01
7.725000000000000000e+02 -1.427056622223785709e-01
7.750000000000000000e+02 1.493081078036534171e-01
7.775000000000000000e+02 -1.557986996870952823e-01
7.800000000000000000e+02 1.622941497165221181e-01
7.825000000000000000e+02 -1.686485814829186136e-01
7.850000000000000000e+02 1.750395626736988008e-01
7.875000000000000000e+02 -1.812601212831935205e-01
7.900000000000000000e+02 1.875485146485849075e-01
7.925000000000000000e+02 -1.936368075453750448e-01
7.950000000000000000e+02 1.998244382363753568e-01
7.975000000000000000e+02 -2.057817539948673669e-01
8.000000000000000000e+02 2.118707550955442886e-01
8.025000000000000000e+02 -2.176985037542075452e-01
8.050000000000000000e+02 2.236913806451795439e-01
8.075000000000000000e+02 -2.293912712132726295e-01
8.100000000000000000e+02 2.352908209884931601e-01
8.125000000000000000e+02 -2.408648716154781488e-01
8.150000000000000000e+02 2.466740615731044250e-01
8.175000000000000000e+02 -2.521244719339240659e-01
8.200000000000000000e+02 2.578462888333873937e-01
8.225000000000000000e+02 -2.631753656395851015e-01
8.250000000000000000e+02 2.688127342250530849e-01
8.275000000000000000e+02 -2.740227996093066998e-01
8.300000000000000000e+02 2.795785068107733418e-01
8.325000000000000000e+02 -2.846718851389085647e-01
8.350000000000000000e+02 2.901485390855176316e-01
8.375000000000000000e+02 -2.951275264242277929e-01
8.400000000000000000e+02 3.005275597094432816e-01
8.425000000000000000e+02 -3.053944054071868752e-01
8.450000000000000000e+02 3.107200906570303234e-01
8.475000000000000000e+02 -3.154769904296847449e-01
8.500000000000000000e+02 3.207304611517440285e-01
8.525000000000000000e+02 -3.253795313855287752e-01
8.550000000000000000e+02 3.305628145594092793e-01
8.575000000000000000e+02 -3.351060942268582754e-01
8.600000000000000000e+02 3.402211256768120085e-01
8.625000000000000000e+02 -3.446605691167941021e-01
8.650000000000000000e+02 3.497092116485932545e-01
8.675000000000000000e+02 -3.540466916778509665e-01
8.700000000000000000e+02 3.590307150174764650e-01
8.725000000000000000e+02 -3.632680258324434974e-01
8.750000000000000000e+02 3.681891468002279066e-01
8.775000000000000000e+02 -3.723280109252015135e-01
8.800000000000000000e+02 3.771878527461138275e-01
8.825000000000000000e+02 -3.812299050485716267e-01
8.850000000000000000e+02 3.860300045907006927e-01
8.875000000000000000e+02 -3.899768195348863320e-01
8.900000000000000000e+02 3.947186159881019285e-01
8.925000000000000000e+02 -3.985716720973751515e-01
8.950000000000000000e+02 4.032565147125293792e-01
8.975000000000000000e+02 -4.070172092426667110e-01
9.000000000000000000e+02 4.116463249056555584e-01
9.025000000000000000e+02 -4.153159678968477153e-01
9.050000000000000000e+02 4.198904752342751956e-01
9.075000000000000000e+02 -4.234702781104867642e-01
9.100000000000000000e+02 4.279911675548755956e-01
9.125000000000000000e+02 -4.314822451825580663e-01
9.150000000000000000e+02 4.359503733833920980e-01
9.175000000000000000e+02 -4.393537478635187177e-01
9.200000000000000000e+02 4.437698248899288878e-01
9.225000000000000000e+02 -4.470864108578188056e-01
9.250000000000000000e+02 4.514510045145891382e-01
9.275000000000000000e+02 -4.546816224218241387e-01
9.300000000000000000e+02 4.589951296262357316e-01
9.325000000000000000e+02 -4.621404932741571270e-01
9.350000000000000000e+02 4.664031592433964257e-01
9.375000000000000000e+02 -4.694638767666632351e-01
9.400000000000000000e+02 4.736757666936004529e-01
9.425000000000000000e+02 -4.766523448319224809e-01
9.450000000000000000e+02 4.808133499174797043e-01
9.475000000000000000e+02 -4.837061781497829505e-01
9.500000000000000000e+02 4.878160123131363712e-01
9.525000000000000000e+02 -4.906253707292960731e-01
9.550000000000000000e+02 4.946835757474561390e-01
9.575000000000000000e+02 -4.974096061719003314e-01
9.600000000000000000e+02 5.014155424440716047e-01
9.625000000000000000e+02 -5.040582729970206621e-01
9.650000000000000000e+02 5.080111324328073774e-01
9.675000000000000000e+02 -5.105704156736741162e-01
9.700000000000000000e+02 5.144692309468605895e-01
9.725000000000000000e+02 -5.169448034545546244e-01
9.750000000000000000e+02 5.207884139186476080e-01
9.775000000000000000e+02 -5.231798386982728921e-01
9.800000000000000000e+02 5.269669381741290959e-01
9.825000000000000000e+02 -5.292736096241614785e-01
9.850000000000000000e+02 5.330027111227843006e-01
9.875000000000000000e+02 -5.352238756866840586e-01
9.900000000000000000e+02 5.388933980550131286e-01
9.925000000000000000e+02 -5.410273966098977372e-01
9.950000000000000000e+02 5.446183610518287033e-01
9.975000000000000000e+02 -5.469516906057948491e-01
1.000000000000000000e+03 -5.490751725218004919e-01
