z Tu Tv Tw
0.000000000000000000e+00 1.608984041839064363e-21 -2.880239002627024259e-21 -3.535931901550116215e-03
2.500000000000000000e+00 8.170912304935352161e-07 5.231502863610299649e-06 -4.098566640878893892e-03
5.000000000000000000e+00 1.512149853499566897e-06 5.264807622058126672e-06 -3.144750066038706163e-03
7.500000000000000000e+00 2.388946704297965567e-06 3.879807752999524139e-06 -2.499987390026550942e-03
1.000000000000000000e+01 2.055509984247878960e-06 2.500721942619508270e-06 -1.936127254688613459e-03
1.250000000000000000e+01 8.928418304968197247e-07 1.485641392025622986e-06 -1.507038593487511997e-03
1.500000000000000000e+01 4.261262699391690715e-10 9.687016974012709006e-07 -1.201917625623643649e-03
1.750000000000000000e+01 -4.963206245286352480e-07 7.667460489348267123e-07 -9.887583587844701871e-04
2.000000000000000000e+01 -6.778383100027780008e-07 7.545363558755922429e-07 -8.373440646384075394e-04
2.250000000000000000e+01 -7.144560687525285123e-07 7.825867551909926448e-07 -7.260029491216482512e-04
2.500000000000000000e+01 -6.912000927053589162e-07 7.880846156764198772e-07 -6.417517085739330102e-04
2.750000000000000000e+01 -6.465544507398752574e-07 7.405209091230501487e-07 -5.754828995331874022e-04
3.000000000000000000e+01 -6.043868405946093992e-07 7.033896586876737344e-07 -5.216390433103078794e-04
3.250000000000000000e+01 -5.703888183687910129e-07 6.743942964012912939e-07 -4.769158546616418157e-04
3.500000000000000000e+01 -5.419710879959235526e-07 6.555516237276913800e-07 -4.387351211854493638e-04
3.750000000000000000e+01 -5.253808190222714242e-07 6.855905708771067890e-07 -4.049163466474863340e-04
4.000000000000000000e+01 -5.598124708622709058e-07 6.944960797678480152e-07 -3.743850315434390044e-04
4.250000000000000000e+01 -5.966604661130237290e-07 6.672653746522365650e-07 -3.467211094793394696e-04
4.500000000000000000e+01 -5.833256293320429463e-07 6.478841628510985054e-07 -3.218373120897191956e-04
4.750000000000000000e+01 -5.631544872567121095e-07 6.235442929176219090e-07 -2.992557006618671829e-04
5.000000000000000000e+01 -5.443495567493048316e-07 6.203653166939503683e-07 -2.787078316280176978e-04
5.250000000000000000e+01 -5.239908043352043690e-07 6.285730407776916928e-07 -2.601963325984910395e-04
5.500000000000000000e+01 -5.000943678780122103e-07 6.183498034864842692e-07 -2.429427262825822312e-04
5.750000000000000000e+01 -4.911164475834232664e-07 6.016752446106704989e-07 -2.266238142115879512e-04
6.000000000000000000e+01 -4.831927287318372840e-07 5.937259961901442763e-07 -2.115478392846659617e-04
6.250000000000000000e+01 -4.542899631672275426e-07 5.779286749254904808e-07 -1.981675058476940158e-04
6.500000000000000000e+01 -4.231778454642155857e-07 5.432591103199374298e-07 -1.863697364120906266e-04
6.750000000000000000e+01 -4.040344155249112672e-07 5.331360982891699560e-07 -1.756920597716921236e-04
7.000000000000000000e+01 -4.018389073982097854e-07 5.298699176941674647e-07 -1.656848842145213527e-04
7.250000000000000000e+01 -4.136022408154043371e-07 5.336965102893473155e-07 -1.561182189262077949e-04
7.500000000000000000e+01 -4.154129566566764948e-07 5.547953329205010638e-07 -1.471728289496115828e-04
7.750000000000000000e+01 -4.031790045761504091e-07 5.707647643717168952e-07 -1.387402731517433741e-04
8.000000000000000000e+01 -3.949554565195302175e-07 5.685499971091209596e-07 -1.306659991985720237e-04
8.250000000000000000e+01 -3.947725645632398165e-07 5.590123297322120251e-07 -1.231098883042322175e-04
8.500000000000000000e+01 -3.917081650566638761e-07 5.421677473894042037e-07 -1.161143417242029913e-04
8.750000000000000000e+01 -3.728274246518477671e-07 5.128095439631827445e-07 -1.096831624669306017e-04
9.000000000000000000e+01 -3.480532735155934127e-07 4.883652073112233594e-07 -1.037377261229739634e-04
9.250000000000000000e+01 -3.388842511591571628e-07 4.815620104554911379e-07 -9.808409591580361116e-05
9.500000000000000000e+01 -3.401828066767255190e-07 4.675987838635028783e-07 -9.267697971721876120e-05
9.750000000000000000e+01 -3.340270293309151822e-07 4.458249609363996851e-07 -8.777589910815808926e-05
1.000000000000000000e+02 -3.218777500636576611e-07 4.350310427254888211e-07 -8.324191465523727630e-05
1.025000000000000000e+02 -3.048489955518922451e-07 4.294786400749671224e-07 -7.888337334981519885e-05
1.050000000000000000e+02 -2.816400734960095497e-07 4.175224479317265325e-07 -7.475602379170374217e-05
1.075000000000000000e+02 -2.655243509503884517e-07 4.122498023033985977e-07 -7.076598556300570900e-05
1.100000000000000000e+02 -2.475836341819210755e-07 4.045050461210508445e-07 -6.690854410522920548e-05
1.125000000000000000e+02 -2.293023318228997416e-07 3.899458592162938149e-07 -6.336869071750281354e-05
1.150000000000000000e+02 -2.096438604290927987e-07 3.744814258578977163e-07 -6.005334472521438674e-05
1.175000000000000000e+02 -1.964535889448281498e-07 3.591592064163169844e-07 -5.690078745112484867e-05
1.200000000000000000e+02 -1.874005790667137772e-07 3.487409856033317325e-07 -5.388984104041156831e-05
1.225000000000000000e+02 -1.847997015471422701e-07 3.335738471329754052e-07 -5.079520224627588306e-05
1.250000000000000000e+02 -1.837499808920213498e-07 3.219866926913866771e-07 -4.767886452015943300e-05
1.275000000000000000e+02 -1.815250110268932359e-07 3.114016259888549172e-07 -4.476021948667705485e-05
1.300000000000000000e+02 -1.745649306643449996e-07 2.937722509244324609e-07 -4.214282789315118712e-05
1.325000000000000000e+02 -1.661004903152403206e-07 2.726252913213353864e-07 -3.984140066180784243e-05
1.350000000000000000e+02 -1.525190660799376411e-07 2.605032993431118044e-07 -3.779041233296105137e-05
1.375000000000000000e+02 -1.345471156522368767e-07 2.466092269387142127e-07 -3.583136400467400103e-05
1.400000000000000000e+02 -1.203499125485742584e-07 2.356387825584944427e-07 -3.395623624320817413e-05
1.425000000000000000e+02 -1.075577984012661203e-07 2.295711438221362674e-07 -3.206080659235817967e-05
1.450000000000000000e+02 -1.018494679202457910e-07 2.233260901234242211e-07 -3.013696857489867165e-05
1.475000000000000000e+02 -9.907148122662691949e-08 2.147782589547759902e-07 -2.829670055847878640e-05
1.500000000000000000e+02 -9.647171945929720166e-08 2.055641252045334201e-07 -2.660522303126542967e-05
1.525000000000000000e+02 -9.113339363055470774e-08 1.971149023833230302e-07 -2.512186309582299377e-05
1.550000000000000000e+02 -8.468893023309959823e-08 1.889731048626911595e-07 -2.378206603394103120e-05
1.575000000000000000e+02 -7.659085744639305821e-08 1.789117339451528652e-07 -2.256440984899544630e-05
1.600000000000000000e+02 -6.681929533504792791e-08 1.714654652692095697e-07 -2.149216551902908943e-05
1.625000000000000000e+02 -6.302485716196555817e-08 1.691702090145884377e-07 -2.051261135168007778e-05
1.650000000000000000e+02 -6.423757320134588125e-08 1.729711251992023475e-07 -1.958275525525534226e-05
1.675000000000000000e+02 -6.463521260751717357e-08 1.772247488529445353e-07 -1.868023450064363545e-05
1.700000000000000000e+02 -5.959487630419553672e-08 1.737105365869550250e-07 -1.776034606888669850e-05
1.725000000000000000e+02 -5.542867484015586843e-08 1.664421799678968096e-07 -1.682241361424782798e-05
1.750000000000000000e+02 -5.225234754127161441e-08 1.577011693748762631e-07 -1.592372532793133282e-05
1.775000000000000000e+02 -4.538304462143839178e-08 1.485755857816237361e-07 -1.514570849086347193e-05
1.800000000000000000e+02 -3.803852428360162702e-08 1.403362825913587891e-07 -1.448875147229606282e-05
1.825000000000000000e+02 -3.419730033813429666e-08 1.339094809626987694e-07 -1.387959667653492277e-05
1.850000000000000000e+02 -3.187972375632330150e-08 1.278428598715025446e-07 -1.325183184246781291e-05
1.875000000000000000e+02 -3.336863371927840032e-08 1.243012346306332852e-07 -1.262777568349188773e-05
1.900000000000000000e+02 -3.641177531014835956e-08 1.223348269219782312e-07 -1.203360734135069845e-05
1.925000000000000000e+02 -3.686859307784077615e-08 1.204220611289036718e-07 -1.148903672690579422e-05
1.950000000000000000e+02 -3.637277164235978435e-08 1.190550495839963768e-07 -1.097016472291378100e-05
1.975000000000000000e+02 -3.796339223680254575e-08 1.161532088176649862e-07 -1.039556997456653859e-05
2.000000000000000000e+02 -4.012373745692476468e-08 1.096454243373544587e-07 -9.779017564229244879e-06
2.025000000000000000e+02 -4.102070607769264731e-08 1.014878317501260892e-07 -9.188089757176452389e-06
2.050000000000000000e+02 -3.867929268382855033e-08 9.341264371985222683e-08 -8.629959514318003965e-06
2.075000000000000000e+02 -3.515119129723541482e-08 8.659810256385322819e-08 -8.118930614759448661e-06
2.100000000000000000e+02 -3.141690700531561761e-08 7.973666915136295955e-08 -7.682368461245808291e-06
2.125000000000000000e+02 -2.846308510855094368e-08 7.501747510739384348e-08 -7.297775525708663211e-06
2.150000000000000000e+02 -2.343418145518049226e-08 7.011204027248671289e-08 -6.904778226329859137e-06
2.175000000000000000e+02 -1.962467922310715709e-08 6.549475528357357104e-08 -6.477578928697214247e-06
2.200000000000000000e+02 -1.796222666441792939e-08 6.147724763310380256e-08 -6.057601972445355722e-06
2.225000000000000000e+02 -1.653292008457686598e-08 5.762057382454591307e-08 -5.679787470101095812e-06
2.250000000000000000e+02 -1.521936089986142051e-08 5.438122307119788112e-08 -5.324411155952023658e-06
2.275000000000000000e+02 -1.366092711393972771e-08 5.068121010727460165e-08 -4.975987439471241008e-06
2.300000000000000000e+02 -1.258508911516122650e-08 4.741497912431463300e-08 -4.646745251928697776e-06
2.325000000000000000e+02 -1.119068935488067183e-08 4.468745177279648818e-08 -4.351285128466613090e-06
2.350000000000000000e+02 -1.007212956351992290e-08 4.130142804257593027e-08 -4.075006004913502292e-06
2.375000000000000000e+02 -9.034369203650154743e-09 3.782984508791497449e-08 -3.823979974610701152e-06
2.400000000000000000e+02 -8.186142891588053469e-09 3.448141351550580563e-08 -3.597533342919442301e-06
2.425000000000000000e+02 -8.206085137688884668e-09 3.186397876438117253e-08 -3.377808215695171718e-06
2.450000000000000000e+02 -7.962433731340172434e-09 2.935766234481140833e-08 -3.170348358758945580e-06
2.475000000000000000e+02 -6.684923011910583809e-09 2.809139479297853362e-08 -2.978336864411656986e-06
2.500000000000000000e+02 -5.433289246688224560e-09 2.839609575271376937e-08 -2.802289331052578502e-06
2.525000000000000000e+02 -4.128896752422284561e-09 2.837417000284942323e-08 -2.639656831409721384e-06
2.550000000000000000e+02 -3.087561175382061489e-09 2.737114249279159889e-08 -2.489865229336729953e-06
2.575000000000000000e+02 -1.737804258627649347e-09 2.556402120227916048e-08 -2.350046582477393849e-06
2.600000000000000000e+02 -7.578427622039388163e-10 2.412972848278602022e-08 -2.213676033109182404e-06
2.625000000000000000e+02 -6.880572827588584616e-10 2.319248850437798114e-08 -2.077398199649097162e-06
2.650000000000000000e+02 -4.621053990995260168e-10 2.153717635821108646e-08 -1.934712755625303100e-06
2.675000000000000000e+02 2.036953130659797324e-10 2.006969867810971259e-08 -1.794316704428741341e-06
2.700000000000000000e+02 1.286517591968282923e-09 1.909266824569031814e-08 -1.667810353663334914e-06
2.725000000000000000e+02 2.071446114897031398e-09 1.838564025880747039e-08 -1.554408606754477425e-06
2.750000000000000000e+02 2.600620526480446731e-09 1.791709163027006933e-08 -1.448476703362692800e-06
2.775000000000000000e+02 2.794622794507943087e-09 1.721334240886332295e-08 -1.344488180792146383e-06
2.800000000000000000e+02 2.773336996930364733e-09 1.595399740195376185e-08 -1.242910357233313506e-06
2.825000000000000000e+02 2.642914596729281272e-09 1.415577325714934769e-08 -1.151481258086306194e-06
2.850000000000000000e+02 2.565456400692735680e-09 1.268583843764891383e-08 -1.072899196357059090e-06
2.875000000000000000e+02 2.682968281696073545e-09 1.191228898572411882e-08 -1.000066649583145763e-06
2.900000000000000000e+02 2.747690081634759521e-09 1.106583900462517833e-08 -9.273050189384776615e-07
2.925000000000000000e+02 2.888599973835922502e-09 9.957004591370368015e-09 -8.555547302464227561e-07
2.950000000000000000e+02 2.844889094419073007e-09 8.924841783787678258e-09 -7.879507426893982660e-07
2.975000000000000000e+02 2.648704200154505198e-09 8.181468307729264310e-09 -7.221108357192732311e-07
3.000000000000000000e+02 2.511505847759424628e-09 7.584895418111699696e-09 -6.555652110642445162e-07
3.025000000000000000e+02 2.381943177844786133e-09 7.045893312485395275e-09 -5.914449577039471549e-07
3.050000000000000000e+02 2.264743568659249166e-09 6.513156594771033621e-09 -5.308758820197620635e-07
3.075000000000000000e+02 2.167163981136906127e-09 5.826195456007083008e-09 -4.731839907252240249e-07
3.100000000000000000e+02 2.146668675793943651e-09 5.099415082340792257e-09 -4.172632260075991774e-07
3.125000000000000000e+02 2.113746655024016935e-09 4.458937732086781399e-09 -3.647182611586081281e-07
3.150000000000000000e+02 1.932148988831325358e-09 4.063560516273223174e-09 -3.171920378474631085e-07
3.175000000000000000e+02 1.637980074442637004e-09 3.762495230874795852e-09 -2.742123110494680316e-07
3.200000000000000000e+02 1.456674699163194050e-09 3.425204454841977292e-09 -2.362298717691232806e-07
3.225000000000000000e+02 1.333091009115410929e-09 3.065168812517395100e-09 -2.038392031090102269e-07
3.250000000000000000e+02 1.150070564160012227e-09 2.700216729208528071e-09 -1.775058814415843679e-07
3.275000000000000000e+02 1.056083937511675397e-09 2.320737257136338549e-09 -1.564336187490436500e-07
3.300000000000000000e+02 1.066222451264468630e-09 1.859760337839322620e-09 -1.388872198673057992e-07
3.325000000000000000e+02 1.079520142281605680e-09 1.423972249835771860e-09 -1.230025956465368006e-07
3.350000000000000000e+02 1.050359140235258826e-09 1.143336103710853928e-09 -1.087676345882883841e-07
3.375000000000000000e+02 9.985820433885036769e-10 9.298746554498629729e-10 -9.527331736192915206e-08
3.400000000000000000e+02 9.078806415189066043e-10 7.524467279621686313e-10 -8.143598837375138042e-08
3.425000000000000000e+02 7.757123099355425241e-10 6.256799191817430219e-10 -6.787767567112535978e-08
3.450000000000000000e+02 6.490764856943205713e-10 5.402252194939334977e-10 -5.601309397093085848e-08
3.475000000000000000e+02 5.481482429735627541e-10 4.798971684985475311e-10 -4.649198034129024462e-08
3.500000000000000000e+02 4.509948086889165409e-10 4.186331173704468298e-10 -3.898758879741952676e-08
3.525000000000000000e+02 3.677514703249156967e-10 3.646166417016546587e-10 -3.289028903493003883e-08
3.550000000000000000e+02 3.028286799876563877e-10 3.233926288997582658e-10 -2.770410403475944077e-08
3.575000000000000000e+02 2.356560932717940011e-10 2.920014301150864510e-10 -2.317886687891549463e-08
3.600000000000000000e+02 1.766390655966759751e-10 2.660313918332297775e-10 -1.922866315554117770e-08
3.625000000000000000e+02 1.376337226174924829e-10 2.426890710470331319e-10 -1.574949484393839138e-08
3.650000000000000000e+02 1.153682867883808180e-10 2.183662072461576596e-10 -1.276135448034741429e-08
3.675000000000000000e+02 9.943872799228145853e-11 1.898250971851552413e-10 -1.030633190749190685e-08
3.700000000000000000e+02 8.691824349023201097e-11 1.603923865811400261e-10 -8.342792035912299939e-09
3.725000000000000000e+02 7.756711144243387738e-11 1.347502298003876861e-10 -6.836840053757037544e-09
3.750000000000000000e+02 6.746703567216880269e-11 1.147952071493354132e-10 -5.672472256368066748e-09
3.775000000000000000e+02 5.965564233246099603e-11 9.650985617089425340e-11 -4.741671560047398841e-09
3.800000000000000000e+02 5.497776328163351925e-11 8.068767245813886294e-11 -4.004392254472759915e-09
3.825000000000000000e+02 5.182152301549535027e-11 6.799249597916451817e-11 -3.422596109937321620e-09
3.850000000000000000e+02 4.844000499902274997e-11 5.833910582703012641e-11 -2.929939370687453886e-09
3.875000000000000000e+02 4.444622397924000613e-11 5.274978113327908361e-11 -2.522496969126670848e-09
3.900000000000000000e+02 3.974237807840832040e-11 4.981680603121890801e-11 -2.187880463101566314e-09
3.925000000000000000e+02 3.481265648854387730e-11 4.675447976698346834e-11 -1.925352189011342368e-09
3.950000000000000000e+02 3.082510616257742895e-11 4.214881689219409362e-11 -1.699519333269305488e-09
3.975000000000000000e+02 2.720250338059350717e-11 3.683293635722751068e-11 -1.493514497573391984e-09
4.000000000000000000e+02 2.434212483681250229e-11 3.101945644481509091e-11 -1.293611544638030933e-09
4.025000000000000000e+02 2.225214931936076066e-11 2.479821320797074817e-11 -1.106302182842087106e-09
4.050000000000000000e+02 1.997225403135346255e-11 1.885673983730746946e-11 -9.335423130320359289e-10
4.075000000000000000e+02 1.759763795738465588e-11 1.388185219433323879e-11 -7.971038552359354609e-10
4.100000000000000000e+02 1.522302478097366798e-11 1.063978138830614094e-11 -6.910126453311946083e-10
4.125000000000000000e+02 1.336131809673699016e-11 8.770020900972166572e-12 -6.166701748126461301e-10
4.150000000000000000e+02 1.180238923878152625e-11 8.028792044501796035e-12 -5.598049460092847087e-10
4.175000000000000000e+02 1.057819695050510863e-11 7.448447582875577370e-12 -5.282066517454424402e-10
4.200000000000000000e+02 9.216877299906953751e-12 7.221789170246469281e-12 -5.019118264336995671e-10
4.225000000000000000e+02 7.875298023679983167e-12 6.927628981923253988e-12 -4.842103510530086061e-10
4.250000000000000000e+02 6.199761193281601619e-12 7.048897314599688577e-12 -4.582800862084089349e-10
4.275000000000000000e+02 4.668423589802672981e-12 7.255943848785293833e-12 -4.345801500919293986e-10
4.300000000000000000e+02 2.953557909845691510e-12 7.888750621226880100e-12 -4.029502139560387845e-10
4.325000000000000000e+02 1.646877191476423952e-12 8.269579157024094950e-12 -3.752017406800129324e-10
4.350000000000000000e+02 3.532630146083417383e-13 8.575819563124716298e-12 -3.426755792430002928e-10
4.375000000000000000e+02 -4.992134876963443685e-13 8.378229663573476611e-12 -3.158072879781560772e-10
4.400000000000000000e+02 -1.241936687545057678e-12 8.091027824394876249e-12 -2.890120513355062598e-10
4.425000000000000000e+02 -1.531975949191765565e-12 7.390529067836753912e-12 -2.680313261360310994e-10
4.450000000000000000e+02 -1.734721898108536005e-12 6.576545021986093766e-12 -2.453732237245550097e-10
4.475000000000000000e+02 -1.606189152003942130e-12 5.475317512073190472e-12 -2.213245589964686557e-10
4.500000000000000000e+02 -1.520276798523622790e-12 4.437237345288655767e-12 -1.929795125704240782e-10
4.525000000000000000e+02 -1.238345177096605293e-12 3.376908990636232490e-12 -1.639721483433449423e-10
4.550000000000000000e+02 -1.118799791714237549e-12 2.579954328793900836e-12 -1.363736465410608431e-10
4.575000000000000000e+02 -8.597725322248808477e-13 1.833089068831110840e-12 -1.122687316639223416e-10
4.600000000000000000e+02 -7.277958624900361929e-13 1.349553897869588325e-12 -9.181452404899922450e-11
4.625000000000000000e+02 -4.800879798105569719e-13 9.184430646123925197e-13 -7.458225207531143146e-11
4.650000000000000000e+02 -3.528553337423082152e-13 6.711850259802530975e-13 -6.011530463991351187e-11
4.675000000000000000e+02 -1.824636936737213649e-13 4.390092486047427374e-13 -4.768193702706850707e-11
4.700000000000000000e+02 -1.392892896998831514e-13 3.004982885484503691e-13 -3.706457993424682501e-11
4.725000000000000000e+02 -7.331152155653855669e-14 1.758481162742669326e-13 -2.808869201169692949e-11
4.750000000000000000e+02 -6.891561890151023440e-14 1.168043202145706427e-13 -2.094004301404671569e-11
4.775000000000000000e+02 -3.425082237409909900e-14 7.228736129680683526e-14 -1.537833443012684938e-11
4.800000000000000000e+02 -2.688821023650084958e-14 5.652207586400496198e-14 -1.114839506775111097e-11
4.825000000000000000e+02 -7.808651610777824833e-15 4.162699260435163474e-14 -7.958921400096586441e-12
4.850000000000000000e+02 -5.302655825346218457e-15 3.306349337124397740e-14 -5.545542959888488125e-12
4.875000000000000000e+02 4.433756082232396788e-16 2.346083227828456855e-14 -3.770534507905168277e-12
4.900000000000000000e+02 1.296505432235400643e-16 1.699512750225990996e-14 -2.467488060870224894e-12
4.925000000000000000e+02 1.023611791164283316e-15 1.101556155507901071e-14 -1.537120787747125729e-12
4.950000000000000000e+02 3.170226210675119129e-16 6.587513310626963597e-15 -8.959427748290584651e-13
4.975000000000000000e+02 1.007024796198013614e-16 3.415298399791078465e-15 -4.832891703225325227e-13
5.000000000000000000e+02 -7.117417162494487995e-17 1.491581865456288715e-15 -2.319134389020920738e-13
5.025000000000000000e+02 -7.899895138095211161e-17 5.656737273995766253e-16 -1.004099337321151403e-13
5.050000000000000000e+02 -4.102406510160449007e-17 1.593688391646411442e-16 -3.783851458167364608e-14
5.075000000000000000e+02 -1.273424978985487647e-17 3.344932640634098816e-17 -1.246119511339198427e-14
5.100000000000000000e+02 -2.743993298563016516e-18 3.369648633186300153e-18 -3.230258760065493580e-15
5.125000000000000000e+02 -2.390228664081107065e-19 -5.373866114846065958e-20 -5.692292725721755615e-16
5.150000000000000000e+02 -1.262459822171456934e-21 -2.637299650199076978e-20 -5.007091177182794678e-17
5.175000000000000000e+02 1.001564737886528358e-22 -1.377627815929560440e-22 -1.004314335243022799e-18
5.200000000000000000e+02 7.054923291431242492e-25 1.629464283671439880e-24 -2.669350728128830049e-22
5.225000000000000000e+02 1.438240510453671859e-26 3.642642676496650975e-26 -1.015376366084751655e-23
5.250000000000000000e+02 1.289202051409072539e-27 -1.817734542685610034e-27 -1.087556375547774866e-24
5.275000000000000000e+02 8.075013231241232807e-29 -8.995022518007642764e-29 -2.899328878043551371e-25
5.300000000000000000e+02 -1.718288245012731467e-31 1.108360769526078563e-29 -8.260129773865280248e-26
5.325000000000000000e+02 -5.210772535317299109e-31 2.622089805092269361e-30 -2.338066234442062950e-26
5.350000000000000000e+02 1.422699462434329518e-32 1.394447898203155390e-31 -6.223928976844242192e-27
5.375000000000000000e+02 1.551804743933310067e-32 -1.063986004402548696e-32 -1.592923882594184588e-27
5.400000000000000000e+02 4.378156998328946841e-33 -2.786427984988359851e-33 -3.847253140758244022e-28
5.425000000000000000e+02 9.157182557031635791e-34 -2.277605747141287148e-34 -8.952862360714523512e-29
5.450000000000000000e+02 2.001810146050040094e-34 -1.575119518954449548e-35 -1.966272319806269637e-29
5.475000000000000000e+02 3.529941826197175929e-35 -1.218191868701163407e-36 -4.157061839655107404e-30
5.500000000000000000e+02 6.363450584469573124e-36 -2.827455425929967646e-37 -8.298120928777521916e-31
5.525000000000000000e+02 9.115349421723901249e-37 3.438116760122819414e-38 -1.594418362124240899e-31
5.550000000000000000e+02 1.355494506301060041e-37 1.428305272197628437e-38 -2.896289136110051359e-32
5.575000000000000000e+02 1.593630255441356076e-38 4.541603382251437568e-39 -5.066095545428475083e-33
5.600000000000000000e+02 1.902794661613326655e-39 7.114070854427742125e-40 -8.390768179645484258e-34
5.625000000000000000e+02 1.670451689227966159e-40 1.010421799082657010e-40 -1.338688313967686309e-34
5.650000000000000000e+02 1.298789155012257136e-41 9.587060518832286875e-42 -2.025449596052537324e-35
5.675000000000000000e+02 6.025874273816587319e-43 6.930243330326378439e-43 -2.952622996325045245e-36
5.700000000000000000e+02 6.225480535758165845e-45 3.014795616852855126e-44 -4.087806345285862372e-37
5.725000000000000000e+02 -1.425883771833526874e-45 -2.517140784309503077e-46 -5.455168723000956063e-38
5.750000000000000000e+02 -8.651642316411047541e-47 -1.471589033559574342e-46 -7.025787599129334364e-39
5.775000000000000000e+02 1.132484766235216844e-47 -1.565811745570072831e-47 -1.505478583792456824e-39
5.800000000000000000e+02 3.697475285027556078e-47 -1.999883677479866669e-47 -4.208353002820368419e-39
5.825000000000000000e+02 1.728935366871573941e-46 -8.687520393594706015e-47 -2.598662884055398662e-38
5.850000000000000000e+02 1.072424465593175503e-45 -6.171160740609655937e-46 -1.655614896625077857e-37
5.875000000000000000e+02 5.323830184873578582e-45 -2.917437087034526743e-45 -1.069406247260878380e-36
5.900000000000000000e+02 3.471629538783478891e-44 -2.085376347509277716e-44 -6.947141564361705678e-36
5.925000000000000000e+02 1.699055497558640679e-43 -9.568550656221186851e-44 -4.563212335797342899e-35
5.950000000000000000e+02 1.103184697525234024e-42 -6.790649532648352313e-43 -3.001921389232532520e-34
5.975000000000000000e+02 5.383634196361579317e-42 -3.203252159971923732e-42 -1.988849969053035855e-33
6.000000000000000000e+02 4.343671202758671284e-41 -2.627452768739536154e-41 -1.311851719168811877e-32
6.025000000000000000e+02 3.574674138282190036e-40 -1.840992716796120280e-40 -8.663235811439675034e-32
6.050000000000000000e+02 3.012708574946449248e-39 -1.571124943812587811e-39 -5.651303300200553307e-31
6.075000000000000000e+02 -1.218112377037470050e-38 8.070836862642479392e-39 -3.661041264586243061e-30
6.100000000000000000e+02 -6.617523605340546414e-37 3.265796876110749915e-37 -2.319122674502577113e-29
6.125000000000000000e+02 -7.856331851522988303e-36 3.585705067654953570e-36 -1.443045601259379118e-28
6.150000000000000000e+02 -7.581959037537903251e-36 9.003069578169987722e-36 -8.667564687477329635e-28
6.175000000000000000e+02 1.476194937928259253e-33 -7.560045739692852669e-34 -5.041489695192347218e-27
6.200000000000000000e+02 2.053050863179708829e-32 -1.165906906803643766e-32 -2.786590044546222416e-26
6.225000000000000000e+02 6.419758427675350187e-32 -3.490284744144856947e-32 -1.464392934587724775e-25
6.250000000000000000e+02 -3.814308820527275373e-31 2.003810562426922028e-31 -7.163218378505824257e-25
6.275000000000000000e+02 -1.004005850407618350e-29 4.571973838048189952e-30 -3.230881876620597448e-24
6.300000000000000000e+02 -9.676279104844843956e-29 3.948274264389584292e-29 -1.304049081108362350e-23
6.325000000000000000e+02 -2.638016368218992978e-28 8.169547600480551170e-29 -3.263797381594708949e-22
6.350000000000000000e+02 -3.527444092093081047e-26 1.393612795725432099e-26 -4.373698352391167280e-20
6.375000000000000000e+02 -2.044430641110473931e-24 -7.731382149489805043e-25 -3.707792559464792854e-18
6.400000000000000000e+02 -2.777581628725829004e-21 1.235907113493255639e-21 -8.460405638533351923e-16
6.425000000000000000e+02 3.158171014165344198e-22 -4.853828877987434856e-22 -1.038975754323141965e-13
6.450000000000000000e+02 2.507646273062015049e-27 2.070035326501335660e-27 -3.766207847527743280e-12
6.475000000000000000e+02 2.717541087776919763e-32 4.511471597351740155e-29 -5.414856255653921242e-11
6.500000000000000000e+02 -1.034445935635581313e-27 -1.810145021507966523e-27 -2.902016483328659683e-10
6.525000000000000000e+02 -1.115730236593917417e-27 -4.718984288365613823e-27 -5.725595591959726279e-10
6.550000000000000000e+02 -1.042821734828659005e-27 -7.780928987304044575e-27 -6.659819006837483169e-10
6.575000000000000000e+02 -1.119388081538809696e-27 -5.907243790463218750e-27 -6.559207883798747971e-10
6.600000000000000000e+02 -1.159109244142842200e-27 1.579122368435825412e-26 -6.428954642267029507e-10
6.625000000000000000e+02 -1.467403653416055755e-27 -2.151695642721716716e-26 -6.404070119924004549e-10
6.650000000000000000e+02 -1.034968217536519558e-27 1.358137772616338373e-26 -6.407922094075196215e-10
6.675000000000000000e+02 -9.783288328840007439e-28 2.447326055435227029e-26 -6.410391811482481392e-10
6.700000000000000000e+02 -1.141668902862487387e-27 -3.942778015017362181e-26 -6.410638502782276212e-10
6.725000000000000000e+02 -5.428877126202498669e-28 1.224917126530770859e-27 -6.410530843639745871e-10
6.750000000000000000e+02 -6.259355459668015581e-28 1.884953674706135009e-26 -6.410486431252432591e-10
6.775000000000000000e+02 -7.208531217479650364e-28 -4.479938594676591942e-26 -6.410473376697808403e-10
6.800000000000000000e+02 -4.335861299875438882e-28 3.412121826378757318e-26 -6.410473461627171590e-10
6.825000000000000000e+02 -1.739482891387374845e-28 -1.855347055757761029e-26 -6.410457660836200735e-10
6.850000000000000000e+02 5.578706954591976725e-28 5.270122747849856408e-26 -6.410471613424148089e-10
6.875000000000000000e+02 -1.858873504323712811e-27 -3.615401587696277568e-26 -6.410461974158705016e-10
6.900000000000000000e+02 -5.180646131539237601e-28 -5.002538467776955035e-26 -6.410481108752738564e-10
6.925000000000000000e+02 9.378666598663944004e-28 9.940064452392626300e-26 -6.410474295400361926e-10
6.950000000000000000e+02 1.522824225921401706e-27 -9.505502133803870342e-26 -6.410483434347139713e-10
6.975000000000000000e+02 1.759108159813978630e-27 -6.510443921243019468e-26 -6.410471763860058464e-10
7.000000000000000000e+02 1.298229600362530689e-27 2.433991186484742901e-26 -6.410469532352439279e-10
7.025000000000000000e+02 2.223551639413647366e-27 1.299295810880122991e-25 -6.410456454891058075e-10
7.050000000000000000e+02 1.303920723118835282e-27 -7.999514001431338427e-26 -6.410459398912423782e-10
7.075000000000000000e+02 2.082390932997176123e-28 3.338797276438445808e-26 -6.410451831093999517e-10
7.100000000000000000e+02 -1.035483913504838163e-29 -8.938032723923868196e-26 -6.410466902531468532e-10
7.125000000000000000e+02 -1.352040906177319699e-28 2.131702676656754765e-25 -6.410467475539826456e-10
7.150000000000000000e+02 7.611622996633232807e-28 4.224412846445113847e-26 -6.410487333266438378e-10
7.175000000000000000e+02 1.015371826591809491e-27 -2.220785269217845563e-25 -6.410488546344560051e-10
7.200000000000000000e+02 -1.228174357165505616e-27 1.254105524058474962e-25 -6.410502326984988684e-10
7.225000000000000000e+02 -9.497942791833202836e-28 8.652090231757119810e-26 -6.410498344299087381e-10
7.250000000000000000e+02 -3.263917375558986910e-28 -6.921813188592060651e-26 -6.410502600037754531e-10
7.275000000000000000e+02 -2.063599774775021229e-28 -1.771329690508680729e-25 -6.410530793810538799e-10
7.300000000000000000e+02 -4.503779768130972133e-28 1.013366280294690034e-26 -6.410632205009669761e-10
7.325000000000000000e+02 8.437317237932730548e-28 -1.219135377219869680e-26 -6.410367300239116232e-10
7.350000000000000000e+02 1.117946598735346963e-28 -1.688897492071402515e-25 -6.407902927374002434e-10
7.375000000000000000e+02 4.174895110562568746e-28 3.753225906708192805e-25 -6.404493573134081936e-10
7.400000000000000000e+02 2.708239631883964785e-28 -2.685096276104457041e-25 -6.429630021747288082e-10
7.425000000000000000e+02 3.378434717473989784e-28 1.862924191953982787e-25 -6.553274762716263810e-10
7.450000000000000000e+02 -8.030276835021142834e-28 6.187799163072546262e-26 -6.634737732164801564e-10
7.475000000000000000e+02 -1.682543313656733328e-27 -5.611814177375717305e-26 -5.734543935301871689e-10
7.500000000000000000e+02 1.264869660532798931e-29 -6.324434777859184746e-26 -3.058773002700404522e-10
7.525000000000000000e+02 -9.617268306490319278e-29 6.398148853607811414e-26 -7.935628969360733976e-11
7.550000000000000000e+02 2.625569370098851355e-27 -6.041822658245561229e-26 -2.706235208239619312e-11
7.575000000000000000e+02 -1.241626922835125791e-27 -1.396697792592933135e-25 -2.263674542600805189e-11
7.600000000000000000e+02 2.145075383415759404e-27 1.822712769364718196e-25 -2.353856544058881169e-11
7.625000000000000000e+02 -1.131077758376298003e-27 -3.518361099152604187e-25 -2.402633214335938829e-11
7.650000000000000000e+02 -5.047039131692463017e-28 9.564745465106148993e-26 -2.407038146747443874e-11
7.675000000000000000e+02 4.163009149132067089e-28 2.574384533676777184e-25 -2.404588615673190808e-11
7.700000000000000000e+02 -3.207966004121559176e-28 2.934507687633598329e-25 -2.403870143246059818e-11
7.725000000000000000e+02 -3.036859115946509290e-28 -3.289332254258788499e-25 -2.403880901145265734e-11
7.750000000000000000e+02 3.878036033274081639e-28 -5.582148555219869222e-26 -2.403921096910592724e-11
7.775000000000000000e+02 -1.353680914590174117e-27 1.378817121547172121e-25 -2.403929789973917675e-11
7.800000000000000000e+02 7.142758582067577014e-28 5.952057986711570960e-26 -2.403923087468044459e-11
7.825000000000000000e+02 1.175079423893932949e-27 -4.170186517027599865e-26 -2.403929537029734223e-11
7.850000000000000000e+02 -7.158121664952082333e-28 9.936763422396811916e-26 -2.403921255702082588e-11
7.875000000000000000e+02 2.806141395052487270e-28 -3.674964837432901417e-25 -2.403930204820800482e-11
7.900000000000000000e+02 -1.492949514559173631e-27 1.603507813456809728e-25 -2.403920359539673429e-11
7.925000000000000000e+02 -2.034573835278676952e-28 2.508206130134941559e-25 -2.403930156604034156e-11
7.950000000000000000e+02 3.017130173447529065e-28 -3.633077946054840335e-25 -2.403920050556696014e-11
7.975000000000000000e+02 -1.752181174609011472e-28 1.112733779206952262e-25 -2.403929451267081242e-11
8.000000000000000000e+02 9.281790498759896515e-28 1.349940845992270601e-25 -2.403920418274900413e-11
8.025000000000000000e+02 -3.199806368044167037e-28 -2.547536079777495837e-25 -2.403928208245339989e-11
8.050000000000000000e+02 6.409123192327574654e-28 -6.527659908843811103e-26 -2.403921327929606024e-11
8.075000000000000000e+02 -8.367120761857345181e-28 5.043181629822228641e-25 -2.403926627416086635e-11
8.100000000000000000e+02 -8.602045061991134088e-28 -3.575538476024941691e-25 -2.403922559541677704e-11
8.125000000000000000e+02 -2.556514316687715125e-27 2.310663248829708477e-25 -2.403924959823211627e-11
8.150000000000000000e+02 1.569675111018600817e-28 -3.828009653292833511e-25 -2.403923816523582012e-11
8.175000000000000000e+02 1.125870812676979984e-27 1.552553390774646649e-25 -2.403923461166528165e-11
8.200000000000000000e+02 -5.020928567549636693e-29 -2.893511282519300851e-25 -2.403924867033873892e-11
8.225000000000000000e+02 -3.875755977276133093e-27 2.280919118198573713e-25 -2.403922384127569501e-11
8.250000000000000000e+02 -1.400832977878095821e-27 3.130044985743705289e-25 -2.403925541507714226e-11
8.275000000000000000e+02 -1.212422290331430595e-27 -3.333505690799565932e-26 -2.403921817821093781e-11
8.300000000000000000e+02 4.148468087044076133e-28 -4.952490643198290767e-25 -2.403925769768088907e-11
8.325000000000000000e+02 2.017725874656607650e-28 2.400992828506311020e-25 -2.403921752235256484e-11
8.350000000000000000e+02 1.398603095010779058e-28 1.351195419349866242e-25 -2.403925581165733550e-11
8.375000000000000000e+02 -1.041806780984499961e-27 -3.629962656445766517e-26 -2.403922085874458459e-11
8.400000000000000000e+02 1.193767307648239937e-27 3.624816053730200622e-26 -2.403925095965287536e-11
8.425000000000000000e+02 -1.426750447469965896e-27 -4.361208846973358799e-26 -2.403922659699046612e-11
8.450000000000000000e+02 9.454571759024912268e-28 1.657781287713679402e-25 -2.403924443477907561e-11
8.475000000000000000e+02 -3.597741519306668646e-28 -7.913008692427750793e-26 -2.403923307886947912e-11
8.500000000000000000e+02 1.111218749742174675e-27 4.426648888280594293e-26 -2.403923771312033937e-11
8.525000000000000000e+02 1.022244196096467932e-27 -1.221421961827016839e-25 -2.403923900972097354e-11
8.550000000000000000e+02 -1.236277633440615327e-27 -7.536373318626435270e-26 -2.403923173138368250e-11
8.575000000000000000e+02 1.529632151473498656e-27 -6.706024379491462888e-26 -2.403924355420644898e-11
8.600000000000000000e+02 -5.193948768571541642e-29 2.312941117216775270e-25 -2.403922703428383641e-11
8.625000000000000000e+02 1.613897944550725340e-28 2.054917837727357154e-25 -2.403924620602816879e-11
8.650000000000000000e+02 5.752334666412205698e-29 5.314047692711265824e-26 -2.403922368269497400e-11
8.675000000000000000e+02 -1.126103621142507857e-28 -7.908025152928747685e-25 -2.403924683767882002e-11
8.700000000000000000e+02 1.004985174977708725e-27 3.083524063966302085e-25 -2.403922179955420626e-11
8.725000000000000000e+02 -6.927051276099110977e-29 -3.659639849094786477e-25 -2.403924602122535061e-11
8.750000000000000000e+02 4.133556461871261244e-28 2.342063595732792985e-25 -2.403922110117569957e-11
8.775000000000000000e+02 2.254937422080404419e-28 2.825917832753698323e-25 -2.403924380453720666e-11
8.800000000000000000e+02 4.013529646166139219e-27 -1.228700639768335417e-25 -2.403922081156263220e-11
8.825000000000000000e+02 -8.024241433491923609e-28 -1.742880572386611464e-25 -2.403924091730217219e-11
8.850000000000000000e+02 -4.016177019941691167e-27 2.952822402142922899e-25 -2.403922100083300117e-11
8.875000000000000000e+02 -1.970042273645509143e-27 -1.048290546854332905e-25 -2.403923781487286696e-11
8.900000000000000000e+02 -6.347984408489380767e-27 8.227106105277177165e-27 -2.403922101753456291e-11
8.925000000000000000e+02 -1.132759669796576073e-27 -4.004923316190436436e-26 -2.403923476100334499e-11
8.950000000000000000e+02 -2.010448506063382201e-28 2.698120740867374481e-25 -2.403922115187556064e-11
8.975000000000000000e+02 -1.508173570382979639e-28 -1.313438329989497322e-25 -2.403923197592572363e-11
9.000000000000000000e+02 -1.471471002897331787e-29 3.469530337120637776e-25 -2.403922119320099028e-11
9.025000000000000000e+02 1.173119881961619435e-27 -5.321132283743455827e-25 -2.403922962522757699e-11
9.050000000000000000e+02 -3.540905365048470416e-27 -3.101471431042524765e-26 -2.403922147762062034e-11
9.075000000000000000e+02 5.733168295052700966e-28 3.539659032336784037e-25 -2.403922783074514529e-11
9.100000000000000000e+02 1.636588422496659446e-28 -1.441185695791759287e-26 -2.403922185782853111e-11
9.125000000000000000e+02 -1.207296192144654838e-27 5.385414396179071114e-26 -2.403922675986472626e-11
9.150000000000000000e+02 -1.607332377020639875e-27 -7.360062527536549455e-25 -2.403922276949826323e-11
9.175000000000000000e+02 -2.753243739481115305e-28 2.901214935446939730e-25 -2.403922646359237674e-11
9.200000000000000000e+02 2.654046392262839914e-29 6.515813359288514327e-25 -2.403922413865916458e-11
9.225000000000000000e+02 5.896630463119049149e-28 -5.405540696330922183e-25 -2.403922710736888829e-11
9.250000000000000000e+02 -7.785920109528775336e-28 -4.113655831110086576e-26 -2.403922616748657810e-11
9.275000000000000000e+02 -1.117241972482164217e-29 -6.976329080499338242e-26 -2.403922854662459653e-11
9.300000000000000000e+02 -3.171288687888049508e-28 3.033014505264321519e-25 -2.403922881924096670e-11
9.325000000000000000e+02 3.446441628557739141e-29 1.480334959987065631e-26 -2.403923092882520594e-11
9.350000000000000000e+02 -1.660941662373809116e-28 -1.402503404169560495e-25 -2.403923225059111711e-11
9.375000000000000000e+02 4.362016001865703634e-27 2.523005582434964640e-27 -2.403923404277936339e-11
9.400000000000000000e+02 8.007744047921707737e-28 -5.793169749707401719e-25 -2.403923622787834569e-11
9.425000000000000000e+02 1.624334868791503885e-27 1.099041235711400145e-25 -2.403923797701390258e-11
9.450000000000000000e+02 7.480003569249167698e-28 1.130152594733252831e-25 -2.403924100010714557e-11
9.475000000000000000e+02 4.126477275283704430e-27 3.460031609727053009e-25 -2.403924255622545088e-11
9.500000000000000000e+02 -1.585398553642525271e-27 -2.134227886956605233e-25 -2.403924618597524925e-11
9.525000000000000000e+02 -3.595086659897618540e-27 4.540915658986800605e-25 -2.403924768095702322e-11
9.550000000000000000e+02 -3.049305659220634886e-28 -6.849437885726374256e-25 -2.403925184629309150e-11
9.575000000000000000e+02 -6.904963779752273121e-27 8.350534630782183165e-25 -2.403925301141545788e-11
9.600000000000000000e+02 1.184541985150424865e-28 -9.490796459989863078e-26 -2.403925755344733144e-11
9.625000000000000000e+02 2.748718580719760139e-28 -3.547236279192440533e-25 -2.403925851268093107e-11
9.650000000000000000e+02 2.890182822592089557e-29 -2.756894392138365343e-25 -2.403926341567127582e-11
9.675000000000000000e+02 2.896351059562263920e-28 3.940285804403577372e-25 -2.403926384709014834e-11
9.700000000000000000e+02 1.924971210413022259e-27 -1.571421967644504215e-26 -2.403926899983305799e-11
9.725000000000000000e+02 -2.400766359633151924e-27 -1.978466592855457522e-25 -2.403926889326531173e-11
9.750000000000000000e+02 -7.822337537110406596e-28 -3.239725642871946660e-25 -2.403927443330402310e-11
9.775000000000000000e+02 2.467116621982094754e-28 4.260995678545371822e-25 -2.403927324788146512e-11
9.800000000000000000e+02 -8.379015005670146428e-28 -4.009002468424596499e-25 -2.403927944668209881e-11
9.825000000000000000e+02 1.289247347541419836e-27 2.365613771972847783e-25 -2.403927611694634652e-11
9.850000000000000000e+02 -2.175833632746517528e-27 2.404567152819881106e-25 -2.403927776285266778e-11
9.875000000000000000e+02 2.495267217814002373e-28 3.812554536745866837e-25 -2.403922856391148226e-11
9.900000000000000000e+02 -4.140649571361309965e-27 -3.910476271562063430e-25 -2.403967071796171233e-11
9.925000000000000000e+02 -4.613119678347761504e-29 3.438548317212679381e-25 -2.404674181274721514e-11
9.950000000000000000e+02 2.297597353014491927e-28 -7.326105964981810994e-25 -2.396447288614989546e-11
9.975000000000000000e+02 -9.922962102447504574e-29 3.190180879952762075e-25 -2.169986347472326888e-11
1.000000000000000000e+03 3.127090197356481342e-28 2.005110028456606842e-25 -1.549642425407741593e-11
