# z, TI
0.000000000000000000e+00 6.211497411865231355e-02
2.500000000000000000e+00 6.895086906301159391e-02
5.000000000000000000e+00 6.861301442725548094e-02
7.500000000000000000e+00 6.549164155739881088e-02
1.000000000000000000e+01 6.094331216502060777e-02
1.250000000000000000e+01 5.666664767161180838e-02
1.500000000000000000e+01 5.308500412110590122e-02
1.750000000000000000e+01 5.013603529708737794e-02
2.000000000000000000e+01 4.769457490253959514e-02
2.250000000000000000e+01 4.560765652130831932e-02
2.500000000000000000e+01 4.381837330291111360e-02
2.750000000000000000e+01 4.227319208622969116e-02
3.000000000000000000e+01 4.097301374294089193e-02
3.250000000000000000e+01 3.982612566639377738e-02
3.500000000000000000e+01 3.875195621150697572e-02
3.750000000000000000e+01 3.778436814712544944e-02
4.000000000000000000e+01 3.685087523847497409e-02
4.250000000000000000e+01 3.593237455790340013e-02
4.500000000000000000e+01 3.508929062815902000e-02
4.750000000000000000e+01 3.429316826279205088e-02
5.000000000000000000e+01 3.355466085364814527e-02
5.250000000000000000e+01 3.281999516311730897e-02
5.500000000000000000e+01 3.211116629066998462e-02
5.750000000000000000e+01 3.144161373882096988e-02
6.000000000000000000e+01 3.080382281671850339e-02
6.250000000000000000e+01 3.024496729950359314e-02
6.500000000000000000e+01 2.969074139141713101e-02
6.750000000000000000e+01 2.909784722501618237e-02
7.000000000000000000e+01 2.850662509548999857e-02
7.250000000000000000e+01 2.798749660619937948e-02
7.500000000000000000e+01 2.748723953830843961e-02
7.750000000000000000e+01 2.695584425171267118e-02
8.000000000000000000e+01 2.644814129229675764e-02
8.250000000000000000e+01 2.594836978893254667e-02
8.500000000000000000e+01 2.547640249572317647e-02
8.750000000000000000e+01 2.502261043938550783e-02
9.000000000000000000e+01 2.456035974718617440e-02
9.250000000000000000e+01 2.409347835651684533e-02
9.500000000000000000e+01 2.367589122506514460e-02
9.750000000000000000e+01 2.329502128321548141e-02
1.000000000000000000e+02 2.290595989605394983e-02
1.025000000000000000e+02 2.250652286620381803e-02
1.050000000000000000e+02 2.210524861095248053e-02
1.075000000000000000e+02 2.170942327906858968e-02
1.100000000000000000e+02 2.132564481039582113e-02
1.125000000000000000e+02 2.095084933902935723e-02
1.150000000000000000e+02 2.058898433614704190e-02
1.175000000000000000e+02 2.025627392857576314e-02
1.200000000000000000e+02 1.993607466204436532e-02
1.225000000000000000e+02 1.962714491319094562e-02
1.250000000000000000e+02 1.934508521497274244e-02
1.275000000000000000e+02 1.903790688403581011e-02
1.300000000000000000e+02 1.872009367197147514e-02
1.325000000000000000e+02 1.841186095178149948e-02
1.350000000000000000e+02 1.809784121408087795e-02
1.375000000000000000e+02 1.776337766469159724e-02
1.400000000000000000e+02 1.741770148098320883e-02
1.425000000000000000e+02 1.708890999081144613e-02
1.450000000000000000e+02 1.677821507377157476e-02
1.475000000000000000e+02 1.649368887789308749e-02
1.500000000000000000e+02 1.624377116296170029e-02
1.525000000000000000e+02 1.600710345885652044e-02
1.550000000000000000e+02 1.576189273727962581e-02
1.575000000000000000e+02 1.552929216193490482e-02
1.600000000000000000e+02 1.531280085031203053e-02
1.625000000000000000e+02 1.511386475390106773e-02
1.650000000000000000e+02 1.491936712430861657e-02
1.675000000000000000e+02 1.468669938808048192e-02
1.700000000000000000e+02 1.445191128472228352e-02
1.725000000000000000e+02 1.424260453581677882e-02
1.750000000000000000e+02 1.404726391375349208e-02
1.775000000000000000e+02 1.384355732200130348e-02
1.800000000000000000e+02 1.363480848658107231e-02
1.825000000000000000e+02 1.343814446475885896e-02
1.850000000000000000e+02 1.325962487597436186e-02
1.875000000000000000e+02 1.306439780037824995e-02
1.900000000000000000e+02 1.287000963880919127e-02
1.925000000000000000e+02 1.268292855812543779e-02
1.950000000000000000e+02 1.248756372223904648e-02
1.975000000000000000e+02 1.226868686902356405e-02
2.000000000000000000e+02 1.206379528468009069e-02
2.025000000000000000e+02 1.188396676657313758e-02
2.050000000000000000e+02 1.169129692795622261e-02
2.075000000000000000e+02 1.151235845328035107e-02
2.100000000000000000e+02 1.133421380686862844e-02
2.125000000000000000e+02 1.114927892502889754e-02
2.150000000000000000e+02 1.099501244694765616e-02
2.175000000000000000e+02 1.084121795011219747e-02
2.200000000000000000e+02 1.066562221809822832e-02
2.225000000000000000e+02 1.047694914395633572e-02
2.250000000000000000e+02 1.027717309967859580e-02
2.275000000000000000e+02 1.008105437454628710e-02
2.300000000000000000e+02 9.897973639620872774e-03
2.325000000000000000e+02 9.727967062401301698e-03
2.350000000000000000e+02 9.576900528599283438e-03
2.375000000000000000e+02 9.431834752957364912e-03
2.400000000000000000e+02 9.258318547988560535e-03
2.425000000000000000e+02 9.073087925889037827e-03
2.450000000000000000e+02 8.889144753196203189e-03
2.475000000000000000e+02 8.727796799516098630e-03
2.500000000000000000e+02 8.594917100860195724e-03
2.525000000000000000e+02 8.474200290944564756e-03
2.550000000000000000e+02 8.353844087063152721e-03
2.575000000000000000e+02 8.224073125547426769e-03
2.600000000000000000e+02 8.082830244756067026e-03
2.625000000000000000e+02 7.934516961740901292e-03
2.650000000000000000e+02 7.788794763768393942e-03
2.675000000000000000e+02 7.637313087903624224e-03
2.700000000000000000e+02 7.483728095413907065e-03
2.725000000000000000e+02 7.330367898076910541e-03
2.750000000000000000e+02 7.162108177589564945e-03
2.775000000000000000e+02 6.987302700890448900e-03
2.800000000000000000e+02 6.835387883164911922e-03
2.825000000000000000e+02 6.693931592701192132e-03
2.850000000000000000e+02 6.544808235242435823e-03
2.875000000000000000e+02 6.395072277767200643e-03
2.900000000000000000e+02 6.247561231649928840e-03
2.925000000000000000e+02 6.105359805722539342e-03
2.950000000000000000e+02 5.962978011499605810e-03
2.975000000000000000e+02 5.811964817886077633e-03
3.000000000000000000e+02 5.654642343279645683e-03
3.025000000000000000e+02 5.504852161639819767e-03
3.050000000000000000e+02 5.357238599178745959e-03
3.075000000000000000e+02 5.197896095994781161e-03
3.100000000000000000e+02 5.032309914115265688e-03
3.125000000000000000e+02 4.866001420468581834e-03
3.150000000000000000e+02 4.706173336342570242e-03
3.175000000000000000e+02 4.551015332385965374e-03
3.200000000000000000e+02 4.393682129115348070e-03
3.225000000000000000e+02 4.230085833260760486e-03
3.250000000000000000e+02 4.060687875130308822e-03
3.275000000000000000e+02 3.896509314710076399e-03
3.300000000000000000e+02 3.743111782511732849e-03
3.325000000000000000e+02 3.591881443023246887e-03
3.350000000000000000e+02 3.443052791301884526e-03
3.375000000000000000e+02 3.306171088957136472e-03
3.400000000000000000e+02 3.188060629714415534e-03
3.425000000000000000e+02 3.080851853092014900e-03
3.450000000000000000e+02 2.967745741737735834e-03
3.475000000000000000e+02 2.857715095553592637e-03
3.500000000000000000e+02 2.751340010639067007e-03
3.525000000000000000e+02 2.647458026575217824e-03
3.550000000000000000e+02 2.545796631824120710e-03
3.575000000000000000e+02 2.454052476628505730e-03
3.600000000000000000e+02 2.362991912894111483e-03
3.625000000000000000e+02 2.279217935214546912e-03
3.650000000000000000e+02 2.195201299024149549e-03
3.675000000000000000e+02 2.119511203331314163e-03
3.700000000000000000e+02 2.040487936373329685e-03
3.725000000000000000e+02 1.966987007913909014e-03
3.750000000000000000e+02 1.896019011716432385e-03
3.775000000000000000e+02 1.837588099787707202e-03
3.800000000000000000e+02 1.783022795916037713e-03
3.825000000000000000e+02 1.734621193606282908e-03
3.850000000000000000e+02 1.682982438595538978e-03
3.875000000000000000e+02 1.641862889931116221e-03
3.900000000000000000e+02 1.593077919049706598e-03
3.925000000000000000e+02 1.553358927212446922e-03
3.950000000000000000e+02 1.503654011238199709e-03
3.975000000000000000e+02 1.463026776732738324e-03
4.000000000000000000e+02 1.416391172022514206e-03
4.025000000000000000e+02 1.380067812702193098e-03
4.050000000000000000e+02 1.335848628383676847e-03
4.075000000000000000e+02 1.303854649367059380e-03
4.100000000000000000e+02 1.263981534087496843e-03
4.125000000000000000e+02 1.235579948445195315e-03
4.150000000000000000e+02 1.195319082522582977e-03
4.175000000000000000e+02 1.170318405533063346e-03
4.200000000000000000e+02 1.126391610550607492e-03
4.225000000000000000e+02 1.105405727867351086e-03
4.250000000000000000e+02 1.057153529698917453e-03
4.275000000000000000e+02 1.042475909183244055e-03
4.300000000000000000e+02 9.915612373800112254e-04
4.325000000000000000e+02 9.871221516259602678e-04
4.350000000000000000e+02 9.336783177213777048e-04
4.375000000000000000e+02 9.349298166618990550e-04
4.400000000000000000e+02 8.739491121400537032e-04
4.425000000000000000e+02 8.787764459460217044e-04
4.450000000000000000e+02 8.107375725517331974e-04
4.475000000000000000e+02 8.218901338063023350e-04
4.500000000000000000e+02 7.512769713635690559e-04
4.525000000000000000e+02 7.689970637240702879e-04
4.550000000000000000e+02 6.984123158661537968e-04
4.575000000000000000e+02 7.192033104195366114e-04
4.600000000000000000e+02 6.465914343225405685e-04
4.625000000000000000e+02 6.691034815003123800e-04
4.650000000000000000e+02 5.938404921536996227e-04
4.675000000000000000e+02 6.211150333419970153e-04
4.700000000000000000e+02 5.444276113206274713e-04
4.725000000000000000e+02 5.764864554119070476e-04
4.750000000000000000e+02 4.994805113195775617e-04
4.775000000000000000e+02 5.351507923571309413e-04
4.800000000000000000e+02 4.594620748574486358e-04
4.825000000000000000e+02 4.969583502538181714e-04
4.850000000000000000e+02 4.253750188254465988e-04
4.875000000000000000e+02 4.620799785491216212e-04
4.900000000000000000e+02 3.967911806546343891e-04
4.925000000000000000e+02 4.309522311752006897e-04
4.950000000000000000e+02 3.728298917094745746e-04
4.975000000000000000e+02 4.038562863316846711e-04
5.000000000000000000e+02 3.523107496438944246e-04
5.025000000000000000e+02 3.803252852062596391e-04
5.050000000000000000e+02 3.343674911053079696e-04
5.075000000000000000e+02 3.596843791431951183e-04
5.100000000000000000e+02 3.184871003270820932e-04
5.125000000000000000e+02 3.414925223336445878e-04
5.150000000000000000e+02 3.043529997475007435e-04
5.175000000000000000e+02 3.254460406826438458e-04
5.200000000000000000e+02 2.917383748790296650e-04
5.225000000000000000e+02 3.112837065468900943e-04
5.250000000000000000e+02 2.804750831671436097e-04
5.275000000000000000e+02 2.987969504266713822e-04
5.300000000000000000e+02 2.704175081128133359e-04
5.325000000000000000e+02 2.878076119413935582e-04
5.350000000000000000e+02 2.614340763121063781e-04
5.375000000000000000e+02 2.781579973152940562e-04
5.400000000000000000e+02 2.534136722383758264e-04
5.425000000000000000e+02 2.697118493330488849e-04
5.450000000000000000e+02 2.462655791726746780e-04
5.475000000000000000e+02 2.623516941863740428e-04
5.500000000000000000e+02 2.399162845588543561e-04
5.525000000000000000e+02 2.559756050325829278e-04
5.550000000000000000e+02 2.343061810620748547e-04
5.575000000000000000e+02 2.504949379618542677e-04
5.600000000000000000e+02 2.293867543096133222e-04
5.625000000000000000e+02 2.458330921705803476e-04
5.650000000000000000e+02 2.251184181234232361e-04
5.675000000000000000e+02 2.419249328536179433e-04
5.700000000000000000e+02 2.214689346566057744e-04
5.725000000000000000e+02 2.387166703285110243e-04
5.750000000000000000e+02 2.184123604088861886e-04
5.775000000000000000e+02 2.361660679940754868e-04
5.800000000000000000e+02 2.159283428537173643e-04
5.825000000000000000e+02 2.342428593664141957e-04
5.850000000000000000e+02 2.140016789223611333e-04
5.875000000000000000e+02 2.329293561095516695e-04
5.900000000000000000e+02 2.126218547390628082e-04
5.925000000000000000e+02 2.322212073265794458e-04
5.950000000000000000e+02 2.117825602561964292e-04
5.975000000000000000e+02 2.321283390610032432e-04
6.000000000000000000e+02 2.114811952247733760e-04
6.025000000000000000e+02 2.326761092209160499e-04
6.050000000000000000e+02 2.117185792381216141e-04
6.075000000000000000e+02 2.339066299228076341e-04
6.100000000000000000e+02 2.124993736238245867e-04
6.125000000000000000e+02 2.358806949339408213e-04
6.150000000000000000e+02 2.138333029662985304e-04
6.175000000000000000e+02 2.386799812415559409e-04
6.200000000000000000e+02 2.157374427069911542e-04
6.225000000000000000e+02 2.424102331797611495e-04
6.250000000000000000e+02 2.182395382490603215e-04
6.275000000000000000e+02 2.472045689923674369e-04
6.300000000000000000e+02 2.213829353585329801e-04
6.325000000000000000e+02 2.532288886123219992e-04
6.350000000000000000e+02 2.252342222361870729e-04
6.375000000000000000e+02 2.606912227464835996e-04
6.400000000000000000e+02 2.298944872901071280e-04
6.425000000000000000e+02 2.698534361879594153e-04
6.450000000000000000e+02 2.354459680558217626e-04
6.475000000000000000e+02 2.778399445176570060e-04
6.500000000000000000e+02 2.227276810619176477e-04
6.525000000000000000e+02 2.280092770998270980e-04
6.550000000000000000e+02 2.257397343550513521e-04
6.575000000000000000e+02 2.572715754556449924e-04
6.600000000000000000e+02 2.633553362644119877e-04
6.625000000000000000e+02 2.943204951377162426e-04
6.650000000000000000e+02 3.037057632351399450e-04
6.675000000000000000e+02 3.251024364998705558e-04
6.700000000000000000e+02 3.297148649891618890e-04
6.725000000000000000e+02 3.408037834193542196e-04
6.750000000000000000e+02 3.417226691926504361e-04
6.775000000000000000e+02 3.493475732433280376e-04
6.800000000000000000e+02 3.493470201982252143e-04
6.825000000000000000e+02 3.579572694122889207e-04
6.850000000000000000e+02 3.613757467993741193e-04
6.875000000000000000e+02 3.706673416362128433e-04
6.900000000000000000e+02 3.764223853918264792e-04
6.925000000000000000e+02 3.833442739846773203e-04
6.950000000000000000e+02 3.877716651328547430e-04
6.975000000000000000e+02 3.891004713410607164e-04
7.000000000000000000e+02 3.904921723978790546e-04
7.025000000000000000e+02 3.858522416035470152e-04
7.050000000000000000e+02 3.850068069452208417e-04
7.075000000000000000e+02 3.779799220120878475e-04
7.100000000000000000e+02 3.769772171609290156e-04
7.125000000000000000e+02 3.712633261944168952e-04
7.150000000000000000e+02 3.713547005529195576e-04
7.175000000000000000e+02 3.657504873441963836e-04
7.200000000000000000e+02 3.660551667076139180e-04
7.225000000000000000e+02 3.552409967980753899e-04
7.250000000000000000e+02 3.534608040937380936e-04
7.275000000000000000e+02 3.335985885980376599e-04
7.300000000000000000e+02 3.285180388825693931e-04
7.325000000000000000e+02 3.016660729775054082e-04
7.350000000000000000e+02 2.928099636503045129e-04
7.375000000000000000e+02 2.632266365545680390e-04
7.400000000000000000e+02 2.509267671022474486e-04
7.425000000000000000e+02 2.269916447032918193e-04
7.450000000000000000e+02 2.055609835463374768e-04
7.475000000000000000e+02 1.905344172175386095e-04
7.500000000000000000e+02 1.885990509571041111e-04
7.525000000000000000e+02 1.927768733662187811e-04
7.550000000000000000e+02 1.947501229927421748e-04
7.575000000000000000e+02 1.831286406207229315e-04
7.600000000000000000e+02 1.929796805719297278e-04
7.625000000000000000e+02 1.797146469921402905e-04
7.650000000000000000e+02 1.887649195251032063e-04
7.675000000000000000e+02 1.765320382477791536e-04
7.700000000000000000e+02 1.844260693025792587e-04
7.725000000000000000e+02 1.732909947063188214e-04
7.750000000000000000e+02 1.800820398007088184e-04
7.775000000000000000e+02 1.700232613294048068e-04
7.800000000000000000e+02 1.757787806743761063e-04
7.825000000000000000e+02 1.667665822941689869e-04
7.850000000000000000e+02 1.715676393202663697e-04
7.875000000000000000e+02 1.635083348367381503e-04
7.900000000000000000e+02 1.674948817265819036e-04
7.925000000000000000e+02 1.602167026810332590e-04
7.950000000000000000e+02 1.635821302633915517e-04
7.975000000000000000e+02 1.568776213048985704e-04
8.000000000000000000e+02 1.598250140770628614e-04
8.025000000000000000e+02 1.535001365544717410e-04
8.050000000000000000e+02 1.561999410390057662e-04
8.075000000000000000e+02 1.501054657014055124e-04
8.100000000000000000e+02 1.526748836372464585e-04
8.125000000000000000e+02 1.467163157095424620e-04
8.150000000000000000e+02 1.492210929189408792e-04
8.175000000000000000e+02 1.433521054644984818e-04
8.200000000000000000e+02 1.458203642702455421e-04
8.225000000000000000e+02 1.400283583980729872e-04
8.250000000000000000e+02 1.424666932761931275e-04
8.275000000000000000e+02 1.367576006991147095e-04
8.300000000000000000e+02 1.391638624121903085e-04
8.325000000000000000e+02 1.335500578966504937e-04
8.350000000000000000e+02 1.359213777418121698e-04
8.375000000000000000e+02 1.304135475457289040e-04
8.400000000000000000e+02 1.327505680361329161e-04
8.425000000000000000e+02 1.273531885778820681e-04
8.450000000000000000e+02 1.296616287497296262e-04
8.475000000000000000e+02 1.243717831557863886e-04
8.500000000000000000e+02 1.266622402206744489e-04
8.525000000000000000e+02 1.214705894770748060e-04
8.550000000000000000e+02 1.237574383831819972e-04
8.575000000000000000e+02 1.186506151964727138e-04
8.600000000000000000e+02 1.209502276255321375e-04
8.625000000000000000e+02 1.159138228718787359e-04
8.650000000000000000e+02 1.182425967830725823e-04
8.675000000000000000e+02 1.132640211234632946e-04
8.700000000000000000e+02 1.156364606455821735e-04
8.725000000000000000e+02 1.107073845403202226e-04
8.750000000000000000e+02 1.131344836522750133e-04
8.775000000000000000e+02 1.082523601685258288e-04
8.800000000000000000e+02 1.107409493770292484e-04
8.825000000000000000e+02 1.059097183465582543e-04
8.850000000000000000e+02 1.084623456026025860e-04
8.875000000000000000e+02 1.036924415341561025e-04
8.900000000000000000e+02 1.063079212324531117e-04
8.925000000000000000e+02 1.016155833381753531e-04
8.950000000000000000e+02 1.042897930981632511e-04
8.975000000000000000e+02 9.969580955637914093e-05
9.000000000000000000e+02 1.024227907934829998e-04
9.025000000000000000e+02 9.795082877841714670e-05
9.050000000000000000e+02 1.007235898219999208e-04
9.075000000000000000e+02 9.639834561535261552e-05
9.100000000000000000e+02 9.920940663073233255e-05
9.125000000000000000e+02 9.505483870475990018e-05
9.150000000000000000e+02 9.789648573703499824e-05
9.175000000000000000e+02 9.393410669401579022e-05
9.200000000000000000e+02 9.679845148847802320e-05
9.225000000000000000e+02 9.304584050591494990e-05
9.250000000000000000e+02 9.592477180568550912e-05
9.275000000000000000e+02 9.239436803766978119e-05
9.300000000000000000e+02 9.527941023726797765e-05
9.325000000000000000e+02 9.197768236777994664e-05
9.350000000000000000e+02 9.485992752162647381e-05
9.375000000000000000e+02 9.178686237476757579e-05
9.400000000000000000e+02 9.465694823919034372e-05
9.425000000000000000e+02 9.180599121244657334e-05
9.450000000000000000e+02 9.465420204476623130e-05
9.475000000000000000e+02 9.201258733596407011e-05
9.500000000000000000e+02 9.482901078661344705e-05
9.525000000000000000e+02 9.237838591573376554e-05
9.550000000000000000e+02 9.515330409146252968e-05
9.575000000000000000e+02 9.287042643393751543e-05
9.600000000000000000e+02 9.559487036783770450e-05
9.625000000000000000e+02 9.345218426234156285e-05
9.650000000000000000e+02 9.611879085779329263e-05
9.675000000000000000e+02 9.408469369700083189e-05
9.700000000000000000e+02 9.668881875716411108e-05
9.725000000000000000e+02 9.472760263806845175e-05
9.750000000000000000e+02 9.726859467976236076e-05
9.775000000000000000e+02 9.534064831995092530e-05
9.800000000000000000e+02 9.782242988352818824e-05
9.825000000000000000e+02 9.588667795044568366e-05
9.850000000000000000e+02 9.831497469813141809e-05
9.875000000000000000e+02 9.633877895362666984e-05
9.900000000000000000e+02 9.870781607975168332e-05
9.925000000000000000e+02 9.669783452455097089e-05
9.950000000000000000e+02 9.894980023386668359e-05
9.975000000000000000e+02 9.699433058329382591e-05
1.000000000000000000e+03 9.895870809551570444e-05
