z Tu Tv Tw
0.000000000000000000e+00 9.328598959888324653e-04 1.057717539166100123e-03 8.141168198795429076e-07
2.500000000000000000e+00 2.425661861617300040e-03 2.591575458544616382e-03 -1.714422195175223536e-04
5.000000000000000000e+00 3.367491863872061359e-03 3.574928555440231789e-03 -5.978667217551116887e-04
7.500000000000000000e+00 4.004541525817689220e-03 4.179981038643353422e-03 -1.090901294169921518e-03
1.000000000000000000e+01 4.296905477255643160e-03 4.359060261766450201e-03 -1.579156642339362869e-03
1.250000000000000000e+01 4.375317767088989646e-03 4.307382239498787346e-03 -1.930370185771130729e-03
1.500000000000000000e+01 4.355699196109469144e-03 4.178781115528892344e-03 -2.159192867561436201e-03
1.750000000000000000e+01 4.300325239817436550e-03 4.010590946576610138e-03 -2.277000750654826870e-03
2.000000000000000000e+01 4.245840868852735275e-03 3.836283190854806145e-03 -2.328497969165146692e-03
2.250000000000000000e+01 4.177771080013417161e-03 3.651103405317576104e-03 -2.333220081467545816e-03
2.500000000000000000e+01 4.096893883778704622e-03 3.463867541970910239e-03 -2.312419451613592462e-03
2.750000000000000000e+01 4.022798882528957204e-03 3.276372578399286851e-03 -2.275316279102210411e-03
3.000000000000000000e+01 3.949259127164782279e-03 3.090345978078039551e-03 -2.229987147323571426e-03
3.250000000000000000e+01 3.892130788543295052e-03 2.932935723073478492e-03 -2.177839655870337197e-03
3.500000000000000000e+01 3.841391524018683903e-03 2.794876793248647715e-03 -2.124826496019307457e-03
3.750000000000000000e+01 3.800349799420018639e-03 2.658051388140631865e-03 -2.070933512185357556e-03
4.000000000000000000e+01 3.753517634881495518e-03 2.519788287691380937e-03 -2.019529552138436476e-03
4.250000000000000000e+01 3.692810743075153855e-03 2.373275748502089947e-03 -1.966958414238505030e-03
4.500000000000000000e+01 3.638267300939935448e-03 2.239537631893460945e-03 -1.912661857774606948e-03
4.750000000000000000e+01 3.584658966672532067e-03 2.114618538981358209e-03 -1.858308951721463929e-03
5.000000000000000000e+01 3.517825964764893006e-03 1.997928924491941278e-03 -1.805352625750400800e-03
5.250000000000000000e+01 3.437227082783204067e-03 1.874130084916839729e-03 -1.749484261155507528e-03
5.500000000000000000e+01 3.387486454767303992e-03 1.767272019121003245e-03 -1.696635304134402064e-03
5.750000000000000000e+01 3.358957749362821016e-03 1.680956034988992116e-03 -1.645357963034987112e-03
6.000000000000000000e+01 3.315074066777333548e-03 1.602900987178838875e-03 -1.596109327869575526e-03
6.250000000000000000e+01 3.254524002052835291e-03 1.514163987265590037e-03 -1.544340479491843098e-03
6.500000000000000000e+01 3.198055983358870022e-03 1.424121990165792872e-03 -1.492856978806552390e-03
6.750000000000000000e+01 3.128646518243613072e-03 1.313677768983620778e-03 -1.442588062773364488e-03
7.000000000000000000e+01 3.032877242528297587e-03 1.190596254742058539e-03 -1.395959844907360657e-03
7.250000000000000000e+01 2.947491786473938058e-03 1.096974708262189258e-03 -1.349552825832489806e-03
7.500000000000000000e+01 2.866818277178299554e-03 1.008546362647416575e-03 -1.304023139477368748e-03
7.750000000000000000e+01 2.782240184784211430e-03 9.281855247966063361e-04 -1.259531661700506603e-03
8.000000000000000000e+01 2.702110496738214553e-03 8.689671184188796317e-04 -1.217137158734686933e-03
8.250000000000000000e+01 2.624814008377825397e-03 8.178106556120382691e-04 -1.174960477947192307e-03
8.500000000000000000e+01 2.549299831880318633e-03 7.736341970104490106e-04 -1.134057368770791628e-03
8.750000000000000000e+01 2.467786055844283215e-03 7.206111376600347548e-04 -1.094061195859110953e-03
9.000000000000000000e+01 2.385859480567830912e-03 6.587640312824078132e-04 -1.054557973760313072e-03
9.250000000000000000e+01 2.316896519836541147e-03 6.128553200422742981e-04 -1.016355219774872382e-03
9.500000000000000000e+01 2.254594160755914178e-03 5.730782852829065417e-04 -9.789377803293031633e-04
9.750000000000000000e+01 2.198978952022082566e-03 5.264530190109667062e-04 -9.423069414481110521e-04
1.000000000000000000e+02 2.134497896906077576e-03 4.756311635359906985e-04 -9.052759249607465405e-04
1.025000000000000000e+02 2.055908062728337669e-03 4.330941409196725485e-04 -8.701457363002186151e-04
1.050000000000000000e+02 1.979366779090992005e-03 3.980980545781903786e-04 -8.345120416926461162e-04
1.075000000000000000e+02 1.906508918927613590e-03 3.662112606525283909e-04 -8.015836598360170148e-04
1.100000000000000000e+02 1.841478499481820612e-03 3.373731609504943842e-04 -7.703036313784442785e-04
1.125000000000000000e+02 1.779489479971482465e-03 3.109250929422501235e-04 -7.401376638418522350e-04
1.150000000000000000e+02 1.720764975145539248e-03 2.896703312572412653e-04 -7.102152173791023921e-04
1.175000000000000000e+02 1.668237651817139474e-03 2.695342406451800370e-04 -6.823597030981400427e-04
1.200000000000000000e+02 1.617852835755422903e-03 2.432754724672349768e-04 -6.552793013145270795e-04
1.225000000000000000e+02 1.568471360480270952e-03 2.088916385222432744e-04 -6.299967684686581370e-04
1.250000000000000000e+02 1.521074388716601739e-03 1.759222298074632749e-04 -6.057017133604493181e-04
1.275000000000000000e+02 1.478406089247323541e-03 1.541880104416577465e-04 -5.818118655546113864e-04
1.300000000000000000e+02 1.433802590018717557e-03 1.336443137509149884e-04 -5.582246983573348111e-04
1.325000000000000000e+02 1.380034971858287891e-03 1.161562892258757564e-04 -5.346287939782846943e-04
1.350000000000000000e+02 1.323969636407082342e-03 1.015790328820798962e-04 -5.117365495854850257e-04
1.375000000000000000e+02 1.266345626157999466e-03 9.252082688035443195e-05 -4.893049555812606886e-04
1.400000000000000000e+02 1.207165355093843496e-03 9.341545793848808664e-05 -4.681727724387437623e-04
1.425000000000000000e+02 1.154649143833683025e-03 9.029090961934115782e-05 -4.478206139725701370e-04
1.450000000000000000e+02 1.110245985072049260e-03 8.193147333828391813e-05 -4.287360824357913029e-04
1.475000000000000000e+02 1.065744039244827853e-03 6.628654772063101159e-05 -4.102972053420661101e-04
1.500000000000000000e+02 1.023412758658730475e-03 5.216403885467570648e-05 -3.928351555248400925e-04
1.525000000000000000e+02 9.864124427925958713e-04 4.381129815399162624e-05 -3.757928184185643740e-04
1.550000000000000000e+02 9.524013298593558309e-04 3.687050691987678650e-05 -3.594548286247978915e-04
1.575000000000000000e+02 9.204677833355276364e-04 3.047724953163424342e-05 -3.436516103078758990e-04
1.600000000000000000e+02 8.863929880344016427e-04 2.272611550298506765e-05 -3.284625470310231408e-04
1.625000000000000000e+02 8.554590097964592538e-04 1.454392563048259089e-05 -3.142374534041697661e-04
1.650000000000000000e+02 8.279706692318768678e-04 5.893760716901397659e-06 -3.001666364862882476e-04
1.675000000000000000e+02 7.958933372576666634e-04 -3.381539299857649746e-06 -2.866200210942942430e-04
1.700000000000000000e+02 7.579886652483082844e-04 -1.226293839545178322e-05 -2.738681944388836418e-04
1.725000000000000000e+02 7.220447622098845374e-04 -1.909141476152171845e-05 -2.618967862401716702e-04
1.750000000000000000e+02 6.898646469437835858e-04 -2.363736070025197557e-05 -2.507412867042674949e-04
1.775000000000000000e+02 6.593135690776421275e-04 -2.518400351218588119e-05 -2.396480428386462791e-04
1.800000000000000000e+02 6.305159156533705119e-04 -2.597271191560821590e-05 -2.292661476983778575e-04
1.825000000000000000e+02 6.032219949419527494e-04 -2.488389416164409252e-05 -2.194278890519365199e-04
1.850000000000000000e+02 5.791306963571173343e-04 -2.510041162605602857e-05 -2.100966097498404650e-04
1.875000000000000000e+02 5.563607209532506507e-04 -2.934068208431881553e-05 -2.012383623366354271e-04
1.900000000000000000e+02 5.328408209209442060e-04 -3.331375344678235876e-05 -1.927134671568728468e-04
1.925000000000000000e+02 5.087114991280714633e-04 -3.690675012919655341e-05 -1.846714055256778921e-04
1.950000000000000000e+02 4.852102650689971586e-04 -3.881292808439411307e-05 -1.766992354614702239e-04
1.975000000000000000e+02 4.606714256580744424e-04 -3.961241909231603286e-05 -1.691812156681709494e-04
2.000000000000000000e+02 4.375193698637076778e-04 -3.974026648113522238e-05 -1.622219320809000019e-04
2.025000000000000000e+02 4.163024471065568692e-04 -4.020176083083697508e-05 -1.554021031904702615e-04
2.050000000000000000e+02 3.953728161931280662e-04 -4.158377539188223062e-05 -1.488699648667075144e-04
2.075000000000000000e+02 3.766206149949084423e-04 -4.075056749660461444e-05 -1.425667762526368256e-04
2.100000000000000000e+02 3.592724514879023470e-04 -3.757568904119352630e-05 -1.365240239222568987e-04
2.125000000000000000e+02 3.424657955605084434e-04 -3.440614085271818349e-05 -1.305432663261106878e-04
2.150000000000000000e+02 3.278685536495118012e-04 -3.079141183134197505e-05 -1.247583826565232083e-04
2.175000000000000000e+02 3.137423276157619311e-04 -2.903424977322401884e-05 -1.192952802914133182e-04
2.200000000000000000e+02 2.977042739877788433e-04 -2.889099863015189877e-05 -1.138289783871519165e-04
2.225000000000000000e+02 2.803593501615864571e-04 -2.907209380749691184e-05 -1.084566424105474938e-04
2.250000000000000000e+02 2.640064811456568515e-04 -2.868029189256730995e-05 -1.032374669270518067e-04
2.275000000000000000e+02 2.491967854888684788e-04 -2.760794832059900765e-05 -9.826416380329206315e-05
2.300000000000000000e+02 2.343795565695699998e-04 -2.744695950658524326e-05 -9.353979866439616022e-05
2.325000000000000000e+02 2.200756328404850082e-04 -2.744065087467788641e-05 -8.894370694957395959e-05
2.350000000000000000e+02 2.059653272479295034e-04 -2.766589597576967174e-05 -8.459444217574068074e-05
2.375000000000000000e+02 1.921534494539400774e-04 -2.739882063223149117e-05 -8.032496286110558340e-05
2.400000000000000000e+02 1.790166965373259675e-04 -2.621437864141853256e-05 -7.621796035579149183e-05
2.425000000000000000e+02 1.673053169863237708e-04 -2.456777666354810084e-05 -7.225502214136119176e-05
2.450000000000000000e+02 1.570545124637305807e-04 -2.373651159850851243e-05 -6.847082709416237826e-05
2.475000000000000000e+02 1.485842337751478121e-04 -2.344436044292024266e-05 -6.488248342064245806e-05
2.500000000000000000e+02 1.418803031315292267e-04 -2.303795442884393088e-05 -6.148414742987663901e-05
2.525000000000000000e+02 1.366837184976361626e-04 -2.215140745564667815e-05 -5.823127220408603875e-05
2.550000000000000000e+02 1.320463831409483596e-04 -2.079139126669815672e-05 -5.513508808801298504e-05
2.575000000000000000e+02 1.274164017240536954e-04 -1.963371943004403822e-05 -5.213362234295760802e-05
2.600000000000000000e+02 1.219461023559460940e-04 -1.915307861958126461e-05 -4.924065256945814952e-05
2.625000000000000000e+02 1.160958855048306810e-04 -1.906145553110718535e-05 -4.642698269830761447e-05
2.650000000000000000e+02 1.109727816544932413e-04 -1.876179581587393921e-05 -4.367641207377542480e-05
2.675000000000000000e+02 1.060870957812539973e-04 -1.885800662859082880e-05 -4.100664056559806899e-05
2.700000000000000000e+02 1.010199729294072353e-04 -1.950154424587253611e-05 -3.838337200085172810e-05
2.725000000000000000e+02 9.591908632352215685e-05 -1.986989833843608879e-05 -3.587543856396433752e-05
2.750000000000000000e+02 9.113957234442296364e-05 -1.915828783738788841e-05 -3.345985424894865707e-05
2.775000000000000000e+02 8.639657641022040755e-05 -1.799745651405828653e-05 -3.118818304706036534e-05
2.800000000000000000e+02 8.189320646258693248e-05 -1.663379323010758684e-05 -2.902689582812171141e-05
2.825000000000000000e+02 7.706915091658856937e-05 -1.559470522317951588e-05 -2.694451270901498862e-05
2.850000000000000000e+02 7.153368402418891514e-05 -1.521227275571845883e-05 -2.495137585722030868e-05
2.875000000000000000e+02 6.636603036816950780e-05 -1.520011820828131017e-05 -2.306618340566287545e-05
2.900000000000000000e+02 6.209092148651507376e-05 -1.484021547690872452e-05 -2.132490729749075676e-05
2.925000000000000000e+02 5.859449057466008622e-05 -1.409578255066890130e-05 -1.969151528895383854e-05
2.950000000000000000e+02 5.500796512822034773e-05 -1.322117589020308561e-05 -1.816544849268532833e-05
2.975000000000000000e+02 5.115132078143460334e-05 -1.226931553964050189e-05 -1.672506549533163802e-05
3.000000000000000000e+02 4.704060731282879392e-05 -1.141906809757529151e-05 -1.537596751699355879e-05
3.025000000000000000e+02 4.283522370221817289e-05 -1.068540203191332647e-05 -1.408872274453953100e-05
3.050000000000000000e+02 3.906414170284051244e-05 -9.906265448591967130e-06 -1.286995911619422629e-05
3.075000000000000000e+02 3.601915165686477553e-05 -8.885962213616949328e-06 -1.172513581305015110e-05
3.100000000000000000e+02 3.318913236818161837e-05 -7.726447098502831586e-06 -1.066070891743132729e-05
3.125000000000000000e+02 3.026218162843861016e-05 -6.644748856194837350e-06 -9.642101714876196767e-06
3.150000000000000000e+02 2.736821269870688296e-05 -5.864889129611583424e-06 -8.687670034303695394e-06
3.175000000000000000e+02 2.479119182465865272e-05 -5.167848631754168285e-06 -7.784039713723256754e-06
3.200000000000000000e+02 2.238839727783670252e-05 -4.456621926181015121e-06 -6.947326824914189385e-06
3.225000000000000000e+02 1.990627404695715017e-05 -3.718811492535678510e-06 -6.156025326557595629e-06
3.250000000000000000e+02 1.739499054513089392e-05 -3.011983612907442889e-06 -5.408556871730532159e-06
3.275000000000000000e+02 1.500553906356572026e-05 -2.357818178722936884e-06 -4.710396398193933801e-06
3.300000000000000000e+02 1.287438734134411779e-05 -1.740287703421472643e-06 -4.077553383348802791e-06
3.325000000000000000e+02 1.097542110010181238e-05 -1.266514226836079548e-06 -3.506473867248234417e-06
3.350000000000000000e+02 9.347096371391217743e-06 -8.952227580834914992e-07 -3.014592085955457284e-06
3.375000000000000000e+02 7.961930542251139333e-06 -6.454438006016971150e-07 -2.586362164648634850e-06
3.400000000000000000e+02 6.840701451289987520e-06 -5.047639231975153957e-07 -2.231503872190705028e-06
3.425000000000000000e+02 5.931977579689374072e-06 -4.195233147697763342e-07 -1.922493991736566434e-06
3.450000000000000000e+02 5.152460522037927544e-06 -3.512032750336402212e-07 -1.664723857525821704e-06
3.475000000000000000e+02 4.444543729880478984e-06 -2.789336245541562584e-07 -1.426754540616543734e-06
3.500000000000000000e+02 3.792195918697416540e-06 -1.695499426205060368e-07 -1.229537772417715623e-06
3.525000000000000000e+02 3.168301756954860909e-06 -5.910256760444099147e-08 -1.045537356959918691e-06
3.550000000000000000e+02 2.634590349543941455e-06 2.706684705344741929e-08 -8.977567575519011006e-07
3.575000000000000000e+02 2.220137872518534813e-06 7.911082541340874999e-08 -7.602807153171726274e-07
3.600000000000000000e+02 1.914478483956827506e-06 1.053692243658588225e-07 -6.551652579173174746e-07
3.625000000000000000e+02 1.637013358731564910e-06 8.659526935161920391e-08 -5.565089278734766512e-07
3.650000000000000000e+02 1.394051943998419943e-06 4.893539418162617888e-08 -4.843379077406938229e-07
3.675000000000000000e+02 1.191332253574728300e-06 6.638805052716633831e-09 -4.133340691758654798e-07
3.700000000000000000e+02 1.034617704317497455e-06 -2.463966939103556720e-08 -3.638931582553687130e-07
3.725000000000000000e+02 9.167092221673556492e-07 -4.039709740482067193e-08 -3.113731892044980948e-07
3.750000000000000000e+02 8.113630583352460148e-07 -4.473069526511608210e-08 -2.770189575183607678e-07
3.775000000000000000e+02 7.234241734408897005e-07 -4.549265847799688433e-08 -2.371020272272625064e-07
3.800000000000000000e+02 6.399367590006477097e-07 -3.758889972687029657e-08 -2.124169050582481413e-07
3.825000000000000000e+02 5.672865977544461416e-07 -2.836558721810433808e-08 -1.809127377483351320e-07
3.850000000000000000e+02 4.900947970213565067e-07 -1.480613581179568386e-08 -1.622244501675595830e-07
3.875000000000000000e+02 4.214383679595812319e-07 -9.807484639168251406e-09 -1.372060389390694000e-07
3.900000000000000000e+02 3.478029849816266439e-07 -3.879640780724002875e-09 -1.229189619138075004e-07
3.925000000000000000e+02 2.824135466767074836e-07 -4.146392325310444302e-09 -1.028046714591012384e-07
3.950000000000000000e+02 2.205081109309503611e-07 -6.395456125574128242e-10 -9.232995518221345213e-08
3.975000000000000000e+02 1.740914518563840737e-07 1.499745042110589535e-09 -7.669571070624795269e-08
4.000000000000000000e+02 1.365391003787408509e-07 5.159873899174271803e-09 -7.027796450381211742e-08
4.025000000000000000e+02 1.141985759659291978e-07 5.823264177706733174e-09 -5.833966073366684749e-08
4.050000000000000000e+02 9.694403076991875080e-08 8.711215423318208455e-09 -5.492938784808403176e-08
4.075000000000000000e+02 9.219002720328717842e-08 7.308319152343756694e-09 -4.561391563836807813e-08
4.100000000000000000e+02 8.428999245779778279e-08 1.043263816882244965e-08 -4.406863049725134376e-08
4.125000000000000000e+02 8.490955380011655043e-08 8.649944868466264037e-09 -3.652975185258666460e-08
4.150000000000000000e+02 7.811886274566859578e-08 1.276538284855632757e-08 -3.633902309232918139e-08
4.175000000000000000e+02 7.946453607701186649e-08 1.050756571885358464e-08 -3.014148826484921152e-08
4.200000000000000000e+02 7.071323958598440680e-08 1.533217211999726817e-08 -3.086299774507708580e-08
4.225000000000000000e+02 7.116931718655905165e-08 1.373828506530116981e-08 -2.577901306409636245e-08
4.250000000000000000e+02 6.146606262973364841e-08 1.877216395769210084e-08 -2.698334332566544181e-08
4.275000000000000000e+02 6.205863718378168499e-08 1.770096727113923364e-08 -2.283700250615061105e-08
4.300000000000000000e+02 5.266231721634540045e-08 2.133577887661886046e-08 -2.400992962393467814e-08
4.325000000000000000e+02 5.393067070826873652e-08 2.066424511895092885e-08 -2.060800576721211909e-08
4.350000000000000000e+02 4.466642255920305857e-08 2.208831357393137292e-08 -2.135015773375303367e-08
4.375000000000000000e+02 4.481964119804615813e-08 2.125268033523752761e-08 -1.867588101395093347e-08
4.400000000000000000e+02 3.561535371545687580e-08 1.989080979001300988e-08 -1.867158793925959266e-08
4.425000000000000000e+02 3.395398750853928506e-08 1.904633635376740184e-08 -1.681843560599864962e-08
4.450000000000000000e+02 2.599064548576279767e-08 1.564216321412459314e-08 -1.584199787586972027e-08
4.475000000000000000e+02 2.310801643261584020e-08 1.532619689896819074e-08 -1.478959558941943076e-08
4.500000000000000000e+02 1.779642860810781623e-08 1.102206784935333368e-08 -1.286342904879511653e-08
4.525000000000000000e+02 1.488751537408461512e-08 1.139346820764330953e-08 -1.244121721573806749e-08
4.550000000000000000e+02 1.236137885598509491e-08 6.972210360345343158e-09 -9.905117290610113055e-09
4.575000000000000000e+02 9.593536231022881929e-09 7.933094616419112646e-09 -9.904915615135697495e-09
4.600000000000000000e+02 8.712169687896675102e-09 3.820537983756367182e-09 -7.235419210244943294e-09
4.625000000000000000e+02 5.890120417006983577e-09 5.123442167587199963e-09 -7.473821894170531416e-09
4.650000000000000000e+02 5.735760612424201347e-09 1.713045924134348807e-09 -5.042636309764898492e-09
4.675000000000000000e+02 3.206750341178121686e-09 3.022394082563550923e-09 -5.359294509122134349e-09
4.700000000000000000e+02 3.427732315230969284e-09 5.424193204817129153e-10 -3.367840894461744663e-09
4.725000000000000000e+02 1.548567342979367770e-09 1.673641327215591515e-09 -3.644170118857419098e-09
4.750000000000000000e+02 1.878800480881182099e-09 6.838433819211786458e-11 -2.147853110043329561e-09
4.775000000000000000e+02 6.492507395705615282e-10 9.458261047257109924e-10 -2.316086406892947849e-09
4.800000000000000000e+02 9.361484785586071458e-10 -5.049141691415570860e-11 -1.287987654311650913e-09
4.825000000000000000e+02 2.265124408040719663e-10 5.128184511704602725e-10 -1.344052754897634637e-09
4.850000000000000000e+02 4.081509132447536291e-10 -7.293606358871329965e-11 -7.082495428130403905e-10
4.875000000000000000e+02 6.137354375823633669e-11 2.210509933320281523e-10 -6.907269938931123017e-10
4.900000000000000000e+02 1.394452169733995183e-10 -6.402291319318465588e-11 -3.384252542437866200e-10
4.925000000000000000e+02 -4.190439994999905712e-12 6.659695372945861963e-11 -2.987156094917516576e-10
4.950000000000000000e+02 1.987493760680081278e-11 -3.511001978040440204e-11 -1.288419288896319145e-10
4.975000000000000000e+02 -1.950356818269938384e-11 1.285409325646469322e-11 -9.964459424908559590e-11
5.000000000000000000e+02 -9.716200111142825829e-12 -1.135755383074865726e-11 -3.423368797807523270e-11
5.025000000000000000e+02 -1.083525376088800881e-11 -4.083744897798169232e-13 -2.222272199832992839e-11
5.050000000000000000e+02 -3.097306944255251359e-12 -1.900082224892685220e-12 -5.488961401661784918e-12
5.075000000000000000e+02 -3.077002475038170801e-12 -1.210037225973792293e-12 -2.972350138263053547e-12
5.100000000000000000e+02 -2.609453986224252865e-13 -1.626858647796325442e-13 -4.494211960108442543e-13
5.125000000000000000e+02 -1.006094407784985417e-12 -5.152173798705917149e-13 -1.326412431984242539e-13
5.150000000000000000e+02 -5.726860763388685743e-13 -2.779756869131233601e-13 -4.785133509982978624e-15
5.175000000000000000e+02 -2.194383341702632510e-13 -1.099692781281191911e-13 -1.196408424567407205e-16
5.200000000000000000e+02 -5.536548997042700517e-14 -2.404476617812178956e-14 -3.756453833972731284e-17
5.225000000000000000e+02 2.983142621815204872e-14 1.184616849059239041e-14 -6.830810466958506446e-18
5.250000000000000000e+02 -3.759623723453842035e-13 -2.014985511777922483e-13 -3.970466770847943354e-17
5.275000000000000000e+02 3.490185918053612057e-14 2.070237314910628036e-14 -3.011304110255886946e-18
5.300000000000000000e+02 2.924025466199964105e-14 1.650732883717864703e-14 2.978200368611294481e-18
5.325000000000000000e+02 3.675495463539845972e-14 1.880380295915529035e-14 -4.384761596778335888e-18
5.350000000000000000e+02 -3.559989636414684564e-13 -1.955413608811795681e-13 -4.052986109703490580e-17
5.375000000000000000e+02 3.119566827081143598e-14 1.787157088983804060e-14 -4.466997653935003544e-18
5.400000000000000000e+02 -3.580566954042297071e-13 -1.933472049131523932e-13 -4.081698595380291721e-17
5.425000000000000000e+02 9.624727681512013296e-14 4.993125912733375791e-14 -1.168502618341220373e-17
5.450000000000000000e+02 3.828972694464027748e-14 2.028173184953630005e-14 5.226617648065607669e-18
5.475000000000000000e+02 3.385594027349725470e-14 1.909938873723149418e-14 -2.488228400448003180e-18
5.500000000000000000e+02 3.516333890729584020e-14 2.286242306581698369e-14 5.204662384666186349e-18
5.525000000000000000e+02 4.318394530855585128e-13 2.350702743569854501e-13 -5.442996720656997646e-17
5.550000000000000000e+02 4.279172571841627500e-14 2.207798388553783428e-14 5.070616371444583200e-18
5.575000000000000000e+02 -2.979390956170391072e-13 -1.568764673720579486e-13 3.861735014881392789e-17
5.600000000000000000e+02 4.901039574178866851e-14 2.281694833072833598e-14 5.806309209474558401e-18
5.625000000000000000e+02 3.415152605157345537e-14 1.457465259591117597e-14 -5.462285083881329772e-18
5.650000000000000000e+02 4.509956852416507866e-14 2.435172063997015374e-14 5.508987939494089890e-18
5.675000000000000000e+02 4.287130650482140376e-14 2.231672624475322690e-14 -6.156206322710869697e-18
5.700000000000000000e+02 4.181401891401037754e-14 2.522710929042659542e-14 6.126921683218856707e-18
5.725000000000000000e+02 4.247340257279574731e-14 1.838316165958531319e-14 -5.953961959960854889e-18
5.750000000000000000e+02 4.110916052013635374e-14 2.653450792422518093e-14 6.020139627690296247e-18
5.775000000000000000e+02 -3.592163011489901638e-13 -1.934381543833296760e-13 5.062511824679982811e-17
5.800000000000000000e+02 3.783497959375381296e-14 2.034994395216926847e-14 5.646119693742540480e-18
5.825000000000000000e+02 -3.580225893529132008e-13 -1.942794369824696430e-13 5.112187257717837406e-17
5.850000000000000000e+02 1.074567990144714759e-13 5.570655048359185356e-14 1.428485354635321154e-17
5.875000000000000000e+02 3.880131771438755007e-14 1.974740371224470360e-14 -6.506126475243345920e-18
5.900000000000000000e+02 4.475850801100023027e-14 1.857642928371205809e-14 6.649914722611088790e-18
5.925000000000000000e+02 4.090452421223744849e-14 2.002025212277658358e-14 -5.937397383644349373e-18
5.950000000000000000e+02 -3.594323061406612357e-13 -1.910620994749479102e-13 -5.385126345498411880e-17
5.975000000000000000e+02 3.811919668805785329e-14 2.233946361229755075e-14 -5.885502703108864995e-18
6.000000000000000000e+02 3.749391908058896457e-14 2.015667632804252357e-14 6.571242302470109282e-18
6.025000000000000000e+02 3.798277248279191645e-14 2.205524651799351043e-14 -6.078209496048620113e-18
6.050000000000000000e+02 3.404920789762399959e-14 2.521574060665443507e-14 6.161819101832554910e-18
6.075000000000000000e+02 3.584545993362553698e-14 2.339675120310858014e-14 -7.365320782741144064e-18
6.100000000000000000e+02 3.952891347580589457e-14 2.298747858731076017e-14 7.659197169725129330e-18
6.125000000000000000e+02 3.799414116656407681e-14 2.297610990353859982e-14 -6.335339560901640067e-18
6.150000000000000000e+02 4.813500709133222683e-14 2.114575181622058138e-14 6.883064945914161116e-18
6.175000000000000000e+02 -3.500304046610835906e-13 -1.911757863126695138e-13 5.526316065190568017e-17
6.200000000000000000e+02 3.977902451879344753e-14 1.974740371224470360e-14 7.623766459167839641e-18
6.225000000000000000e+02 4.255298335920088239e-14 2.110027708113193367e-14 -8.284214057064720594e-18
6.250000000000000000e+02 2.999058779096230625e-14 1.397211235598660953e-14 4.543781529416785149e-18
6.275000000000000000e+02 -1.576836439198814218e-14 -9.060840966412796783e-15 3.531274258465957873e-18
6.300000000000000000e+02 3.834657036350108555e-14 2.486331140971742633e-14 4.981835798924250293e-18
6.325000000000000000e+02 4.683897714130580168e-14 2.459046299918554635e-14 -8.472671349235572785e-18
6.350000000000000000e+02 2.418732947262469815e-12 1.219950718223117330e-12 5.721387231170938361e-16
6.375000000000000000e+02 -6.900791049702092823e-14 1.954276740434579520e-14 -1.104504365775200067e-14
6.400000000000000000e+02 -2.020101419475395146e-13 -5.426738880487391495e-12 1.206856107768906303e-12
6.425000000000000000e+02 -1.105900423681305289e-10 1.225278970196086364e-09 -1.811545998063696674e-10
6.450000000000000000e+02 2.095987925940789814e-08 -2.140173660336586152e-08 3.208386956238763044e-09
6.475000000000000000e+02 4.268506439188968012e-07 1.216287938518689763e-07 3.724347187646546212e-08
6.500000000000000000e+02 3.084458531054679250e-06 -1.412827921058124097e-07 -3.431726166051179372e-07
6.525000000000000000e+02 3.447516998846822525e-06 7.506067822987460812e-07 5.068839543465184190e-07
6.550000000000000000e+02 -1.315290597119655913e-06 -1.054917322767323546e-06 -6.517101246738214100e-07
6.575000000000000000e+02 -7.085252176818812250e-06 1.864394480662667789e-07 4.745611366634093074e-07
6.600000000000000000e+02 -8.978765595452386890e-06 -9.370430263288654091e-07 -6.587746766798269333e-07
6.625000000000000000e+02 -1.149780653159950740e-05 5.160201634907935412e-07 2.742564293710484854e-07
6.650000000000000000e+02 -1.159204727848646110e-05 -8.571826243496616520e-07 -4.105168781292814245e-07
6.675000000000000000e+02 -1.234164986115047207e-05 3.722845176298505989e-07 1.030313652820167397e-07
6.700000000000000000e+02 -1.104188883170991180e-05 -7.768354521317632601e-07 -2.670022064632515870e-07
6.725000000000000000e+02 -1.098283716193009271e-05 2.209443110473330345e-07 9.712449773576354242e-08
6.750000000000000000e+02 -9.787776051086893896e-06 -8.228733148257560753e-07 -2.666936735051597534e-07
6.775000000000000000e+02 -1.002853293459793414e-05 1.260335280448998771e-07 1.203708462537617108e-07
6.800000000000000000e+02 -9.263103605940159704e-06 -9.137664755371588414e-07 -2.566981286814956584e-07
6.825000000000000000e+02 -9.863123110392279418e-06 3.381958769068660509e-08 7.407842954557653300e-08
6.850000000000000000e+02 -9.104773344438400035e-06 -8.513764049553173972e-07 -2.200659333276844384e-07
6.875000000000000000e+02 -9.235502925594118488e-06 -1.906754721403558442e-08 1.390392895700420732e-09
6.900000000000000000e+02 -7.763079448886856451e-06 -7.052560058355084458e-07 -1.735859626582736381e-07
6.925000000000000000e+02 -6.706562193448917141e-06 -7.124113243435203493e-08 -5.786304052267654245e-08
6.950000000000000000e+02 -4.374106919181030824e-06 -5.880554316149754954e-07 -1.156626383915060317e-07
6.975000000000000000e+02 -2.441227947463176112e-06 -2.407025214097302424e-08 -7.713190271727565965e-08
7.000000000000000000e+02 1.470997530532258739e-07 -4.377203851163358444e-07 -6.697919630684611911e-08
7.025000000000000000e+02 1.856766834407608268e-06 2.066504933168289442e-07 -5.881203795548572832e-08
7.050000000000000000e+02 3.956842400361892740e-06 -2.213352958619907561e-07 -3.908536767102677019e-08
7.075000000000000000e+02 4.771884485580812552e-06 5.386941801020839713e-07 -5.237178797273811817e-08
7.100000000000000000e+02 6.240964051289665977e-06 2.194543699260975596e-08 1.186784770274007570e-09
7.125000000000000000e+02 6.673346307161409402e-06 7.576582994943237627e-07 -1.045982283235880011e-07
7.150000000000000000e+02 8.026516436916608286e-06 1.088019786493532550e-07 9.547109219431859400e-08
7.175000000000000000e+02 8.942088920366587332e-06 6.853627424220576558e-07 -2.135182653717010347e-07
7.200000000000000000e+02 1.058339646494914621e-05 -5.624738475944468213e-08 2.349097278537937189e-07
7.225000000000000000e+02 1.197394752180116500e-05 4.705527302689915565e-07 -3.441323139319385484e-07
7.250000000000000000e+02 1.363179510678946891e-05 -3.396192124114349979e-07 3.481092517563177777e-07
7.275000000000000000e+02 1.439755468618386731e-05 3.913227577754696563e-07 -4.653193036678105163e-07
7.300000000000000000e+02 1.541161759623719109e-05 -6.378473576660325996e-07 3.512125083490191567e-07
7.325000000000000000e+02 1.446093739632487994e-05 4.649679478802681688e-07 -5.686302497859618522e-07
7.350000000000000000e+02 1.446603162398787431e-05 -8.310738769068847928e-07 2.420347125819427605e-07
7.375000000000000000e+02 1.145267452823190956e-05 7.994244741553302496e-07 -6.679915370403854770e-07
7.400000000000000000e+02 1.051314969317900255e-05 -6.872602799262494611e-07 -1.086388647912883761e-08
7.425000000000000000e+02 5.254082274177562761e-06 1.554408501885973298e-06 -7.159086832084715869e-07
7.450000000000000000e+02 1.972723818812482875e-06 -4.085961090595446822e-07 -1.362471247632057647e-07
7.475000000000000000e+02 -4.514542616652761009e-06 9.273079952208717715e-07 -5.260538119906538250e-07
7.500000000000000000e+02 -3.230541610923864962e-06 -2.096195107242238005e-07 -1.744223495843050261e-07
7.525000000000000000e+02 -9.945452354259032487e-07 -5.464023342938162397e-08 -5.528055469889992174e-08
7.550000000000000000e+02 -3.286055165517609303e-07 -5.276065792259032757e-09 -3.807181914669554859e-08
7.575000000000000000e+02 -2.553877258151260287e-07 -1.751609457869562900e-08 3.011020409421360874e-09
7.600000000000000000e+02 -2.849994478538064878e-07 6.453122409766365242e-09 -9.122825888760455908e-09
7.625000000000000000e+02 -2.808779210226930584e-07 -1.181422591116643202e-08 -8.735362233414089669e-09
7.650000000000000000e+02 -2.787446454931341462e-07 -5.984054496366297659e-12 -5.023194035391753343e-09
7.675000000000000000e+02 -2.650325575586975812e-07 -9.587977615410636896e-09 -6.772554861708690328e-09
7.700000000000000000e+02 -2.541555001698725393e-07 -2.595159799057000762e-09 -4.433882883966844307e-09
7.725000000000000000e+02 -2.497353433682292098e-07 -6.461310931626940292e-09 -4.564552185037929161e-09
7.750000000000000000e+02 -2.355051607310087977e-07 -3.225260013550723578e-09 -5.586991934894425278e-09
7.775000000000000000e+02 -2.344487436403142170e-07 -4.222737288728239549e-09 -1.786420182628423157e-09
7.800000000000000000e+02 -2.197788451894666779e-07 -2.944328412013419293e-09 -7.455511197240749232e-09
7.825000000000000000e+02 -2.184329036026611098e-07 -3.070793832193885439e-09 1.018393820886864892e-09
7.850000000000000000e+02 -2.062166647874619125e-07 -1.727170331378147177e-09 -8.794149822408114978e-09
7.875000000000000000e+02 -2.022039755502191730e-07 -2.758359198651305719e-09 3.228071056007863995e-09
7.900000000000000000e+02 -1.941530599424368163e-07 2.985350306516920460e-10 -8.921619157703508837e-09
7.925000000000000000e+02 -1.864691603486789936e-07 -2.907321982092980752e-09 4.502356762237091554e-09
7.950000000000000000e+02 -1.830988311667169816e-07 2.677586587651603597e-09 -7.739372106269071345e-09
7.975000000000000000e+02 -1.718803374842536919e-07 -3.197067553628585385e-09 4.815720689757552086e-09
8.000000000000000000e+02 -1.727912675960396854e-07 4.869132692419953181e-09 -5.536765594169046639e-09
8.025000000000000000e+02 -1.588801829711883391e-07 -3.460808659383474157e-09 4.363492761655374196e-09
8.050000000000000000e+02 -1.631846655072877054e-07 6.496788080312398807e-09 -2.771283015781666921e-09
8.075000000000000000e+02 -1.476805613037868112e-07 -3.655528234958182904e-09 3.448231940067492304e-09
8.100000000000000000e+02 -1.543899378475543799e-07 7.423446902521391147e-09 1.006835185918264510e-10
8.125000000000000000e+02 -1.383089167575235455e-07 -3.794892370478919711e-09 2.365064068188260461e-09
8.150000000000000000e+02 -1.465823672333499435e-07 7.710482191214396335e-09 2.724250366720193479e-09
8.175000000000000000e+02 -1.306810745290931561e-07 -3.900063416040211348e-09 1.344049584087181418e-09
8.200000000000000000e+02 -1.399201666345106783e-07 7.527946229402004873e-09 4.864685298955340195e-09
8.225000000000000000e+02 -1.246492684458644447e-07 -3.979617645200050849e-09 5.186751213387408332e-10
8.250000000000000000e+02 -1.344929046354082053e-07 7.078047599407000046e-09 6.422197990355038277e-09
8.275000000000000000e+02 -1.200370055812527454e-07 -4.028753119200700763e-09 -6.674105636483851298e-11
8.300000000000000000e+02 -1.303008729564680775e-07 6.538245202136749755e-09 7.415240328234596135e-09
8.325000000000000000e+02 -1.166589009471863418e-07 -4.035558288251195121e-09 -4.382814888154174228e-10
8.350000000000000000e+02 -1.272638573937001509e-07 6.034412751887429803e-09 7.944167472281882750e-09
8.375000000000000000e+02 -1.143475848948583058e-07 -3.993303243987611719e-09 -6.616856844054996346e-10
8.400000000000000000e+02 -1.252555719474912655e-07 5.634136641674558566e-09 8.145564571482300660e-09
8.425000000000000000e+02 -1.129462908693312790e-07 -3.893262601195601746e-09 -8.177812534038153694e-10
8.450000000000000000e+02 -1.241363966300923522e-07 5.356114809274004409e-09 8.159210430871976626e-09
8.475000000000000000e+02 -1.123337810440716585e-07 -3.734687174983264464e-09 -9.787654692866576435e-10
8.500000000000000000e+02 -1.237761389347724650e-07 5.185166935461893817e-09 8.096120763459445957e-09
8.525000000000000000e+02 -1.124211343039860372e-07 -3.520154803027253535e-09 -1.191836461927886527e-09
8.550000000000000000e+02 -1.240730408881063308e-07 5.086206647320068533e-09 8.025630099947611091e-09
8.575000000000000000e+02 -1.131484492816525792e-07 -3.256717377553286407e-09 -1.478121211587191132e-09
8.600000000000000000e+02 -1.249649752253390035e-07 5.013456177493935686e-09 7.976610583201870073e-09
8.625000000000000000e+02 -1.144787494467891456e-07 -2.956807566079078261e-09 -1.830369218791538753e-09
8.650000000000000000e+02 -1.264143985508780920e-07 4.924603672407101522e-09 7.944229067741170515e-09
8.675000000000000000e+02 -1.163929828862819688e-07 -2.642678839492873372e-09 -2.224429411992745509e-09
8.700000000000000000e+02 -1.284052606479235668e-07 4.782901919497817376e-09 7.902558893446709280e-09
8.725000000000000000e+02 -1.188699553267724738e-07 -2.341688229989813458e-09 -2.624887588692503975e-09
8.750000000000000000e+02 -1.309292670839568037e-07 4.560966601729888161e-09 7.816610401234492288e-09
8.775000000000000000e+02 -1.218889829033287170e-07 -2.092891770644200840e-09 -2.994665951250308219e-09
8.800000000000000000e+02 -1.339762884299489152e-07 4.237911059590260288e-09 7.654610266108474278e-09
8.825000000000000000e+02 -1.254118551287319764e-07 -1.939269031936419149e-09 -3.299749553317688019e-09
8.850000000000000000e+02 -1.375220329236981268e-07 3.799534874815435649e-09 7.393346692313729486e-09
8.875000000000000000e+02 -1.293825451284647012e-07 -1.927030143633601272e-09 -3.515662674744013513e-09
8.900000000000000000e+02 -1.415193655702751081e-07 3.236331383504875590e-09 7.022115514723759024e-09
8.925000000000000000e+02 -1.337179048732650572e-07 -2.099024379731417894e-09 -3.627290078259126578e-09
8.950000000000000000e+02 -1.458905838717328138e-07 2.543327298099029467e-09 6.542005295945285526e-09
8.975000000000000000e+02 -1.383050213689784740e-07 -2.489810322003904887e-09 -3.627204807454820024e-09
9.000000000000000000e+02 -1.505307925526722159e-07 1.714758047910436286e-09 5.963902931660491952e-09
9.025000000000000000e+02 -1.430058921641830255e-07 -3.124514262253797044e-09 -3.516324110114377179e-09
9.050000000000000000e+02 -1.552858139802992762e-07 7.569311492261476653e-10 5.307139566013141116e-09
9.075000000000000000e+02 -1.476457594890234838e-07 -4.008988139503344438e-09 -3.301414830675364315e-09
9.100000000000000000e+02 -1.599731670012261028e-07 -3.216168124708928989e-10 4.596976937704111404e-09
9.125000000000000000e+02 -1.520296512126151397e-07 -5.134050707056303387e-09 -2.992459276757175640e-09
9.150000000000000000e+02 -1.643757414512947363e-07 -1.503198052432708133e-09 3.860771667502094350e-09
9.175000000000000000e+02 -1.559322027560483617e-07 -6.466749971423268777e-09 -2.601950670266805847e-09
9.200000000000000000e+02 -1.682450604903351587e-07 -2.758487403298204490e-09 3.125816742843845521e-09
9.225000000000000000e+02 -1.591152415130636650e-07 -7.956502975048351699e-09 -2.143795106857027083e-09
9.250000000000000000e+02 -1.713125980586482877e-07 -4.048068967676954471e-09 2.417969224149940644e-09
9.275000000000000000e+02 -1.613317008150261152e-07 -9.534894513762991817e-09 -1.633040591603185339e-09
9.300000000000000000e+02 -1.732979250618882376e-07 -5.322650213201996220e-09 1.760697879299444398e-09
9.325000000000000000e+02 -1.623316534960395000e-07 -1.111748815674218422e-08 -1.084842661830398504e-09
9.350000000000000000e+02 -1.739193503453861905e-07 -6.524914670080761243e-09 1.173912342716798636e-09
9.375000000000000000e+02 -1.618790296333827457e-07 -1.261207264633412730e-08 -5.141280314480134470e-10
9.400000000000000000e+02 -1.729089209675294234e-07 -7.594452642933901836e-09 6.738818197127294734e-10
9.425000000000000000e+02 -1.597555416992690759e-07 -1.392091428442654507e-08 6.459495021648997601e-11
9.450000000000000000e+02 -1.700218161886368641e-07 -8.470553848383132662e-09 2.712921428615899915e-10
9.475000000000000000e+02 -1.557811200427750007e-07 -1.495152305324154362e-08 6.386562400817475156e-10
9.500000000000000000e+02 -1.650532853545882847e-07 -9.098688713038427104e-09 -2.879457290383413543e-11
9.525000000000000000e+02 -1.498159140282950847e-07 -1.561860112815338596e-08 1.198062297519397846e-09
9.550000000000000000e+02 -1.578475673113644039e-07 -9.433746231479745028e-09 -2.275002299267914202e-10
9.575000000000000000e+02 -1.417726419049358843e-07 -1.585149357197224157e-08 1.735385630940999749e-09
9.600000000000000000e+02 -1.483088941085952560e-07 -9.444924126000842802e-09 -3.315211204835133663e-10
9.625000000000000000e+02 -1.316311724167462562e-07 -1.560361662313880484e-08 2.244498467740552292e-09
9.650000000000000000e+02 -1.364098216754427873e-07 -9.120061281464586092e-09 -3.506532374297766281e-10
9.675000000000000000e+02 -1.194200205873130445e-07 -1.484506159386001007e-08 2.717666756318903819e-09
9.700000000000000000e+02 -1.221940224922946118e-07 -8.467056045446952548e-09 -2.922577146013960221e-10
9.725000000000000000e+02 -1.052360178164235578e-07 -1.357642398716052381e-08 3.138496152188530354e-09
9.750000000000000000e+02 -1.057777185451413973e-07 -7.513180969453969269e-09 -1.535488245829608313e-10
9.775000000000000000e+02 -8.922597560285794860e-08 -1.182352083333171260e-08 3.470570264074712646e-09
9.800000000000000000e+02 -8.736120958019455440e-08 -6.306905595465650171e-09 8.383133300871037676e-11
9.825000000000000000e+02 -7.157818606629007613e-08 -9.638404094403085659e-09 3.639317200837544088e-09
9.850000000000000000e+02 -6.721934068991686256e-08 -4.904327533949981107e-09 4.435005075575926107e-10
9.875000000000000000e+02 -5.250211909242352766e-08 -7.096268802797566988e-09 3.511779584125518468e-09
9.900000000000000000e+02 -4.569550546875689251e-08 -3.360294090271054271e-09 8.838411648781629539e-10
9.925000000000000000e+02 -3.230101160625054356e-08 -4.307537449221854044e-09 2.898316715821413844e-09
9.950000000000000000e+02 -2.363507039717660641e-08 -1.784379048785922305e-09 1.157270692220269033e-09
9.975000000000000000e+02 -9.775191961125528606e-09 -1.285366431602596984e-09 1.100267355236273048e-09
1.000000000000000000e+03 -3.648847496151574768e-09 3.276550614828011234e-10 -5.524341084539585632e-09
