# z, uu, uv, uw, vv, vw, ww, tke
0.000000000000000000e+00 4.006866432058539540e-02 3.227790773631895177e-02 -1.750476496423194377e-04 3.860202148580794967e-02 -1.158500930587072757e-04 2.513684917424385129e-04 3.946102714906789266e-02
2.500000000000000000e+00 8.384277694813806192e-02 7.033323333237707919e-02 -3.666309853294461105e-03 7.961290767287146353e-02 -3.455853841377178482e-03 9.668581766385967802e-04 8.221127139882405954e-02
5.000000000000000000e+00 1.109316486866370050e-01 8.843975436029206938e-02 -8.271050568973589007e-03 1.017354774294997460e-01 -7.708443924921390064e-03 3.567691600948741295e-03 1.081174088585427490e-01
7.500000000000000000e+00 1.211953985014505020e-01 9.065772844497058114e-02 -1.127886058147172139e-02 1.071996658486914777e-01 -1.028922592688191924e-02 6.421558833245750997e-03 1.174083115916938619e-01
1.000000000000000000e+01 1.164061900966843477e-01 8.154188246490469416e-02 -1.310365269253885648e-02 1.005279316747994256e-01 -1.161834718917502916e-02 9.455933379938512642e-03 1.131950275757111490e-01
1.250000000000000000e+01 1.071895965016577135e-01 7.051147284690348349e-02 -1.389970076876498664e-02 9.129065154401594384e-02 -1.198592599338771207e-02 1.181849233220267324e-02 1.051493701889381627e-01
1.500000000000000000e+01 9.837648324868543404e-02 6.103944181705533295e-02 -1.437910102856886779e-02 8.276060391621327395e-02 -1.202474448236933065e-02 1.362449325920542763e-02 9.738079021205206520e-02
1.750000000000000000e+01 9.122744694937086340e-02 5.351574910570302407e-02 -1.453558908956345541e-02 7.550104976864635553e-02 -1.176976265804302070e-02 1.475617196926693082e-02 9.074233434364206707e-02
2.000000000000000000e+01 8.562211647074621790e-02 4.777953553907859224e-02 -1.457221602816910835e-02 6.956374146184801655e-02 -1.146453866336233363e-02 1.541488748217241175e-02 8.530037270738331789e-02
2.250000000000000000e+01 8.105937705744756250e-02 4.322073847799447199e-02 -1.451083910241297674e-02 6.459805043531906266e-02 -1.106483382290553846e-02 1.571585040138711101e-02 8.068663894707686635e-02
2.500000000000000000e+01 7.727618369381618335e-02 3.972128822956766392e-02 -1.438756409627494834e-02 6.058520584910371404e-02 -1.068137249141384165e-02 1.581348825640235822e-02 7.683743889966113128e-02
2.750000000000000000e+01 7.436373693742381885e-02 3.708227237949001526e-02 -1.424085679775846484e-02 5.712651616604240423e-02 -1.027949026080284510e-02 1.576591870873761750e-02 7.362808590610192550e-02
3.000000000000000000e+01 7.215581779064052237e-02 3.511666940062078968e-02 -1.409379345199704078e-02 5.436665640521830267e-02 -9.886176230344326937e-03 1.559767112260353715e-02 7.106007265923118543e-02
3.250000000000000000e+01 7.026978009981996176e-02 3.350172361654043390e-02 -1.389052351556125872e-02 5.208355290535900128e-02 -9.487901475951493468e-03 1.538528808887324427e-02 6.886931054702610799e-02
3.500000000000000000e+01 6.841503895124069479e-02 3.195644018891190957e-02 -1.368544096343607061e-02 5.003530176495781662e-02 -9.093396398345226714e-03 1.517863763079835109e-02 6.681448917349842864e-02
3.750000000000000000e+01 6.686127165194569177e-02 3.054574934473865133e-02 -1.348753178851656853e-02 4.820398379409592676e-02 -8.712682308167660900e-03 1.496941829735958136e-02 6.501733687170060949e-02
4.000000000000000000e+01 6.521989044637722943e-02 2.920187984587121338e-02 -1.326638508417102291e-02 4.647410059589817538e-02 -8.341656259355291828e-03 1.478888323742878069e-02 6.324143713985208581e-02
4.250000000000000000e+01 6.340009944195333647e-02 2.791860744022752264e-02 -1.303713587658948507e-02 4.487264282159388745e-02 -7.977114524474708881e-03 1.461639513668305107e-02 6.144456870011513749e-02
4.500000000000000000e+01 6.179817983491483341e-02 2.678275085409184686e-02 -1.281256296518114290e-02 4.344180087311629718e-02 -7.630427075193165452e-03 1.442316785307137632e-02 5.983157428055125432e-02
4.750000000000000000e+01 6.036349338520109048e-02 2.563408109115485403e-02 -1.257988729619463793e-02 4.203459792305670739e-02 -7.282887388382032305e-03 1.422653614568030779e-02 5.831231372696905890e-02
5.000000000000000000e+01 5.903089016954086304e-02 2.465771027559435571e-02 -1.235714050409973501e-02 4.079084973866721475e-02 -6.955952398840759519e-03 1.403185784203707029e-02 5.692679887512257925e-02
5.250000000000000000e+01 5.762143265808780668e-02 2.368122882640268795e-02 -1.212161870143634371e-02 3.954322155496817898e-02 -6.640169982340489788e-03 1.382443123362498381e-02 5.549454272334047866e-02
5.500000000000000000e+01 5.621019701104553595e-02 2.273302590007504620e-02 -1.189324535153388207e-02 3.835541696116376992e-02 -6.344344224256559528e-03 1.362324454069412799e-02 5.409442925645172040e-02
5.750000000000000000e+01 5.494175041104860935e-02 2.185456298503592881e-02 -1.165429050334351561e-02 3.719228051248179429e-02 -6.048385707701602922e-03 1.341655127182322070e-02 5.277529109767680610e-02
6.000000000000000000e+01 5.373357605372214990e-02 2.096195722349388987e-02 -1.141618990279018309e-02 3.608154838999398650e-02 -5.764739764237503637e-03 1.321418440245020719e-02 5.151465442308317266e-02
6.250000000000000000e+01 5.283768130234036547e-02 2.021130094638326838e-02 -1.117788940848791698e-02 3.511369713050171287e-02 -5.492914023519770983e-03 1.298959468022904164e-02 5.047048655653556259e-02
6.500000000000000000e+01 5.190749054059908690e-02 1.940936971909808934e-02 -1.093868983335048381e-02 3.412831673332027832e-02 -5.233382548479271514e-03 1.276532071407581077e-02 4.940056399399758713e-02
6.750000000000000000e+01 5.075656592505813774e-02 1.850779366407410628e-02 -1.070555342109555039e-02 3.300602533532565747e-02 -4.982161104743572030e-03 1.256395122540417478e-02 4.816327124289398326e-02
7.000000000000000000e+01 4.948994772739934156e-02 1.762688838666485666e-02 -1.046692352718384990e-02 3.193386184989639026e-02 -4.735303764238628713e-03 1.238325076853703105e-02 4.690353017291637450e-02
7.250000000000000000e+01 4.843716262350340057e-02 1.693489705679651972e-02 -1.022800879169483319e-02 3.107968516716734866e-02 -4.496629069540685093e-03 1.220585059601319959e-02 4.586134919334197702e-02
7.500000000000000000e+01 4.748997082742951320e-02 1.630657951750841619e-02 -9.995521122828575702e-03 3.021596458638575733e-02 -4.265735796581953711e-03 1.201612060053632199e-02 4.486102800717579192e-02
7.750000000000000000e+01 4.632854543255154889e-02 1.562196556231324439e-02 -9.767736426656063731e-03 2.931423077246992151e-02 -4.042460641024326826e-03 1.182094248228727704e-02 4.373185934365437372e-02
8.000000000000000000e+01 4.517377716963651840e-02 1.499922386075717810e-02 -9.541624528940593000e-03 2.851795857162140249e-02 -3.833822290880088864e-03 1.161561369567488608e-02 4.265367471846640696e-02
8.250000000000000000e+01 4.405302080902621237e-02 1.435026555348092696e-02 -9.313440329700191714e-03 2.771741750787341460e-02 -3.625628024809852620e-03 1.139488150382443089e-02 4.158265991036202980e-02
8.500000000000000000e+01 4.300210194383285306e-02 1.372054111507958925e-02 -9.093856642633325882e-03 2.698988317346165747e-02 -3.440282019488979676e-03 1.117638366333751146e-02 4.058418439031601099e-02
8.750000000000000000e+01 4.203742071465011582e-02 1.310753532839066711e-02 -8.876989912807258659e-03 2.623668262921517030e-02 -3.263694164652446768e-03 1.096869024053120055e-02 3.962139679219824073e-02
9.000000000000000000e+01 4.104758818810564508e-02 1.246008431784762470e-02 -8.671286338673610261e-03 2.542308347371054558e-02 -3.090943373785766304e-03 1.075220759144448861e-02 3.861143962663034224e-02
9.250000000000000000e+01 4.004952936639093880e-02 1.175330292170161800e-02 -8.458596073788375233e-03 2.456403945587588497e-02 -2.918696077853719269e-03 1.052672155438555933e-02 3.757014518832618721e-02
9.500000000000000000e+01 3.916357298717845770e-02 1.119700263754447138e-02 -8.250136880836912018e-03 2.388464921240704419e-02 -2.758377260940533295e-03 1.029938590687148534e-02 3.667380405322849535e-02
9.750000000000000000e+01 3.835005248558193830e-02 1.073164277347138200e-02 -8.042094407192838107e-03 2.332606755352640768e-02 -2.599054804788247276e-03 1.008221942926773758e-02 3.587916973418803918e-02
1.000000000000000000e+02 3.758097828809175978e-02 1.023253975687883795e-02 -7.835878247012649164e-03 2.263993340582403160e-02 -2.450149824756738155e-03 9.880232362650715958e-03 3.505057202828325280e-02
1.025000000000000000e+02 3.680803806779480575e-02 9.750429539549382296e-03 -7.630222912550288679e-03 2.187936166285316814e-02 -2.305243669248077318e-03 9.675021578385836415e-03 3.418121065451690255e-02
1.050000000000000000e+02 3.590785956364510312e-02 9.325493554673280200e-03 -7.426066947382441857e-03 2.124293287985222489e-02 -2.167246253084799922e-03 9.442784295370062683e-03 3.329678836943369274e-02
1.075000000000000000e+02 3.498847289348657602e-02 8.883005293783130876e-03 -7.224257918834023177e-03 2.063258078473832746e-02 -2.033094743929733401e-03 9.221108446108086665e-03 3.242108106216649854e-02
1.100000000000000000e+02 3.410863994380842340e-02 8.464844899740149586e-03 -7.035648867164850592e-03 2.002538068947235655e-02 -1.909958741832401725e-03 9.022997173872520163e-03 3.157850890357664919e-02
1.125000000000000000e+02 3.323276888575065618e-02 8.094514045534913216e-03 -6.851176097455394937e-03 1.946285424369209593e-02 -1.792492143278269371e-03 8.822748235891207658e-03 3.075918568266697989e-02
1.150000000000000000e+02 3.242082716391007924e-02 7.826245772556191665e-03 -6.677314717950170835e-03 1.891382986300624638e-02 -1.684121244757656212e-03 8.610835689923216490e-03 2.997274635841976759e-02
1.175000000000000000e+02 3.169600696223670577e-02 7.566574590616511817e-03 -6.498768138821482340e-03 1.843061307185961395e-02 -1.584654592427823172e-03 8.398166260158605040e-03 2.926239314712746065e-02
1.200000000000000000e+02 3.101976668189700484e-02 7.186043790053801492e-03 -6.325540571371650669e-03 1.794552098623014569e-02 -1.488139388805171303e-03 8.199313544278019963e-03 2.858230060620258264e-02
1.225000000000000000e+02 3.036236157696997617e-02 6.819982134049192360e-03 -6.153592668194173866e-03 1.747261966406949210e-02 -1.397834960921157240e-03 8.016952834904046005e-03 2.792596703797175367e-02
1.250000000000000000e+02 2.976662860785235162e-02 6.494402679198360562e-03 -5.992313783650873339e-03 1.705933985898592728e-02 -1.315740132806753364e-03 7.845260893317863859e-03 2.733561468007807138e-02
1.275000000000000000e+02 2.910399778673407323e-02 6.112287720505084516e-03 -5.824221177524321717e-03 1.655674477785929258e-02 -1.228340129587553002e-03 7.676605652615657235e-03 2.666867410860451065e-02
1.300000000000000000e+02 2.840183611172934774e-02 5.745326294889717064e-03 -5.660503568410615340e-03 1.604133594433900661e-02 -1.143242419723092262e-03 7.504824220491227056e-03 2.597399813827979201e-02
1.325000000000000000e+02 2.767478926026586267e-02 5.479032427369289263e-03 -5.494530248777326070e-03 1.560593836180961501e-02 -1.061357970819650984e-03 7.332937669457639807e-03 2.530683264576655961e-02
1.350000000000000000e+02 2.690117373535923576e-02 5.217968658951008254e-03 -5.340835544721845261e-03 1.519068625449465290e-02 -9.890682962758504896e-04 7.151899381790177354e-03 2.462187968582203387e-02
1.375000000000000000e+02 2.611330334575529682e-02 4.980679924593119957e-03 -5.188414719687610421e-03 1.468820880182797155e-02 -9.180451278988190685e-04 6.966190363640328495e-03 2.388385125561180017e-02
1.400000000000000000e+02 2.531981777206810183e-02 4.810803731257204743e-03 -5.043739621121912792e-03 1.413485323718149944e-02 -8.567588806466270180e-04 6.780098434476421881e-03 2.311738472186301158e-02
1.425000000000000000e+02 2.457186314845036940e-02 4.627202653629813867e-03 -4.901142854725992065e-03 1.362426434861338520e-02 -7.896952801786955457e-04 6.592046941923592786e-03 2.239408721949367326e-02
1.450000000000000000e+02 2.384939062633960674e-02 4.443606172914046047e-03 -4.759970765291422767e-03 1.317774099349348915e-02 -7.283934528071088965e-04 6.412522487834818041e-03 2.171982705383395523e-02
1.475000000000000000e+02 2.316725250568266170e-02 4.264819094803315794e-03 -4.625165843197703158e-03 1.280751732152401144e-02 -6.695221482981975926e-04 6.248812162697204090e-03 2.111179099495193862e-02
1.500000000000000000e+02 2.252214311432549146e-02 4.091630624054333129e-03 -4.491208025095488193e-03 1.255360616082666289e-02 -6.186754923874958562e-04 6.105435069736177972e-03 2.059059217244416790e-02
1.525000000000000000e+02 2.195201214782394744e-02 3.891020015644956927e-03 -4.361448355074387835e-03 1.228691681939538850e-02 -5.711210807847178460e-04 5.968394666224144558e-03 2.010366181672174068e-02
1.550000000000000000e+02 2.139258237556271661e-02 3.633256771751394634e-03 -4.236114147231165653e-03 1.195638821069789151e-02 -5.267545252243974402e-04 5.845134528705154403e-03 1.959705255748288300e-02
1.575000000000000000e+02 2.085607987224422782e-02 3.377396550328426016e-03 -4.118803265433083373e-03 1.166047538662265057e-02 -4.889821600899672176e-04 5.727402690901819624e-03 1.912197897488434814e-02
1.600000000000000000e+02 2.034908470829639715e-02 3.171977810874249560e-03 -4.001874267638906579e-03 1.141059843746617536e-02 -4.461506991498798386e-04 5.615379734372902103e-03 1.868753144006773600e-02
1.625000000000000000e+02 1.993663380388422182e-02 3.019763994345208997e-03 -3.885520923209730831e-03 1.115248123664702024e-02 -4.091179405982275810e-04 5.506059355570224086e-03 1.829758719805073264e-02
1.650000000000000000e+02 1.957950576998436151e-02 2.856471649548630778e-03 -3.773443296738842722e-03 1.086806045957903338e-02 -3.730276632109974099e-04 5.390967821103057056e-03 1.791926702533322424e-02
1.675000000000000000e+02 1.910040369311677075e-02 2.628475492612465485e-03 -3.664064294373087401e-03 1.052449808245531533e-02 -3.402592012117111749e-04 5.276877885088585886e-03 1.745088983033033642e-02
1.700000000000000000e+02 1.858629987875923609e-02 2.416425695157066282e-03 -3.558354175675833807e-03 1.020445589603486899e-02 -3.079385702307169256e-04 5.163564077027805836e-03 1.697715992591095416e-02
1.725000000000000000e+02 1.813207156125383815e-02 2.243164089466445285e-03 -3.452666958429005499e-03 9.943071395538058410e-03 -2.752458206587194453e-04 5.049781886586555621e-03 1.656246242168922522e-02
1.750000000000000000e+02 1.771806155299623237e-02 2.112136563312356531e-03 -3.353286426589853313e-03 9.707161084874467438e-03 -2.445499852291849576e-04 4.933768631487206978e-03 1.617949563467895382e-02
1.775000000000000000e+02 1.732152536697597819e-02 2.004388397099322785e-03 -3.256393892987264217e-03 9.433037298641878607e-03 -2.135721336301786262e-04 4.802256225493011822e-03 1.577840944555543301e-02
1.800000000000000000e+02 1.691500211935919804e-02 1.917625033035031366e-03 -3.160998113893428909e-03 9.146270546104858998e-03 -1.817051629823326225e-04 4.675253469120056911e-03 1.536826306729205567e-02
1.825000000000000000e+02 1.652274718165015407e-02 1.866779047155284069e-03 -3.069431928286782147e-03 8.898701371510463198e-03 -1.534784868053768489e-04 4.554477747651387333e-03 1.498796315040600187e-02
1.850000000000000000e+02 1.617540827636789955e-02 1.842839219827461551e-03 -2.978633668276086874e-03 8.682100936301164959e-03 -1.247872385257320805e-04 4.442237063128229128e-03 1.464987313789864638e-02
1.875000000000000000e+02 1.576286910855040010e-02 1.769275863336987028e-03 -2.892720112624111092e-03 8.457955412158579475e-03 -1.008759443954972281e-04 4.331945558317185259e-03 1.427638503951308112e-02
1.900000000000000000e+02 1.531176628761726256e-02 1.656361982422388740e-03 -2.807324104155138438e-03 8.274297753096878164e-03 -7.767522640445070632e-05 4.229581967220273978e-03 1.390782300396720822e-02
1.925000000000000000e+02 1.485714973538075287e-02 1.523863607759971773e-03 -2.727005020173016263e-03 8.125123905739078944e-03 -5.770585663912120109e-05 4.132693829464698099e-03 1.355748373529226496e-02
1.950000000000000000e+02 1.438593948818682466e-02 1.402516113279493560e-03 -2.651026014329042196e-03 7.957231082806590083e-03 -3.896908117688672454e-05 4.036800533934861712e-03 1.318998555246413823e-02
1.975000000000000000e+02 1.386642034985484558e-02 1.307668146659265356e-03 -2.573303810551381965e-03 7.738601275666499510e-03 -1.852132153286935459e-05 3.946795789276496061e-03 1.277590870739891971e-02
2.000000000000000000e+02 1.341512731247958279e-02 1.243776270430493143e-03 -2.502338707908623866e-03 7.516648421378225621e-03 -8.280316597687741106e-07 3.857307689195095448e-03 1.239454171152645084e-02
2.025000000000000000e+02 1.302223577992530669e-02 1.208949563146758570e-03 -2.430148154094253447e-03 7.346748001293407389e-03 1.676747904874293196e-05 3.764391281700302152e-03 1.206668753145950790e-02
2.050000000000000000e+02 1.259231641684593547e-02 1.180504711786039152e-03 -2.359621276609084710e-03 7.167689633226738931e-03 3.309500785370236939e-05 3.671788167395645570e-03 1.171589710873415999e-02
2.075000000000000000e+02 1.226387619896584548e-02 1.176299269888636621e-03 -2.293024566471367487e-03 6.944034158157681366e-03 4.621084298927934699e-05 3.581095302158997327e-03 1.139450282964126274e-02
2.100000000000000000e+02 1.197753839475635719e-02 1.172378000401518190e-03 -2.225458672836870891e-03 6.686119896075889621e-03 5.951202028743574171e-05 3.490821810835655851e-03 1.107724005083395198e-02
2.125000000000000000e+02 1.165850268929378118e-02 1.146470451286330048e-03 -2.161422820720862014e-03 6.438125703941347325e-03 6.705572260047748827e-05 3.402693299128861041e-03 1.074966084618199542e-02
2.150000000000000000e+02 1.138640994594042680e-02 1.157459076721484856e-03 -2.100031208508498694e-03 6.264311990318062635e-03 7.457879153667599636e-05 3.317794518689740242e-03 1.048425822747411397e-02
2.175000000000000000e+02 1.108675448863972145e-02 1.155725234908525599e-03 -2.041710766053193935e-03 6.126887101014616074e-03 7.967333753326428581e-05 3.229823590725533749e-03 1.022173259018993585e-02
2.200000000000000000e+02 1.072667998502097389e-02 1.108304835373213155e-03 -1.984321083538838869e-03 5.974034587256507774e-03 8.671902295364660026e-05 3.138529464131297343e-03 9.919622018204388852e-03
2.225000000000000000e+02 1.036024767101662546e-02 1.041478183005595682e-03 -1.926959068696774621e-03 5.784311584571930238e-03 9.406302894161522831e-05 3.048023514418144765e-03 9.596291385003350230e-03
2.250000000000000000e+02 9.946638516668141264e-03 9.620218360956337778e-04 -1.870623718908453244e-03 5.609157991541360334e-03 1.017872159799695111e-04 2.959232537724252720e-03 9.257514522966877810e-03
2.275000000000000000e+02 9.548818294626877298e-03 8.945939929666609945e-04 -1.815470172236287967e-03 5.437987515798758768e-03 1.082475501733309203e-04 2.874009414333921191e-03 8.930407612379778412e-03
2.300000000000000000e+02 9.202078420599626996e-03 8.551231191144387494e-04 -1.762216820824738083e-03 5.268964401618345464e-03 1.136489043982956946e-04 2.790397502692078518e-03 8.630720162455024838e-03
2.325000000000000000e+02 8.893900722668709319e-03 8.224010464911397705e-04 -1.707834827282442075e-03 5.109398870610504934e-03 1.180882564588342292e-04 2.711555021054592573e-03 8.357427307166903629e-03
2.350000000000000000e+02 8.622640062718426798e-03 7.850972304658429242e-04 -1.655284352093502713e-03 4.977196304675868439e-03 1.214686509366318226e-04 2.638305068251356467e-03 8.119070717822826286e-03
2.375000000000000000e+02 8.366559259287791733e-03 7.693850170743079305e-04 -1.601147734566355689e-03 4.852950163254092508e-03 1.244637896246486575e-04 2.565564559707763856e-03 7.892536991124823181e-03
2.400000000000000000e+02 8.048746855002014353e-03 7.532970969392882967e-04 -1.548259563720564332e-03 4.701368911805005671e-03 1.273359430830562689e-04 2.492410009118714055e-03 7.621262887962866606e-03
2.425000000000000000e+02 7.728932363193195994e-03 7.331366045886542147e-04 -1.497828156578777598e-03 4.524276688767812568e-03 1.289956888531358225e-04 2.416289427401025446e-03 7.334749239681017871e-03
2.450000000000000000e+02 7.433137599784947654e-03 6.917464503411105674e-04 -1.448430474382153468e-03 4.336146770250186473e-03 1.298227439185334960e-04 2.340588134067947499e-03 7.054936252051540596e-03
2.475000000000000000e+02 7.206770803293951685e-03 6.573663882282785665e-04 -1.399232923178699755e-03 4.159014712348883813e-03 1.308719223454039794e-04 2.264205873466785049e-03 6.814995694554810274e-03
2.500000000000000000e+02 7.062102586086498567e-03 6.257988090479917965e-04 -1.350374317539221368e-03 3.996437382490143977e-03 1.322599680210484333e-04 2.185827609912358895e-03 6.622183789244499852e-03
2.525000000000000000e+02 6.950036015227216771e-03 5.983571076359220841e-04 -1.302265925672526845e-03 3.843575346720066836e-03 1.320749776359817277e-04 2.105630666797782616e-03 6.449621014372532678e-03
2.550000000000000000e+02 6.790309689829587131e-03 5.845334668782113663e-04 -1.253112446006733735e-03 3.741762316037286224e-03 1.318457720385373029e-04 2.026162078140741896e-03 6.279117042003807408e-03
2.575000000000000000e+02 6.593121705766476909e-03 5.568304448999424278e-04 -1.204984150120636931e-03 3.653849735925709507e-03 1.301801851524197399e-04 1.946109539640469366e-03 6.096540490666327999e-03
2.600000000000000000e+02 6.395272956689727895e-03 5.089131644064093284e-04 -1.155962038478249845e-03 3.535431552931632242e-03 1.287294158415006452e-04 1.868104181198848666e-03 5.899404345410104618e-03
2.625000000000000000e+02 6.210440350569244872e-03 4.631022886261804768e-04 -1.106902884233463679e-03 3.388236579382896026e-03 1.256316395693443883e-04 1.791484996040655208e-03 5.695080962996397836e-03
2.650000000000000000e+02 6.042877288584476078e-03 4.090497763833578649e-04 -1.057597989368501152e-03 3.235390107325663862e-03 1.231170747581938375e-04 1.717338719519565134e-03 5.497803057714852754e-03
2.675000000000000000e+02 5.869560647882305325e-03 3.283724193840962505e-04 -1.009511219266718543e-03 3.076557176183347588e-03 1.198716383859022917e-04 1.644690344438195281e-03 5.295404084251924097e-03
2.700000000000000000e+02 5.678301362035356736e-03 2.452140383524170544e-04 -9.621594023759131621e-04 2.933568400507627610e-03 1.168006398554311242e-04 1.574834689486180822e-03 5.093352226014582693e-03
2.725000000000000000e+02 5.460493946848352619e-03 2.007092224557107318e-04 -9.158275642909090557e-04 2.820994283995919508e-03 1.113897587370612575e-04 1.508584692370898775e-03 4.895036461607585668e-03
2.750000000000000000e+02 5.218938667969777803e-03 1.834190433030428872e-04 -8.713369974871927864e-04 2.697055152702011911e-03 1.068691827551857774e-04 1.445508593070841214e-03 4.680751206871315573e-03
2.775000000000000000e+02 4.983231622336404924e-03 1.719741429603084714e-04 -8.296793608621447951e-04 2.555814146955054898e-03 1.006034298830044637e-04 1.385454275828891350e-03 4.462250022560175153e-03
2.800000000000000000e+02 4.787430465306773651e-03 1.815975447161955467e-04 -7.897358406806314051e-04 2.438972169659022263e-03 9.526473167225516024e-05 1.327774172737962487e-03 4.277088403851879092e-03
2.825000000000000000e+02 4.596342210540053062e-03 1.985863706113214161e-04 -7.501356248792551921e-04 2.347627836752093529e-03 8.992183527030083692e-05 1.272757573392034819e-03 4.108363810342090597e-03
2.850000000000000000e+02 4.385226273285607566e-03 2.060756928011750521e-04 -7.105822364861243785e-04 2.261006730519314178e-03 8.512366923058828209e-05 1.220971040129780957e-03 3.933602021967351134e-03
2.875000000000000000e+02 4.184878119016391743e-03 2.098841613479722262e-04 -6.726035473268650615e-04 2.167521901235582200e-03 8.047197509145637292e-05 1.170754775985119239e-03 3.761577398118546699e-03
2.900000000000000000e+02 4.006965994291226962e-03 2.119323368166831762e-04 -6.349644650891428854e-04 2.063821757708890394e-03 7.562091621070200374e-05 1.120489482839356725e-03 3.595638617419737258e-03
2.925000000000000000e+02 3.843174491340317807e-03 2.076346986909905867e-04 -5.985161787047288580e-04 1.962883991493393800e-03 6.987773065904611975e-05 1.072075930686436146e-03 3.439067206760073984e-03
2.950000000000000000e+02 3.667241445076547136e-03 1.983779956555906771e-04 -5.632971911215987285e-04 1.877993384741101501e-03 6.484711499841583045e-05 1.025585860752858611e-03 3.285410345285253407e-03
2.975000000000000000e+02 3.477886435289048207e-03 1.803561816284997082e-04 -5.296529784025135520e-04 1.793270889967597901e-03 5.940282486600811040e-05 9.803708929846748597e-04 3.125764109120660918e-03
3.000000000000000000e+02 3.284204232611542644e-03 1.577190048140417829e-04 -4.972335741997681649e-04 1.705478521661307973e-03 5.480690844815912921e-05 9.364675904726453516e-04 2.963075172372747930e-03
3.025000000000000000e+02 3.108860471818557496e-03 1.360924030031624007e-04 -4.660125094394214980e-04 1.619983424395354333e-03 4.932728852158923307e-05 8.947755145822129923e-04 2.811809705398062628e-03
3.050000000000000000e+02 2.952769900235220190e-03 1.177355418957775555e-04 -4.353198537737699818e-04 1.524511473691900687e-03 4.461060210334217500e-05 8.551939050491581991e-04 2.666237639488139646e-03
3.075000000000000000e+02 2.795869884207549932e-03 9.431586814165004670e-05 -4.054043107312244390e-04 1.412515644956456769e-03 3.999615946454732849e-05 8.177548461555113985e-04 2.513070187659758887e-03
3.100000000000000000e+02 2.637413364524180282e-03 7.428457348300642631e-05 -3.781278474294827809e-04 1.296864822983074704e-03 3.560099698928699015e-05 7.822472803543200747e-04 2.358262733930787530e-03
3.125000000000000000e+02 2.475902711801087567e-03 5.985135930503097956e-05 -3.510897505553501425e-04 1.191317047869820201e-03 3.169434809293162730e-05 7.474135263699673015e-04 2.207316643020437643e-03
3.150000000000000000e+02 2.321484856478905987e-03 4.759610586404043733e-05 -3.266714031052106730e-04 1.098836763633295873e-03 2.788193117048446559e-05 7.133201635653961797e-04 2.066820891838799020e-03
3.175000000000000000e+02 2.178499537817195700e-03 4.223329478169421950e-05 -3.036359396195957962e-04 1.011641209517793929e-03 2.429087749336935486e-05 6.793330832804916159e-04 1.934736915307740676e-03
3.200000000000000000e+02 2.039866436248254089e-03 3.596470072753668129e-05 -2.828945758525766205e-04 9.243010721019456017e-04 2.039996114473288679e-05 6.458705993573684179e-04 1.805019053853784000e-03
3.225000000000000000e+02 1.892994976822588802e-03 3.296804534561399616e-05 -2.628008048112447656e-04 8.446363326559251129e-04 1.703695967530101607e-05 6.116178055780972398e-04 1.674624557528305632e-03
3.250000000000000000e+02 1.736696059199946841e-03 3.575289971831115116e-05 -2.438789372495441140e-04 7.753881323151306506e-04 1.391995019623500155e-05 5.770341806392953292e-04 1.544559186077186464e-03
3.275000000000000000e+02 1.588956935809189997e-03 4.470146095804548115e-05 -2.249756733298520592e-04 7.150192114048168355e-04 1.177890460962562710e-05 5.429911003087948456e-04 1.423483623761400731e-03
3.300000000000000000e+02 1.459346144101795854e-03 5.503224333264551427e-05 -2.065977651459487304e-04 6.601178987117972512e-04 9.598834432784699656e-06 5.099943409456232386e-04 1.314729191879608280e-03
3.325000000000000000e+02 1.334245634675224230e-03 5.664867371381436805e-05 -1.879556557012337188e-04 6.113844127889828724e-04 8.421067550146806016e-06 4.774987560420808027e-04 1.211564401753144034e-03
3.350000000000000000e+02 1.217357436636939787e-03 4.994666426059257518e-05 -1.706197221939912691e-04 5.651799662327422176e-04 7.416845426615112053e-06 4.455801687769871231e-04 1.114058785823334591e-03
3.375000000000000000e+02 1.118054375377175360e-03 4.185783530639195611e-05 -1.542755549915842338e-04 5.232945568888361463e-04 7.137735210389228478e-06 4.146364837326788240e-04 1.027992707999345057e-03
3.400000000000000000e+02 1.040792243878966520e-03 3.770505632558851332e-05 -1.403279751923160190e-04 4.869878504819852706e-04 6.489630979926058919e-06 3.852616261150360348e-04 9.565208602379938856e-04
3.425000000000000000e+02 9.753475453571233906e-04 3.463246522311571717e-05 -1.271753275257719808e-04 4.542301759902860579e-04 6.304682157649220613e-06 3.581567936780288884e-04 8.938672575127190600e-04
3.450000000000000000e+02 9.059798100051391417e-04 2.928572504219655381e-05 -1.162430737158691885e-04 4.214433647936417695e-04 5.674342547639283190e-06 3.324955617627721851e-04 8.299593682807764397e-04
3.475000000000000000e+02 8.405569476378769219e-04 2.633307122353230074e-05 -1.055841878461052588e-04 3.910119037855755951e-04 5.388972406277942479e-06 3.084353269528282253e-04 7.700020891881403711e-04
3.500000000000000000e+02 7.821099193374628352e-04 2.439265208808443319e-05 -9.718747665227968813e-05 3.602820425395231369e-04 4.696717117587140802e-06 2.858430393384501752e-04 7.141175006077180466e-04
3.525000000000000000e+02 7.257717378108324499e-04 1.843328275327866768e-05 -8.813544194214013286e-05 3.323302766998265556e-04 4.441056195356245275e-06 2.649891133741333576e-04 6.615455639423961816e-04
3.550000000000000000e+02 6.733677655241645859e-04 9.986340670448257394e-06 -8.106667220030911369e-05 3.051003380971305766e-04 3.726314946071183817e-06 2.455534765132564505e-04 6.120107900672758878e-04
3.575000000000000000e+02 6.286974251662627664e-04 -4.837675838349042467e-07 -7.325506160692031913e-05 2.819019029880121463e-04 3.389506437361856989e-06 2.273163523524508495e-04 5.689578402533629082e-04
3.600000000000000000e+02 5.890033733829259759e-04 -1.140627313273352451e-05 -6.725943431863094671e-05 2.561600002574357967e-04 2.352557669472768268e-06 2.103286851782677975e-04 5.277460294093147715e-04
3.625000000000000000e+02 5.539110093794456010e-04 -2.274162973355870997e-05 -6.019884931168519818e-05 2.343108949978573992e-04 1.748812627267796297e-06 1.941631579117290124e-04 4.911925311445160605e-04
3.650000000000000000e+02 5.196225365827544318e-04 -3.157251218745500741e-05 -5.466882023896629930e-05 2.125099474888972307e-04 5.288648058473548714e-07 1.795318923843924549e-04 4.558321882280220181e-04
3.675000000000000000e+02 4.880355762077975661e-04 -4.023879895403012838e-05 -4.821244755455226182e-05 1.967848625182071437e-04 -7.447952877835920609e-08 1.653895087256871711e-04 4.251049737258459269e-04
3.700000000000000000e+02 4.547658495452608948e-04 -4.456174912907755306e-05 -4.420559930649809236e-05 1.801895233858820302e-04 -9.364836865091344142e-07 1.533078336511495103e-04 3.941316032911462448e-04
3.725000000000000000e+02 4.253122895901946077e-04 -4.567921160915755209e-05 -3.897451934402984774e-05 1.655609606059376022e-04 -8.828059568759871240e-07 1.418731906046407016e-04 3.663732204003864964e-04
3.750000000000000000e+02 3.982471054549271906e-04 -4.258662454116582174e-05 -3.645294082027729810e-05 1.500847724600368346e-04 -1.116227546997495832e-06 1.327095584670970362e-04 3.405207181910305443e-04
3.775000000000000000e+02 3.771239148069561401e-04 -4.014346751417239320e-05 -3.182954082678068105e-05 1.392440090832182376e-04 -8.291611113953975222e-07 1.235328246870466887e-04 3.199503742886105739e-04
3.800000000000000000e+02 3.598346764736771075e-04 -3.509621497375157268e-05 -3.016855001189474580e-05 1.261343703907861797e-04 -8.605549703901237771e-07 1.166589215959776667e-04 3.013139842302204837e-04
3.825000000000000000e+02 3.436294617838985270e-04 -3.234352902982582468e-05 -2.600679739410001028e-05 1.175539770841966777e-04 -2.543889800256669472e-07 1.093239941395416536e-04 2.852537165038184224e-04
3.850000000000000000e+02 3.252513415920187567e-04 -2.523511586155926690e-05 -2.518053318350235018e-05 1.075252117648560962e-04 -1.055856507898637465e-07 1.044247754908969096e-04 2.686006644238858880e-04
3.875000000000000000e+02 3.095766576037743234e-04 -2.238303149459053436e-05 -2.154716131181045900e-05 1.032110247264637540e-04 9.184845517385848254e-07 9.861487987457158682e-05 2.557012811024048050e-04
3.900000000000000000e+02 2.901005305207810642e-04 -1.623587034437399369e-05 -2.103701243415929506e-05 9.597582634354875171e-05 1.408264202731087565e-06 9.554207234408791530e-05 2.408092146042088656e-04
3.925000000000000000e+02 2.733855029276089136e-04 -1.601905718264830925e-05 -1.777182181602795567e-05 9.361382296121965125e-05 2.493836956055053719e-06 9.100612080957717475e-05 2.290027233492028698e-04
3.950000000000000000e+02 2.535376894892181292e-04 -1.216028231387138426e-05 -1.742989632633699988e-05 8.634986494233807186e-05 2.942389134656966120e-06 8.940656591919146352e-05 2.146470601753738459e-04
3.975000000000000000e+02 2.356041496885214956e-04 -1.109561648876269451e-05 -1.480106866451788811e-05 8.520257419994265433e-05 4.175766076580344706e-06 8.567498462446746963e-05 2.032408542564657894e-04
4.000000000000000000e+02 2.177449134517797050e-04 -6.862004018656442566e-06 -1.471360340427949895e-05 7.828393629706198594e-05 4.311250391886516387e-06 8.506894330377129604e-05 1.905488965263065003e-04
4.025000000000000000e+02 2.024542184733949435e-04 -6.542132934580635838e-06 -1.309701768217420641e-05 7.779083642464445635e-05 5.598784988282249000e-06 8.160977826441268370e-05 1.809274165812260282e-04
4.050000000000000000e+02 1.860715741230375508e-04 -2.730463542539496503e-06 -1.306154124735154114e-05 7.148839598270368941e-05 5.085511766580267930e-06 8.158099110279101154e-05 1.695704806042661462e-04
4.075000000000000000e+02 1.726968820327876161e-04 -2.753068983976625373e-06 -1.255482864304108818e-05 7.240499757288887102e-05 6.781551160516216897e-06 7.802923042216754689e-05 1.615655550139220170e-04
4.100000000000000000e+02 1.585369083922326925e-04 3.106234564166143740e-07 -1.251952862385651581e-05 6.694630095150966341e-05 5.482346981466949008e-06 7.828132049524601558e-05 1.518822649194941858e-04
4.125000000000000000e+02 1.472305498927138135e-04 1.882458653964746989e-07 -1.312017971308490295e-05 6.852923888053661554e-05 7.658634090273042371e-06 7.453768116272849794e-05 1.451487349679894635e-04
4.150000000000000000e+02 1.345254340701732281e-04 2.570838897089089211e-06 -1.265118676157678776e-05 6.231755168732133472e-05 5.378748984069469069e-06 7.493230982895598220e-05 1.358876477932252657e-04
4.175000000000000000e+02 1.262855657151735870e-04 2.925589805244044342e-06 -1.416759258852096624e-05 6.316571684930529385e-05 8.068164477131380626e-06 7.110094203628836574e-05 1.302761123003836165e-04
4.200000000000000000e+02 1.139642855249928044e-04 5.184038467422169409e-06 -1.292447640588163800e-05 5.598705159554171352e-05 4.725624075513193862e-06 7.149602604330459229e-05 1.207236815819195551e-04
4.225000000000000000e+02 1.081784259380160791e-04 5.919632933757590471e-06 -1.531593540816638256e-05 5.668664035479356313e-05 8.045770425600819826e-06 6.769630867161159670e-05 1.162806874822106093e-04
4.250000000000000000e+02 9.613087178577899949e-05 8.013478144501462919e-06 -1.312301375267616892e-05 4.876220245437332579e-05 3.699646347796288687e-06 6.789018338459868710e-05 1.063916288123755062e-04
4.275000000000000000e+02 9.228945837026287157e-05 9.296049630939507192e-06 -1.639965848141308646e-05 5.040116325652474797e-05 7.720485747291259154e-06 6.424700346466095491e-05 1.034688125457242872e-04
4.300000000000000000e+02 8.099243435997642614e-05 1.074511026009830092e-05 -1.301940704520699056e-05 4.223074360327680726e-05 2.537488135226605564e-06 6.406518527099523198e-05 9.364418161712423946e-05
4.325000000000000000e+02 7.903450715819388859e-05 1.149027684688768120e-05 -1.709416678508844534e-05 4.593904661246090896e-05 7.284254926068109122e-06 6.065905186997108326e-05 9.281630282031294718e-05
4.350000000000000000e+02 6.921483318913779204e-05 1.135795091221876167e-05 -1.237884069698374596e-05 3.702151825118970804e-05 1.424851836926013363e-06 5.989928208864140334e-05 8.306781676448445170e-05
4.375000000000000000e+02 6.769717279515212807e-05 1.109012715225272684e-05 -1.720337062841126676e-05 4.206494727384866525e-05 6.893862536806072782e-06 5.683354731007420394e-05 8.329783368953748847e-05
4.400000000000000000e+02 5.878355890085416191e-05 9.367000964308936590e-06 -1.123946260885840481e-05 3.146733000666941356e-05 5.487018787288699118e-07 5.536918318669601443e-05 7.281003604710979834e-05
4.425000000000000000e+02 5.661751663517762187e-05 8.173756465778580336e-06 -1.670200675860904346e-05 3.785176338129749989e-05 6.614284477936205029e-06 5.277384135531605559e-05 7.362156068589558529e-05
4.450000000000000000e+02 4.890245568644928847e-05 6.059106745289533168e-06 -9.770144838973942282e-06 2.596911493750537667e-05 -1.165700340176757001e-08 5.049145348108856519e-05 6.268151205252161856e-05
4.475000000000000000e+02 4.693846182163028476e-05 4.607812795735455090e-06 -1.550386419038385228e-05 3.341911092958058441e-05 6.232762640423263914e-06 4.848386194021611759e-05 6.442071734571349338e-05
4.500000000000000000e+02 4.121522322886122212e-05 3.029748855560043637e-06 -8.087718861516126186e-06 2.113804702051211759e-05 -3.728234088889768545e-07 4.533050716902600221e-05 5.384188870919967096e-05
4.525000000000000000e+02 3.977582216413893195e-05 1.714427664028406127e-06 -1.352793344005684340e-05 2.905277473224412266e-05 5.698969452202087371e-06 4.399479686828489214e-05 5.641169688233396999e-05
4.550000000000000000e+02 3.583631516154426238e-05 8.206711345389194586e-07 -6.373521514045609288e-06 1.723173410939837704e-05 -4.094710663283576976e-07 4.002022700256365091e-05 4.654413813675314178e-05
4.575000000000000000e+02 3.438494044208830744e-05 -2.751842912488200653e-07 -1.100135297583535196e-05 2.488270336490261327e-05 5.086573418782342139e-06 3.943944933485955562e-05 4.935354657092523817e-05
4.600000000000000000e+02 3.110904845708510873e-05 -6.107143028135198063e-07 -4.832775811194533980e-06 1.391288303369995160e-05 -2.100109286907839994e-07 3.478397011856596666e-05 3.990295080467551011e-05
4.625000000000000000e+02 2.948757506053958298e-05 -1.756352589424992107e-06 -8.257594456948842647e-06 2.094110600111127491e-05 4.281718974766173937e-06 3.502020988100873152e-05 4.272444547132979301e-05
4.650000000000000000e+02 2.612399009941057706e-05 -1.437646773692158220e-06 -3.628490083245603759e-06 1.135079539881891342e-05 7.588249905782758887e-08 2.985388885388688316e-05 3.366433717605818682e-05
4.675000000000000000e+02 2.529527543131671177e-05 -2.711338780909322744e-06 -5.722219542266157217e-06 1.742058038450125092e-05 3.279954944166486840e-06 3.092511187606598731e-05 3.682048384594198008e-05
4.700000000000000000e+02 2.159007242620241028e-05 -1.677512069081821350e-06 -2.789619220305835424e-06 9.604850705897583396e-06 3.648837880802961281e-07 2.540357194494736659e-05 2.829924753852367675e-05
4.725000000000000000e+02 2.172542025875721016e-05 -2.910416574257368312e-06 -3.598545363595788424e-06 1.446658587660021318e-05 2.252751877326781584e-06 2.725195900387366172e-05 3.172198256961554508e-05
4.750000000000000000e+02 1.778306880260593873e-05 -1.405954836886813459e-06 -2.182908097866647195e-06 8.331079948414022349e-06 6.110840554390125531e-07 2.152952344746019841e-05 2.382183609924007890e-05
4.775000000000000000e+02 1.858015939189385711e-05 -2.669214241044670495e-06 -1.957322316140134339e-06 1.207109240263974927e-05 1.346891391057079620e-06 2.402339627175331633e-05 2.733732403314345966e-05
4.800000000000000000e+02 1.481348402308313447e-05 -9.539594566657426831e-07 -1.718009788596582075e-06 7.250905830987974654e-06 8.015582396487995006e-07 1.825326707478813366e-05 2.015882846442961927e-05
4.825000000000000000e+02 1.586100228634137321e-05 -2.266228416438309648e-06 -8.260126470046490888e-07 1.007638582944920862e-05 6.635069015797616782e-07 2.121331040049510036e-05 2.357534925814284364e-05
4.850000000000000000e+02 1.261666003502455106e-05 -6.107046558954110032e-07 -1.342110535874786644e-06 6.405290682710340653e-06 9.575117042189684357e-07 1.553671466708790062e-05 1.727933269241139575e-05
4.875000000000000000e+02 1.354187385392471330e-05 -1.846910481847174888e-06 -1.913721012112299501e-07 8.441653522038095056e-06 2.702453210085456049e-07 1.878201021865204631e-05 2.038276879730742733e-05
4.900000000000000000e+02 1.097596602556549733e-05 -3.888296307168914729e-07 -1.022203030115585813e-06 5.784945731462088086e-06 1.046643763344552991e-06 1.330990789250827448e-05 1.503540982476793037e-05
4.925000000000000000e+02 1.161417529987502991e-05 -1.457272785664542944e-06 1.857094823489112810e-08 7.157401216377490012e-06 1.446851352980423480e-07 1.668724710077017852e-05 1.772941180851134922e-05
4.950000000000000000e+02 9.751833447615610261e-06 -2.680574746525721042e-07 -7.840061874224112307e-07 5.301686908192860021e-06 1.036160053009093073e-06 1.149525221659379060e-05 1.327438628620113129e-05
4.975000000000000000e+02 1.007168517391541303e-05 -1.130217034804736945e-06 -2.887059263561668996e-08 6.186811408548109602e-06 1.682811025278281536e-07 1.488187795122974407e-05 1.557018726684663377e-05
5.000000000000000000e+02 8.808669711342532468e-06 -2.116536832117432669e-07 -6.427988556110087925e-07 4.881062909862254736e-06 9.606454506352995671e-07 1.001707259304696648e-05 1.185340260712587727e-05
5.025000000000000000e+02 8.844827137319555965e-06 -8.890457561019360152e-07 -1.710565131435086113e-07 5.451468130793912583e-06 2.379004203884724386e-07 1.332109935002456205e-05 1.380869730906901445e-05
5.050000000000000000e+02 8.039257529791044745e-06 -1.980213796038299310e-07 -5.658975487066599515e-07 4.507433450490250213e-06 8.627957745679048262e-07 8.806672155763765162e-06 1.067668156802253091e-05
5.075000000000000000e+02 7.848826674944220784e-06 -7.242400178924413124e-07 -3.185509460655672794e-07 4.885769755396474482e-06 3.126883324841093068e-07 1.196653789950247525e-05 1.235056716492158526e-05
5.100000000000000000e+02 7.393940286916844845e-06 -2.033758933679408319e-07 -5.213060694629313337e-07 4.172500234391928996e-06 7.626446244950478734e-07 7.806636202187449837e-06 9.686538361748110569e-06
5.125000000000000000e+02 7.035346810528864058e-06 -6.159160510861738439e-07 -4.399707914550809437e-07 4.443500658170140494e-06 3.812457147067757455e-07 1.078691104827132695e-05 1.113287925848516575e-05
5.150000000000000000e+02 6.848599629539364521e-06 -2.143915349101632743e-07 -4.950402539949014301e-07 3.871208625097910804e-06 6.714848334849766386e-07 6.971783195431606511e-06 8.845795725034440071e-06
5.175000000000000000e+02 6.374820901668698468e-06 -5.478816856033574809e-07 -5.319749209709389633e-07 4.091247195987879379e-06 4.412569987591997446e-07 9.756422283113991926e-06 1.011124519038528362e-05
5.200000000000000000e+02 6.384707164268732410e-06 -2.263407655131999212e-07 -4.828168329497599657e-07 3.602844742437927399e-06 5.966175165077211245e-07 6.267777619985860554e-06 8.127664763346259758e-06
5.225000000000000000e+02 5.839322899348075796e-06 -5.092222257777834255e-07 -5.990528442498065870e-07 3.807936307856785355e-06 4.898252973601965513e-07 8.853575099276048688e-06 9.250417153240455978e-06
5.250000000000000000e+02 5.988251961640855417e-06 -2.380761802717401454e-07 -4.826635968637636780e-07 3.367211924530621863e-06 5.420886346293335422e-07 5.668832350162428389e-06 7.512148118166952622e-06
5.275000000000000000e+02 5.403295919308348497e-06 -4.925152931468446401e-07 -6.464571765577164095e-07 3.582722178488051281e-06 5.241811092199871343e-07 8.060399832072572267e-06 8.523208964934485599e-06
5.300000000000000000e+02 5.648927100317990438e-06 -2.494537370250071692e-07 -4.921872606224533601e-07 3.161636974350656832e-06 5.078509408352598840e-07 5.155432861927238812e-06 6.982998468297943676e-06
5.325000000000000000e+02 5.046401074542927746e-06 -4.922236824947745617e-07 -6.788734465612731444e-07 3.407362867381191783e-06 5.439329249400127000e-07 7.361923045364220180e-06 7.907843493644169431e-06
5.350000000000000000e+02 5.358525209193842529e-06 -2.603289927701979521e-07 -5.087791091440023021e-07 2.982152503620572104e-06 4.912166287447082151e-07 4.712710292644626231e-06 6.526694002729519585e-06
5.375000000000000000e+02 4.753091899173256156e-06 -5.039122095491066673e-07 -6.999181778549388761e-07 3.274336039628700155e-06 5.498911161864465441e-07 6.745607847697118739e-06 7.386517893249537525e-06
5.400000000000000000e+02 5.110459315633874922e-06 -2.708174112322936152e-07 -5.302788381426410112e-07 2.824887508518081189e-06 4.891687304351641074e-07 4.329303607464381846e-06 6.132325215808168767e-06
5.425000000000000000e+02 4.511449342038175950e-06 -5.239947993091575629e-07 -7.120417290677318123e-07 3.177282111398671370e-06 5.426043513699576362e-07 6.200886322302443635e-06 6.944808887869645055e-06
5.450000000000000000e+02 4.899334271052779635e-06 -2.811833793201046123e-07 -5.550684660288920298e-07 2.686567701843145357e-06 4.990863707796791292e-07 3.996493855390638072e-06 5.791197914143281109e-06
5.475000000000000000e+02 4.312268058732371107e-06 -5.495891753712456585e-07 -7.167736785974458814e-07 3.110930671918943209e-06 5.220512498617882849e-07 5.718818938249293732e-06 6.571008834450303812e-06
5.500000000000000000e+02 4.720682810851428703e-06 -2.917398249090652337e-07 -5.819664716180608033e-07 2.564513095524922765e-06 5.187181861988476675e-07 3.707543353952843567e-06 5.496369630164597729e-06
5.525000000000000000e+02 4.148396544682952627e-06 -5.783724279229573539e-07 -7.149918368094554571e-07 3.070887781655073830e-06 4.877594835235523340e-07 5.291830137331363782e-06 6.255557231834695331e-06
5.550000000000000000e+02 4.570796397999643601e-06 -3.028012860694318114e-07 -6.101427910526034947e-07 2.456547791871876786e-06 5.460412402819065767e-07 3.457187629368587689e-06 5.242265909620054038e-06
5.575000000000000000e+02 4.014266718413850575e-06 -6.084855639914010472e-07 -7.071309595054953309e-07 3.053477355860145636e-06 4.390044367329612714e-07 4.913496429069574560e-06 5.990620251671785809e-06
5.600000000000000000e+02 4.446590588409194070e-06 -3.146476466239889088e-07 -6.390670957437755164e-07 2.360936505060351406e-06 5.791407318722560412e-07 3.241241673876550628e-06 5.024384383673048476e-06
5.625000000000000000e+02 3.905569664063435565e-06 -6.384817747104420687e-07 -6.933356379808847883e-07 3.055638337466159990e-06 3.750361487123918771e-07 4.578375029004301253e-06 5.769791515266948404e-06
5.650000000000000000e+02 4.345512024357489980e-06 -3.274997541781843344e-07 -6.684784576074968230e-07 2.276342328871727704e-06 6.161248212713102172e-07 3.056296544638645082e-06 4.839075448933931595e-06
5.675000000000000000e+02 3.819020596890965104e-06 -6.672951025754159179e-07 -6.735885803699299624e-07 3.074867438570372321e-06 2.953308131574457126e-07 4.281864342811360224e-06 5.587876189136348825e-06
5.700000000000000000e+02 4.265467623076446462e-06 -3.415016989098518216e-07 -6.983562285293854177e-07 2.201806407020434548e-06 6.550729840540621165e-07 2.899490779238440673e-06 4.683382404667661053e-06
5.725000000000000000e+02 3.752187309968135646e-06 -6.942228707989884050e-07 -6.478135719463762126e-07 3.109194039060181159e-06 1.998480787069413432e-07 4.020090581679756948e-06 5.440735965354037088e-06
5.750000000000000000e+02 4.204776234503526292e-06 -3.567109042888816119e-07 -7.288794789352185119e-07 2.136734594097333547e-06 6.940133763318511731e-07 2.768345530534858552e-06 4.554928179567859407e-06
5.775000000000000000e+02 3.703362460785086642e-06 -7.189101858237734286e-07 -6.159672188084230639e-07 3.157182259889878991e-06 8.926817445952422628e-08 3.789817085379107540e-06 5.325180903027036586e-06
5.800000000000000000e+02 4.162128551706701027e-06 -3.730915225323983005e-07 -7.603728917006763250e-07 2.080885765264639546e-06 7.309219665288877108e-07 2.660654058119582624e-06 4.451834187545462023e-06
5.825000000000000000e+02 3.671467495061264893e-06 -7.413354241345260541e-07 -5.781120772556960561e-07 3.217953302294063316e-06 -3.483825063172594444e-08 3.588374248866507500e-06 5.238897523110917643e-06
5.850000000000000000e+02 4.136552432873585472e-06 -3.905114080012594781e-07 -7.932332831243632971e-07 2.034357527182617487e-06 7.637379860317843108e-07 2.574416394937413734e-06 4.372663177496807923e-06
5.875000000000000000e+02 3.655976943638350419e-06 -7.617931019691326606e-07 -5.344657804742307571e-07 3.291233263782533502e-06 -1.699555035932345466e-07 3.413608332805451217e-06 5.180409270113167357e-06
5.900000000000000000e+02 4.127370863535162556e-06 -4.087418636068207306e-07 -8.278494265751499565e-07 1.997562491503490504e-06 7.904000463969894581e-07 2.507810298998717732e-06 4.316371827018685819e-06
5.925000000000000000e+02 3.656865020675681400e-06 -7.808724986773541285e-07 -4.854120155576345131e-07 3.377422131036489304e-06 -3.127283475565450173e-07 3.263844938812552514e-06 5.149066045262361609e-06
5.950000000000000000e+02 4.134157152867246278e-06 -4.274659229574595532e-07 -8.645238352744888647e-07 1.971195692306882061e-06 8.089146635412503833e-07 2.459189803016086069e-06 4.282271324095106780e-06
5.975000000000000000e+02 3.674567459111699666e-06 -7.994379776025794876e-07 -4.314716852867015508e-07 3.477700185371546240e-06 -4.592360798720907153e-07 3.137860556858243554e-06 5.145064100670744942e-06
6.000000000000000000e+02 4.156690559924314224e-06 -4.463038468141888687e-07 -9.034131910466543588e-07 1.956196741012927778e-06 8.174749602569922513e-07 2.427103243279143552e-06 4.269995272108192777e-06
6.025000000000000000e+02 3.709969244641797583e-06 -8.186190600932619131e-07 -3.732366190934797107e-07 3.594177485517047330e-06 -6.053983931135525506e-07 3.034852291323573991e-06 5.169499510741209240e-06
6.050000000000000000e+02 4.194922332941076019e-06 -4.648669459330178973e-07 -9.444994132734553840e-07 1.953718960627970520e-06 8.146334541882045985e-07 2.410323249895772050e-06 4.279482271732409083e-06
6.075000000000000000e+02 3.764416302723106059e-06 -8.398284005714629437e-07 -3.112872273167356122e-07 3.730102520390055190e-06 -7.474117644299237885e-07 2.954394743614494584e-06 5.224456783363827917e-06
6.100000000000000000e+02 4.248973493843877519e-06 -4.828519001941699907e-07 -9.875935826406248764e-07 1.965129708322699457e-06 7.995096171247182734e-07 2.407882514977390629e-06 4.310992858571983591e-06
6.125000000000000000e+02 3.839766163497060357e-06 -8.648293484911917720e-07 -2.461330026964828250e-07 3.890174732700213199e-06 -8.820891428460732495e-07 2.896376117986875118e-06 5.313158507092074760e-06
6.150000000000000000e+02 4.319158178529391985e-06 -5.001677055465947526e-07 -1.032363749450203049e-06 1.992059497262310738e-06 7.719756851921588199e-07 2.419112370465029170e-06 4.365165023128366159e-06
6.175000000000000000e+02 3.938471250529218738e-06 -8.958796388686351556e-07 -1.782133521978315217e-07 4.080960445784498155e-06 -1.006979966357896001e-06 2.860911821794377145e-06 5.440171759054047231e-06
6.200000000000000000e+02 4.406037509692595385e-06 -5.170811809357190050e-07 -1.078371869190157458e-06 2.036520691224285953e-06 7.327438425444882328e-07 2.443686531877676855e-06 4.443122366397278673e-06
6.225000000000000000e+02 4.063719687135858683e-06 -9.359751208849686681e-07 -1.079882766996598909e-07 4.311477210233594166e-06 -1.120241542343272397e-06 2.848241434125960423e-06 5.611719165747706424e-06
6.250000000000000000e+02 4.510488122873113259e-06 -5.343513594032955441e-07 -1.125106587730034511e-06 2.101112939275839793e-06 6.832849494621753954e-07 2.481679108389970070e-06 4.546640085269460925e-06
6.275000000000000000e+02 4.219632375369286492e-06 -9.892047794590296684e-07 -3.609952408993753429e-08 4.593906197804997775e-06 -1.220302991640511424e-06 2.858620463624150464e-06 5.836079518399217153e-06
6.300000000000000000e+02 4.633761496364741370e-06 -5.533774368473131689e-07 -1.171994483411925844e-06 2.189394026198599036e-06 6.255775924089543038e-07 2.533652128275036650e-06 4.678403825419188740e-06
6.325000000000000000e+02 4.411527695475570262e-06 -1.061256967206070170e-06 3.644374373339104264e-08 4.944659206469381507e-06 -1.305468282096935897e-06 2.892222055507195795e-06 6.124204478726073358e-06
6.350000000000000000e+02 4.777568177967595252e-06 -5.763605921993431533e-07 -1.218401637959979034e-06 2.306491097841334597e-06 5.617299994494675889e-07 2.600795228661607902e-06 4.842427252235269088e-06
6.375000000000000000e+02 4.646314782919347044e-06 -1.160150964108197579e-06 1.081727496696469382e-07 5.386027371026269934e-06 -1.373573546730167635e-06 2.949064986197096625e-06 6.490703570071356166e-06
6.400000000000000000e+02 4.944181422610327660e-06 -6.065940814270476097e-07 -1.263626518316852065e-06 2.460076682250988857e-06 4.936266323128628080e-07 2.685147382813235974e-06 5.044702743837276457e-06
6.425000000000000000e+02 4.932879051751015995e-06 -1.297181665586855055e-06 1.772127017533655962e-07 5.948589945832427926e-06 -1.421813496613998858e-06 3.028989551825683091e-06 6.955229274704563717e-06
6.450000000000000000e+02 5.133394810734515071e-06 -6.480774210142925482e-07 -1.306447444280796975e-06 2.658879159832405922e-06 4.228925439618375267e-07 2.789884823557126886e-06 5.291079397062024575e-06
6.475000000000000000e+02 5.165422796951091605e-06 -1.409438712317445753e-06 2.059372447805177906e-07 6.450454671785444239e-06 -1.431377153870545939e-06 3.130763551165397769e-06 7.373320509950967230e-06
6.500000000000000000e+02 4.319917308806608752e-06 -3.842956841811684169e-07 -1.080972369776511672e-06 2.227962900560154096e-06 4.349914158709661846e-07 2.921803711881742385e-06 4.734841960624252828e-06
6.525000000000000000e+02 4.718075197766324585e-06 -5.275276107514770681e-07 -1.241173270567081881e-06 1.916395699269646318e-06 3.625920578855125591e-07 3.297322556648751688e-06 4.965896726842361084e-06
6.550000000000000000e+02 5.110446163990544975e-06 -4.489215499290821501e-07 -8.270401083695980562e-07 1.601761020840530816e-06 2.401034779046633212e-07 3.014758891391709518e-06 4.863483038111392231e-06
6.575000000000000000e+02 7.224821263989511936e-06 -6.740759615972535963e-07 -1.089235440576899218e-06 2.071846945703725715e-06 3.570475497387774652e-07 3.347631014028678410e-06 6.322149611860957819e-06
6.600000000000000000e+02 8.613381334885872618e-06 -2.257656065383528711e-07 -8.373236171403627043e-07 1.593160023759931898e-06 1.715570464157468922e-07 3.032441100282489281e-06 6.619491229464147110e-06
6.625000000000000000e+02 1.112303033360149067e-05 -5.508153624997902178e-07 -1.160470915644545273e-06 2.091156274097283404e-06 3.929048808008277747e-07 3.333848217873782726e-06 8.274017412786279462e-06
6.650000000000000000e+02 1.263809386976149009e-05 -1.129323944541127412e-07 -7.800964246785502612e-07 1.950912481564337492e-06 1.799155199492682193e-07 3.017872558074453480e-06 8.803439454700140110e-06
6.675000000000000000e+02 1.482855780812961642e-05 -6.939727613378465254e-07 -1.112184786377450369e-06 2.086190785164898638e-06 3.447681454873179371e-07 3.275435035648957412e-06 1.009509181447173666e-05
6.700000000000000000e+02 1.592613588433806611e-05 -1.750841390043334033e-07 -8.773609802348179387e-07 1.834352548864792677e-06 1.794184777544308673e-07 2.991438557237516361e-06 1.037596349522018673e-05
6.725000000000000000e+02 1.712268662010281174e-05 -6.346767458941471044e-07 -1.045751028558194951e-06 1.868209145368560122e-06 2.933936923612408190e-07 3.196346059425984836e-06 1.109362091244867972e-05
6.750000000000000000e+02 1.780828916932115786e-05 -2.477468925791370528e-07 -9.472552093642661597e-07 1.524240425955092278e-06 1.985283438218257392e-07 2.958661930204052260e-06 1.114559576274015194e-05
6.775000000000000000e+02 1.856097957809659148e-05 -5.927576386728360988e-07 -1.062039841135800298e-06 1.639625661111754306e-06 2.514041112523520507e-07 3.112759372153823810e-06 1.165668230568108586e-05
6.800000000000000000e+02 1.907810304462778181e-05 -2.328828839941010617e-07 -9.744186839246961806e-07 1.296892873302102249e-06 2.113677312158091925e-07 2.922196302358649083e-06 1.164859611014426604e-05
6.825000000000000000e+02 1.996940061113683517e-05 -5.468226750785731961e-07 -1.082571971323854460e-06 1.477177532424445077e-06 2.373187380534495904e-07 3.029818653459872391e-06 1.223819839851057738e-05
6.850000000000000000e+02 2.071440257477910054e-05 -2.038448566041850447e-07 -1.002176333503576893e-06 1.328634984386400900e-06 1.982204956668781514e-07 2.886317855807666960e-06 1.246467770748658314e-05
6.875000000000000000e+02 2.188433741008957270e-05 -4.663801980260728932e-07 -1.076153045486362076e-06 1.408637743585572469e-06 2.401059700188392732e-07 2.952234126014719525e-06 1.312260463984493224e-05
6.900000000000000000e+02 2.280942936284766577e-05 -1.778448524721198937e-07 -1.016986617118388326e-06 1.381007406051360018e-06 1.776185852125381165e-07 2.858327581608726381e-06 1.352438217525387598e-05
6.925000000000000000e+02 2.384741219495474391e-05 -3.388687765225384599e-07 -1.061207004184335223e-06 1.335734271825561607e-06 2.360072047478052634e-07 2.887738418270069389e-06 1.403544244252518830e-05
6.950000000000000000e+02 2.451105116416698505e-05 -1.380307934494950971e-07 -1.013004749688464833e-06 1.345273587483664141e-06 1.669700093141351372e-07 2.848310939187764213e-06 1.435231784541920681e-05
6.975000000000000000e+02 2.479575008359091742e-05 -1.577262853610150710e-07 -1.054890602793562356e-06 1.279113292703470922e-06 2.219905510358617652e-07 2.845157322992242632e-06 1.446001034964331623e-05
7.000000000000000000e+02 2.491332211833885549e-05 -1.335187917778313371e-07 -9.986730745510953211e-07 1.332616367219241489e-06 1.669216378126738474e-07 2.863083309700783893e-06 1.455451089762944054e-05
7.025000000000000000e+02 2.431818746995339966e-05 -3.917416701852971349e-08 -1.071571626165896301e-06 1.289839939665515750e-06 2.115617034335700732e-07 2.830959433572007908e-06 1.421949342159546134e-05
7.050000000000000000e+02 2.402244107823854385e-05 -1.908150600597124985e-07 -9.686107674227961967e-07 1.371443266222627303e-06 1.702969200227017077e-07 2.903259792389049067e-06 1.414857206842511085e-05
7.075000000000000000e+02 2.313483383136727390e-05 -6.150428592057721244e-08 -1.112950351418705723e-06 1.309717253000108783e-06 2.135454647122957734e-07 2.845640721611882338e-06 1.364509590298963325e-05
7.100000000000000000e+02 2.278826260204809418e-05 -2.810788296658373138e-07 -9.166088371886063018e-07 1.374997797011889927e-06 1.752360179489079858e-07 2.966061726094355380e-06 1.356466106257716858e-05
7.125000000000000000e+02 2.214701065318429435e-05 -1.674801919650192828e-07 -1.159343781997644678e-06 1.297951500227334472e-06 2.197570816026389575e-07 2.883802656441643112e-06 1.316438240492663607e-05
7.150000000000000000e+02 2.190040906751064944e-05 -3.923222416577942839e-07 -8.584145261883670798e-07 1.377183660321978971e-06 1.865364531466823621e-07 3.048706791982845674e-06 1.316314975990773810e-05
7.175000000000000000e+02 2.126686838530424960e-05 -2.023595211888107408e-07 -1.185953735621206074e-06 1.346680706611369594e-06 2.166865857553966780e-07 2.938962640408909544e-06 1.277625586616226331e-05
7.200000000000000000e+02 2.092527187427606290e-05 -4.935137895905938914e-07 -8.265232563412587990e-07 1.506464539729357524e-06 2.078266204807651244e-07 3.148733630193294022e-06 1.279023502209935797e-05
7.225000000000000000e+02 1.959919585392455636e-05 -1.026667295937144814e-07 -1.181980515090716397e-06 1.498287123598096632e-06 2.039120503499595526e-07 3.007520692715155101e-06 1.205250183511890331e-05
7.250000000000000000e+02 1.890242601115588294e-05 -5.738630667918798621e-07 -8.420100034276607062e-07 1.686910621347426007e-06 2.385660423227116521e-07 3.261385920865377543e-06 1.192536127668434325e-05
7.275000000000000000e+02 1.656463946009836358e-05 -4.476972402400747425e-09 -1.151371463432770341e-06 1.606130972572028536e-06 1.919382332282177870e-07 3.086444622457194165e-06 1.062860752756379282e-05
7.300000000000000000e+02 1.549516353798985167e-05 -6.157171109299141772e-07 -8.832691826993496738e-07 1.732972686217859615e-06 2.717507148117417736e-07 3.375371076411216722e-06 1.030175365030946390e-05
7.325000000000000000e+02 1.260228580245517050e-05 1.013725114624719558e-08 -1.101286425969231782e-06 1.612514517593854857e-06 1.952686923199229620e-07 3.167505780396898844e-06 8.691153050222962418e-06
7.350000000000000000e+02 1.128083091128040397e-05 -5.127861353701135709e-07 -8.972396818923580114e-07 1.615295251960979681e-06 3.010635051740963788e-07 3.471980682044126159e-06 8.184053422642755644e-06
7.375000000000000000e+02 8.433657259412186030e-06 4.495943804769808601e-08 -9.923726093419214452e-07 1.563923648934384480e-06 1.877411404790121318e-07 3.237000819213858238e-06 6.617290863780214479e-06
7.400000000000000000e+02 7.029305089379534198e-06 -3.709163569791229760e-07 -8.807316618389255342e-07 1.460584341751758355e-06 3.489983588532391455e-07 3.530682557767046851e-06 6.010285994449170231e-06
7.425000000000000000e+02 5.136186604223880289e-06 -1.382434824078515561e-07 -9.197163935647150903e-07 1.426297432469869725e-06 2.152316784695400629e-07 3.279135987633854946e-06 4.920810012163802480e-06
7.450000000000000000e+02 3.459050761372850406e-06 -1.296115122093155388e-07 -6.653183988733402455e-07 1.074890822498542023e-06 3.642801326595133317e-07 3.533187195484509765e-06 4.033564389677950885e-06
7.475000000000000000e+02 2.953406772187250150e-06 -2.873565309560177774e-07 -5.262876088702242741e-07 7.193438960548803556e-07 1.208400171164962505e-07 3.261260071721590876e-06 3.467005369981860585e-06
7.500000000000000000e+02 2.604830648469657992e-06 -1.610382490950357127e-07 -3.478926262687329786e-07 7.159076464920310566e-07 4.834603223727849898e-07 3.469689837073892911e-06 3.395214066017791191e-06
7.525000000000000000e+02 2.658144226670344980e-06 2.469813656702513085e-08 -2.583168762001934807e-07 1.250296594504973778e-06 -4.799248500583646890e-07 3.190164090965426911e-06 3.549302456070372835e-06
7.550000000000000000e+02 2.949995328690491218e-06 -2.217401064740443047e-07 -2.479109917940694025e-07 9.300227104961144990e-07 4.742011044628756386e-07 3.360457592242563299e-06 3.620237815714584244e-06
7.575000000000000000e+02 2.443718720276066814e-06 5.292702162567053287e-08 -3.244091239200541484e-07 8.495813834646704187e-07 -3.382950289943458686e-07 3.112849575169392638e-06 3.203074839455064830e-06
7.600000000000000000e+02 2.918145130660221185e-06 -2.571179398726641678e-07 -2.285158471715642012e-07 9.331159701184255023e-07 4.564299020258917127e-07 3.257852312788989156e-06 3.554556706783818133e-06
7.625000000000000000e+02 2.352788237791258948e-06 1.797162635313043151e-08 -3.303136564502325001e-07 7.867297319203103844e-07 -3.063320905343624099e-07 3.030268860431670155e-06 3.084893415071619426e-06
7.650000000000000000e+02 2.774241824371870484e-06 -2.521986284611088492e-07 -2.262856602500843101e-07 8.724876833594130321e-07 4.503420815169785915e-07 3.154948146394730074e-06 3.400838827063006583e-06
7.675000000000000000e+02 2.265147968521219678e-06 9.923462988226106066e-10 -3.167694821948791703e-07 7.430817930076827475e-07 -2.901791325647021451e-07 2.945216796680724939e-06 2.976723279104813629e-06
7.700000000000000000e+02 2.628804478958102339e-06 -2.372532723944331683e-07 -2.311074646486660053e-07 8.109091400529066875e-07 4.506072947671075146e-07 3.052606527836756602e-06 3.246160073423883079e-06
7.725000000000000000e+02 2.181911016243631624e-06 -2.098416324258778234e-10 -3.033394290453234179e-07 6.965922033677073952e-07 -2.783085007913213870e-07 2.858577486883115602e-06 2.868540353247227205e-06
7.750000000000000000e+02 2.492595462777913281e-06 -2.146720463223061872e-07 -2.307424508221916484e-07 7.465541099556993873e-07 4.482012675924401949e-07 2.950677826936523888e-06 3.094913699835068225e-06
7.775000000000000000e+02 2.105146027073700934e-06 5.576849304134156899e-09 -2.957614304591118110e-07 6.463683572687450842e-07 -2.663247452313358407e-07 2.771455396596704686e-06 2.761484890469575352e-06
7.800000000000000000e+02 2.367535674329346117e-06 -1.873059237915697412e-07 -2.218883386365465204e-07 6.807864863006329653e-07 4.391872457147613568e-07 2.848983519939966641e-06 2.948652840284972650e-06
7.825000000000000000e+02 2.033491237032336720e-06 1.125737661080705722e-08 -2.942834714752237621e-07 5.957672899462806512e-07 -2.525302241496701037e-07 2.684361569965127033e-06 2.656810048471872467e-06
7.850000000000000000e+02 2.252685194735093222e-06 -1.592480949916819229e-07 -2.066560170300625524e-07 6.177363022165315888e-07 4.237557551514453989e-07 2.747492181067595206e-06 2.808956839009609955e-06
7.875000000000000000e+02 1.963581477236075886e-06 1.370743450710421037e-08 -2.963773523782372031e-07 5.473196383523060073e-07 -2.368733169384766798e-07 2.597302059175325287e-06 2.554101587381853643e-06
7.900000000000000000e+02 2.146639286801743698e-06 -1.342769937307863901e-07 -1.890809578067450166e-07 5.611593595954644608e-07 4.041515035678157114e-07 2.646363226405704632e-06 2.677080936401456395e-06
7.925000000000000000e+02 1.892605217642539995e-06 1.285941201363272084e-08 -2.990423016922804963e-07 5.021431072279370058e-07 -2.201172546870537880e-07 2.510029693561454236e-06 2.452389009215965301e-06
7.950000000000000000e+02 2.048190018565776224e-06 -1.146599290313687960e-07 -1.727094436355924608e-07 5.126843561052751652e-07 3.829321624665025051e-07 2.545877585631449462e-06 2.553375980151250531e-06
7.975000000000000000e+02 1.819704695325086064e-06 9.959373746504241327e-09 -3.000959430636669612e-07 4.606588842121617143e-07 -2.032099160463073351e-07 2.422264880650668429e-06 2.351314230093957971e-06
8.000000000000000000e+02 1.956299548122686227e-06 -1.010122785066514016e-07 -1.596419956236990551e-07 4.720467821422325234e-07 3.620852153408768044e-07 2.446351339837262183e-06 2.437348835051090228e-06
8.025000000000000000e+02 1.745609439752726736e-06 6.317830614044339460e-09 -2.984929568982156516e-07 4.230256798970266773e-07 -1.869473069508224731e-07 2.333832669195384059e-06 2.251233894422568710e-06
8.050000000000000000e+02 1.869931090130805180e-06 -9.264309553369542739e-08 -1.505187170439457420e-07 4.379065880907973189e-07 3.427733015904454403e-07 2.348082719007778419e-06 2.327960198614690353e-06
8.075000000000000000e+02 1.671727248451304631e-06 2.830412229393175502e-09 -2.941341577423939304e-07 3.892125992438266730e-07 -1.718250330084160191e-07 2.244723019303910384e-06 2.152831433499520685e-06
8.100000000000000000e+02 1.788097140174116389e-06 -8.809010302659459098e-08 -1.449779834758992749e-07 4.085789617858104244e-07 3.254285119178533404e-07 2.251327419229119432e-06 2.224001760594522938e-06
8.125000000000000000e+02 1.599466051123954467e-06 -4.907981416835127759e-11 -2.874965491399066308e-07 3.589858962757652898e-07 -1.580221981528725997e-07 2.155102954765257677e-06 2.056777451082488717e-06
8.150000000000000000e+02 1.710089856780427983e-06 -8.569873613346601586e-08 -1.421573146503839993e-07 3.825177907395449331e-07 3.099546581618551868e-07 2.156296523593013476e-06 2.124452085556493329e-06
8.175000000000000000e+02 1.529930581403249337e-06 -2.201108026156361948e-09 -2.792709304370639953e-07 3.319568253445481607e-07 -1.455049514988683518e-07 2.065300130392063380e-06 1.963593768569930333e-06
8.200000000000000000e+02 1.635613181423423212e-06 -8.408191409543519273e-08 -1.410715370793585918e-07 3.585535035502296308e-07 2.959410426525938439e-07 2.063159149390419445e-06 2.028662917182036065e-06
8.225000000000000000e+02 1.463852136906851355e-06 -3.739383478418289798e-09 -2.701547524580260780e-07 3.076868714200209303e-07 -1.340773130514544861e-07 1.975757579839464454e-06 1.873648294083168264e-06
8.250000000000000000e+02 1.564734309624782378e-06 -8.236326635895352449e-08 -1.408369168220142332e-07 3.359504292749448913e-07 2.828450465883153600e-07 1.972049338432626274e-06 1.936367038666176877e-06
8.275000000000000000e+02 1.401622174130068287e-06 -4.909596447078002052e-09 -2.607309665733088932e-07 2.857832290713347018e-07 -1.234592495826786733e-07 1.886978412051184014e-06 1.787191907626293607e-06
8.300000000000000000e+02 1.497715770905472187e-06 -8.018272755876410340e-08 -1.407988281875225071e-07 3.143521632533286191e-07 2.701494789364662653e-07 1.883079882092408429e-06 1.847573908125604512e-06
8.325000000000000000e+02 1.343369334146160469e-06 -5.981419022837997112e-09 -2.514137912733653652e-07 2.659382080962835277e-07 -1.133696381519366399e-07 1.799466107501083376e-06 1.704386824871763554e-06
8.350000000000000000e+02 1.434839841249768637e-06 -7.755201241153031790e-08 -1.405578002925000605e-07 2.936692426520615387e-07 2.574688071435705515e-07 1.796357553331212690e-06 1.762433318616521406e-06
8.375000000000000000e+02 1.289043867978989516e-06 -7.160832824659735579e-09 -2.424365942429225098e-07 2.479077083178183010e-07 -1.035933164277579528e-07 1.713672851450049024e-06 1.625312213873428473e-06
8.400000000000000000e+02 1.376279690889603632e-06 -7.467021074045731668e-08 -1.399547691220959024e-07 2.739693627551886611e-07 2.446150339466946959e-07 1.711990154871960011e-06 1.681119604258376231e-06
8.425000000000000000e+02 1.238493514479444004e-06 -8.537567848421190613e-09 -2.338926138511813054e-07 2.314720031451500348e-07 -9.400226277069393851e-08 1.629965435164253387e-06 1.549965476394423753e-06
8.450000000000000000e+02 1.322046722371794607e-06 -7.176241753317213629e-08 -1.390050445132897043e-07 2.553727754589729527e-07 2.315878571761827534e-07 1.630089142225614073e-06 1.603754320028190843e-06
8.475000000000000000e+02 1.191527767387512467e-06 -1.008642706814555315e-08 -2.257753089001729098e-07 2.164150663527486415e-07 -8.455956087738331849e-08 1.548617391309405643e-06 1.478280112524833217e-06
8.500000000000000000e+02 1.272015536075343882e-06 -6.899279646699340652e-08 -1.378296319519634108e-07 2.379772505730848312e-07 2.185279606825605864e-07 1.550762747868552358e-06 1.530377767258490443e-06
8.525000000000000000e+02 1.147964567426029793e-06 -1.170273889830042355e-08 -2.180224225426335397e-07 2.025191601699560887e-07 -7.530018243046116878e-08 1.469817958616299286e-06 1.410150843106142703e-06
8.550000000000000000e+02 1.225984749359554308e-06 -6.644118011784882915e-08 -1.365863315373441882e-07 2.218202129340873789e-07 2.056513731918865224e-07 1.474104234665956048e-06 1.460954598479798762e-06
8.575000000000000000e+02 1.107672546834592723e-06 -1.325372502858357426e-08 -2.105633359571010954e-07 1.895751402185119549e-07 -6.630151907203656145e-08 1.393687373953994502e-06 1.345467530503549471e-06
8.600000000000000000e+02 1.183744938067121594e-06 -6.411648659270241689e-08 -1.354186325684186563e-07 2.068682334691373982e-07 1.931826114013122810e-07 1.400179634712533834e-06 1.395396403124396519e-06
8.625000000000000000e+02 1.070591151092514791e-06 -1.462239362233219727e-08 -2.033348948508550245e-07 1.774004286703600901e-07 -5.765956372743540018e-08 1.320293898287129747e-06 1.284142739025002341e-06
8.650000000000000000e+02 1.145134812760062486e-06 -6.198377860098247212e-08 -1.344329844317653222e-07 1.930285553512156484e-07 1.813175445653067678e-07 1.329018237590880320e-06 1.333590802851079346e-06
8.675000000000000000e+02 1.036737040171331539e-06 -1.573068018192458261e-08 -1.962970296631768228e-07 1.658517742359144742e-07 -4.946293243671983372e-08 1.249668726061735073e-06 1.226128770234490450e-06
8.700000000000000000e+02 1.110071848044213975e-06 -5.998396683128959459e-08 -1.336789037880473539e-07 1.801706001520741884e-07 1.701885487043211481e-07 1.260608176043467254e-06 1.275425312119877629e-06
8.725000000000000000e+02 1.006201029990450049e-06 -1.654137450248782605e-08 -1.894379626121591017e-07 1.548314812014339802e-07 -4.177763209791199311e-08 1.181816425720993418e-06 1.171424468456438684e-06
8.750000000000000000e+02 1.078560537812478483e-06 -5.805038909816317957e-08 -1.331564361695558506e-07 1.681535282793689029e-07 1.598652192317256186e-07 1.194897275641467104e-06 1.220805670866657272e-06
8.775000000000000000e+02 9.791315614805284661e-07 -1.704775522295420864e-08 -1.827748156746322132e-07 1.442838262057044668e-07 -3.463968897999040299e-08 1.116721366104216858e-06 1.120068376895225028e-06
8.800000000000000000e+02 1.050689799654946951e-06 -5.612041925679988892e-08 -1.328257632463911260e-07 1.568539735803398237e-07 1.503585671690087164e-07 1.131801965058825529e-06 1.169672869147056086e-06
8.825000000000000000e+02 9.557225528176615278e-07 -1.726534462012096996e-08 -1.763408194768403831e-07 1.341977880064071361e-07 -2.806066671999281998e-08 1.054351277515839665e-06 1.072135809169954257e-06
8.850000000000000000e+02 1.026617743950453059e-06 -5.414432201025221056e-08 -1.326249981119830272e-07 1.461909630743996022e-07 1.416369286376494367e-07 1.071215809807444821e-06 1.122012258416148781e-06
8.875000000000000000e+02 9.362012055969870833e-07 -1.722318416934598410e-08 -1.701801078252374365e-07 1.246056227945935373e-07 -2.202860636360834630e-08 9.946600213164154152e-07 1.027733424853998137e-06
8.900000000000000000e+02 1.006561680854289837e-06 -5.209274302249155980e-08 -1.324796532731506200e-07 1.361409273336278032e-07 1.336388802337715755e-07 1.013019797620109862e-06 1.077861202904013658e-06
8.925000000000000000e+02 9.208135833183917162e-07 -1.695953779652370323e-08 -1.643376290491382902e-07 1.155859191686481351e-07 -1.651672094810843099e-08 9.375895343153575367e-07 9.869945184011986940e-07
8.950000000000000000e+02 9.907775945809048725e-07 -4.995946611270341193e-08 -1.323183913865545197e-07 1.267449251616703533e-07 1.262878627268682489e-07 9.570921442688069625e-07 1.037307332005691134e-06
8.975000000000000000e+02 9.098078527784991498e-07 -1.651648442937414575e-08 -1.588566180244532539e-07 1.072586162766064881e-07 -1.148636869337219167e-08 8.830730087474000466e-07 9.500697389012528357e-07
9.000000000000000000e+02 9.795418653304466481e-07 -4.775960263820877735e-08 -1.320823619208479151e-07 1.181045640786138072e-07 1.195067381324032026e-07 9.033188791323603081e-07 1.000482654270710421e-06
9.025000000000000000e+02 9.034176316546905138e-07 -1.593762043388125000e-08 -1.537788299025634001e-07 9.978007188813364963e-08 -6.891244720824913530e-09 8.310382830560442799e-07 9.171179932994342151e-07
9.050000000000000000e+02 9.731235701941899275e-07 -4.552388820009411857e-08 -1.317265215802508497e-07 1.103666882102061198e-07 1.132226615953245953e-07 8.516013048628438705e-07 9.675457816336200317e-07
9.075000000000000000e+02 9.018379402032650103e-07 -1.526428746387864481e-08 -1.491423595207902452e-07 9.333129424549113683e-08 -2.683273377212602901e-09 7.814125203854683258e-07 8.882908774171122431e-07
9.100000000000000000e+02 9.717549507765710417e-07 -4.329108600025221857e-08 -1.312210713858469071e-07 1.037005559349601920e-07 1.073693610653412988e-07 8.018625895816472841e-07 9.386590481465893251e-07
9.125000000000000000e+02 9.052024463500174244e-07 -1.453346623563334091e-08 -1.449815042107135489e-07 8.810286973979230886e-08 1.184632109355824374e-09 7.341280647258919246e-07 8.637166904078508819e-07
9.150000000000000000e+02 9.756020560136135875e-07 -4.110172211113649684e-08 -1.305509211662064396e-07 9.827631767489464792e-08 1.018901899890627355e-07 7.540519988091910628e-07 9.139651862488495763e-07
9.175000000000000000e+02 9.135597123336225578e-07 -1.377533483797321837e-08 -1.413279840493860193e-07 8.427739625291863958e-08 4.756498637092281481e-09 6.891277801545755432e-07 8.434824443705583902e-07
9.200000000000000000e+02 9.847371488024948361e-07 -3.899295140943337108e-08 -1.297122379779540685e-07 9.424356598923821546e-08 9.673602137814127288e-08 7.081478256144100620e-07 8.935642702030714840e-07
9.225000000000000000e+02 9.268530415411646759e-07 -1.301331773113645384e-08 -1.382120859216076447e-07 8.201216156074053111e-08 8.073751522710057005e-09 6.463699255418058187e-07 8.276175643218554731e-07
9.250000000000000000e+02 9.991146291746134210e-07 -3.699727258172913659e-08 -1.287091426035276279e-07 9.171470326885256441e-08 9.186348204036033401e-08 6.641591994837192797e-07 8.774942659635926392e-07
9.275000000000000000e+02 9.449049957549249548e-07 -1.226541401706526768e-08 -1.356634103252716833e-07 8.142340915426870971e-08 1.117509989545348404e-08 6.058321740863644495e-07 8.160802894977791099e-07
9.300000000000000000e+02 1.018550442696408771e-06 -3.514234514412350838e-08 -1.275500533440528529e-07 9.075265604145955122e-08 8.723234502715322003e-08 6.221265424964663151e-07 8.657148206171672658e-07
9.325000000000000000e+02 9.674064147574768090e-07 -1.154639904523691067e-08 -1.337097784370632432e-07 8.257314008712768757e-08 1.409686990106640157e-08 5.675145501918231233e-07 8.087470525182138959e-07
9.350000000000000000e+02 1.042709760794835416e-06 -3.345323489529760953e-08 -1.262480649748807656e-07 9.136411290180390356e-08 8.280559963064143528e-08 5.821207039918809114e-07 8.580972888442601816e-07
9.375000000000000000e+02 9.939113842950320860e-07 -1.087003068214187426e-08 -1.323757401933087509e-07 8.545855358930153822e-08 1.687253474368078485e-08 5.314407816587785251e-07 8.054053597715560746e-07
9.400000000000000000e+02 1.071099098579964001e-06 -3.195365056942733897e-08 -1.248205169433497993e-07 9.349582160425029381e-08 7.854936360625042906e-08 5.442410959356875547e-07 8.544180080599508983e-07
9.425000000000000000e+02 1.023838038339519569e-06 -1.025052653744751342e-08 -1.316781528576306447e-07 9.000612048222222678e-08 1.953200752579549493e-08 4.976583218038601229e-07 8.057512403128009264e-07
9.450000000000000000e+02 1.103069320520688687e-06 -3.066737169685751467e-08 -1.232910948209980518e-07 9.703432283014734276e-08 7.443280924734935443e-08 5.086122145898738873e-07 8.543579289703549984e-07
9.475000000000000000e+02 1.056476203639888855e-06 -9.703997891463700954e-09 -1.316240623740283896e-07 9.606987401040711549e-08 2.210283755423856589e-08 4.662370740487693496e-07 8.093915758495326136e-07
9.500000000000000000e+02 1.137825387198532254e-06 -2.961834892261095025e-08 -1.216921079809797925e-07 1.018084961042831033e-07 7.042879299140624698e-08 4.753789272588392243e-07 8.575064052808273043e-07
9.525000000000000000e+02 1.090997766523926682e-06 -9.247404686796301510e-09 -1.322035569736921806e-07 1.034342272186350470e-07 2.460804359951458897e-08 4.372667641842524414e-07 8.158493789634070786e-07
9.550000000000000000e+02 1.174447789863464286e-06 -2.883093119994128982e-08 -1.200706713503273093e-07 1.075947491040452071e-07 6.651618285405045306e-08 4.447006855693234033e-07 8.633716122684164879e-07
9.575000000000000000e+02 1.126470958212877414e-06 -8.897823386710967545e-09 -1.333835766721349859e-07 1.118218385185443208e-07 2.706509988282374503e-08 4.108527025755324814e-07 8.245727496534771811e-07
9.600000000000000000e+02 1.211919695667518258e-06 -2.832859306156621031e-08 -1.184933845628942671e-07 1.141234510733113406e-07 6.268012846890710700e-08 4.167445486249560942e-07 8.713938476828928397e-07
9.625000000000000000e+02 1.161873853964223729e-06 -8.669728220667139295e-09 -1.350994274005623288e-07 1.209044963901284543e-07 2.948287133918464779e-08 3.871108587763558488e-07 8.349446045653541086e-07
9.650000000000000000e+02 1.249160756231404517e-06 -2.813274199411352965e-08 -1.170510935128715412e-07 1.210868542452559057e-07 5.891127512910651103e-08 3.916773349402011596e-07 8.809624727084307647e-07
9.675000000000000000e+02 1.196108673939377841e-06 -8.571601421358821763e-09 -1.372477431922801649e-07 1.303165520825544294e-07 3.185927014422717949e-08 3.661623465907148262e-07 8.462937863063234954e-07
9.700000000000000000e+02 1.285063013296650173e-06 -2.825975562661398145e-08 -1.158603761683271326e-07 1.281477525256313685e-07 5.520278112119726694e-08 3.696565245641053410e-07 8.914336451931935208e-07
9.725000000000000000e+02 1.228018650569850978e-06 -8.603386385352962444e-09 -1.396818940233477276e-07 1.396685225308225163e-07 3.417940792046292686e-08 3.481281616999056873e-07 8.579076674002896040e-07
9.750000000000000000e+02 1.318526800733721513e-06 -2.871620319968570688e-08 -1.150565307090307246e-07 1.349495535786004975e-07 5.154364287685200089e-08 3.508192593228093643e-07 9.021478068175656211e-07
9.775000000000000000e+02 1.256425537921046413e-06 -8.759270507141536033e-09 -1.422213707505658528e-07 1.485609545551547320e-07 3.642372409826044134e-08 3.331253281613748763e-07 8.690559103187879579e-07
9.800000000000000000e+02 1.348489211882863947e-06 -2.948742504980117418e-08 -1.147656474166302017e-07 1.411267890826017987e-07 4.790405705455015098e-08 3.352685958305944160e-07 9.124422983980300541e-07
9.825000000000000000e+02 1.280224775568683543e-06 -9.050147551192822427e-09 -1.446998758583287820e-07 1.566023612966205364e-07 3.860472809578971845e-08 3.212661705639975175e-07 8.790466537146507057e-07
9.850000000000000000e+02 1.373924906308232556e-06 -3.050644059179319058e-08 -1.150252205094098926e-07 1.463096494894067316e-07 4.420042521719753024e-08 3.230575228727489667e-07 9.216460393351940476e-07
9.875000000000000000e+02 1.298614185248681085e-06 -9.577767542090498309e-09 -1.471053831652217494e-07 1.634499358077690000e-07 4.087698349883768788e-08 3.126619135099120338e-07 8.873630172831810725e-07
9.900000000000000000e+02 1.393759059486043740e-06 -3.157315820132566780e-08 -1.155925667540330662e-07 1.501029208696991305e-07 4.021785216822846160e-08 3.141751902560085021e-07 9.290185853058757658e-07
9.925000000000000000e+02 1.311625402314220527e-06 -1.074236268365780224e-08 -1.499554965683163798e-07 1.689398277985532122e-07 4.383098317253001856e-08 3.074286058362977205e-07 8.939969179745357297e-07
9.950000000000000000e+02 1.406593470593619998e-06 -3.212605953084590589e-08 -1.154928677302591930e-07 1.520014674053271680e-07 3.537575429482632742e-08 3.085492307268015499e-07 9.335720843628744240e-07
9.975000000000000000e+02 1.319876640366146533e-06 -1.332241262606004324e-08 -1.540809295203514993e-07 1.734278456657634263e-07 4.869081616339339994e-08 3.056843296159571200e-07 8.994944078239335796e-07
1.000000000000000000e+03 1.409755557028447041e-06 -3.179644386932522776e-08 -1.121193813015123413e-07 1.514720478613895798e-07 2.939527270842011175e-08 3.062367161087920845e-07 9.337321604993143130e-07
