# z, u, v, w, u_mag
0.000000000000000000e+00 1.788791988310976633e+00 1.902276308396545268e+00 -1.527688051213578870e-03 2.611213178728061468e+00
2.500000000000000000e+00 2.334339703914104280e+00 2.465569840389636447e+00 1.209044442270729852e-03 3.395317062204534331e+00
5.000000000000000000e+00 2.701870963629307454e+00 2.830276252627665023e+00 -9.717842352222989463e-04 3.912872514490583153e+00
7.500000000000000000e+00 2.963459606540792990e+00 3.076811826512548809e+00 7.325911729752468578e-04 4.271868957734567651e+00
1.000000000000000000e+01 3.140981831681661340e+00 3.233013262727580717e+00 -5.872040205618949847e-04 4.507564971105272988e+00
1.250000000000000000e+01 3.269498885901513940e+00 3.337770324754071982e+00 4.690642047019768254e-04 4.672294289291008873e+00
1.500000000000000000e+01 3.371686123433363491e+00 3.416048969874749375e+00 -3.494117757578657610e-04 4.799756035635980744e+00
1.750000000000000000e+01 3.458052513208398349e+00 3.479754734325035681e+00 2.992412175874526164e-04 4.905794562016404292e+00
2.000000000000000000e+01 3.535661812170638019e+00 3.535256982519938251e+00 -2.147613195260663851e-04 4.999894641751980728e+00
2.250000000000000000e+01 3.606944224497638629e+00 3.584735741534076592e+00 1.894099547746391267e-04 5.085309922821308781e+00
2.500000000000000000e+01 3.674560458566403565e+00 3.629955811625179329e+00 -1.403278071875000679e-04 5.165169288387656543e+00
2.750000000000000000e+01 3.740033614450506860e+00 3.671490205609534208e+00 1.212055153449865088e-04 5.240962867813245829e+00
3.000000000000000000e+01 3.802278214207138962e+00 3.709647179399635064e+00 -8.713654225191334803e-05 5.312137217867651806e+00
3.250000000000000000e+01 3.862844765463285146e+00 3.745007800796908981e+00 7.913254473747260542e-05 5.380209393356244263e+00
3.500000000000000000e+01 3.922685463257463478e+00 3.778091048055100654e+00 -6.037421979437755816e-05 5.446231101843784117e+00
3.750000000000000000e+01 3.981327923147327752e+00 3.809180283491903740e+00 5.603594278520635040e-05 5.510065922193318144e+00
4.000000000000000000e+01 4.039065211279877943e+00 3.838308245238777339e+00 -4.220505950918294782e-05 5.571952796661204133e+00
4.250000000000000000e+01 4.096621397689567345e+00 3.865755371367625592e+00 3.643878643538098189e-05 5.632616751439197600e+00
4.500000000000000000e+01 4.153668133640818994e+00 3.891392665747452906e+00 -2.426503661485738858e-05 5.691739263533166060e+00
4.750000000000000000e+01 4.210119658337052151e+00 3.915502319714855517e+00 2.268517361725144892e-05 5.749457883463720442e+00
5.000000000000000000e+01 4.265792118681416945e+00 3.938272969992689276e+00 -1.502928064025606770e-05 5.805770955368926067e+00
5.250000000000000000e+01 4.320658687419621558e+00 3.959592067649218450e+00 1.574531899110562735e-05 5.860585366293471488e+00
5.500000000000000000e+01 4.374842537958586242e+00 3.979329128828043682e+00 -9.961895159384444732e-06 5.913907975913264892e+00
5.750000000000000000e+01 4.428395929267719744e+00 3.997430626579540736e+00 1.059727596301096262e-05 5.965747406719740908e+00
6.000000000000000000e+01 4.481192577227513851e+00 4.014024091905752378e+00 -6.992759765613964888e-06 6.016101422403687060e+00
6.250000000000000000e+01 4.532970195588526430e+00 4.029215228694732254e+00 8.774303075158812151e-06 6.064849062698627336e+00
6.500000000000000000e+01 4.584003736842527488e+00 4.043042839628420815e+00 -2.941228158585748451e-06 6.112224281099765122e+00
6.750000000000000000e+01 4.634250350828699183e+00 4.055459405717983579e+00 3.051697879789396986e-06 6.158167528217440179e+00
7.000000000000000000e+01 4.684015351715250297e+00 4.066804831218948202e+00 -1.049085529023428468e-06 6.203136412358753127e+00
7.250000000000000000e+01 4.733621867876891542e+00 4.077428373056158684e+00 1.643667127658779353e-06 6.247607392070055887e+00
7.500000000000000000e+01 4.783039723753106820e+00 4.087318089577313351e+00 1.311633117836739833e-06 6.291552921528026587e+00
7.750000000000000000e+01 4.831577929068806121e+00 4.096283585103384972e+00 -5.868801858504649736e-07 6.334325891067856595e+00
8.000000000000000000e+01 4.879043885502441391e+00 4.104421051362579398e+00 2.532499561634156940e-06 6.375840446837850450e+00
8.250000000000000000e+01 4.925812050765388861e+00 4.111966690422721449e+00 2.051827861688498337e-07 6.416532897337281049e+00
8.500000000000000000e+01 4.972095611844268070e+00 4.118759801464094039e+00 1.558412584063689777e-06 6.456463201744435665e+00
8.750000000000000000e+01 5.017595813279532635e+00 4.124343899785941403e+00 -1.040875951739107149e-06 6.495112035149423590e+00
9.000000000000000000e+01 5.062035558873220431e+00 4.129043900925825739e+00 1.923873795262999743e-06 6.532473309174203990e+00
9.250000000000000000e+01 5.105338788000812755e+00 4.133124104467428950e+00 -2.352141770106458918e-07 6.568652754042898501e+00
9.500000000000000000e+01 5.148151690848217221e+00 4.136805087752298604e+00 1.939094747900763102e-06 6.604288164975876008e+00
9.750000000000000000e+01 5.190221198591540741e+00 4.140037513342814002e+00 -8.594785845058208546e-08 6.639149546605707108e+00
1.000000000000000000e+02 5.231856906050836642e+00 4.142852556455935975e+00 -4.692527792606186630e-07 6.673496384199630427e+00
1.025000000000000000e+02 5.273185347075417972e+00 4.144842929868850057e+00 -2.049225193634151617e-07 6.707175755703344677e+00
1.050000000000000000e+02 5.313887148518311676e+00 4.146113149507590911e+00 3.343885556297639318e-06 6.740003774162074635e+00
1.075000000000000000e+02 5.353916655699708649e+00 4.146826356287129478e+00 -1.272836646542791488e-06 6.772044919031324106e+00
1.100000000000000000e+02 5.393470734853039517e+00 4.147458895173268267e+00 4.174430866170135623e-07 6.803744693539597321e+00
1.125000000000000000e+02 5.432409389292817359e+00 4.148072433625745958e+00 -1.897667605484497942e-07 6.835025726907149490e+00
1.150000000000000000e+02 5.470591689780736289e+00 4.148494405406184526e+00 1.756289308093931709e-06 6.865666702366751473e+00
1.175000000000000000e+02 5.507924056647789612e+00 4.148154072876520715e+00 -7.048194628950594654e-08 6.895245436249641813e+00
1.200000000000000000e+02 5.544765618908441773e+00 4.147135199274821993e+00 1.630283163439155345e-06 6.924099662027979996e+00
1.225000000000000000e+02 5.580606622314610021e+00 4.145511022038611770e+00 -1.494772407259381003e-06 6.951865354483466319e+00
1.250000000000000000e+02 5.615232695686775521e+00 4.143126643029735767e+00 2.359461351426823406e-06 6.978276048344474347e+00
1.275000000000000000e+02 5.649012564868494124e+00 4.140332934276587551e+00 -1.841076804708942615e-06 7.003834647155862569e+00
1.300000000000000000e+02 5.682520658336366992e+00 4.137735381600273321e+00 2.706113714925523470e-06 7.029359509981949472e+00
1.325000000000000000e+02 5.715754924980058327e+00 4.135003884982149103e+00 -2.514736096084442730e-06 7.054651762578900254e+00
1.350000000000000000e+02 5.748419846909661679e+00 4.131787634189096892e+00 3.294761724892471451e-06 7.079265483819185967e+00
1.375000000000000000e+02 5.780552028844039292e+00 4.128793103893194427e+00 -2.354159174184925265e-06 7.103640915258489841e+00
1.400000000000000000e+02 5.811911338766615920e+00 4.125763638710058245e+00 2.495604031706893243e-06 7.127428639572075397e+00
1.425000000000000000e+02 5.841974167037426113e+00 4.122376818460375958e+00 -8.642592040603995461e-07 7.150010685426481771e+00
1.450000000000000000e+02 5.871079739020607313e+00 4.119123803173839526e+00 1.682428644849958297e-06 7.171942429203849834e+00
1.475000000000000000e+02 5.898906233640132335e+00 4.115767909869875396e+00 -5.529961484983390678e-07 7.192818657605191568e+00
1.500000000000000000e+02 5.925766588932362744e+00 4.112092373113675592e+00 1.128151806350313597e-07 7.212767385097537343e+00
1.525000000000000000e+02 5.952469279565447913e+00 4.107911905016293552e+00 1.208742982529333362e-06 7.232346143786707593e+00
1.550000000000000000e+02 5.979008426744084836e+00 4.103533481287951368e+00 -1.521091272901390048e-06 7.251725918643802338e+00
1.575000000000000000e+02 6.005133906523700382e+00 4.098745840629695714e+00 2.145365127005004752e-06 7.270581180439733338e+00
1.600000000000000000e+02 6.030725110300736880e+00 4.094114417396879091e+00 -1.854815819186743351e-06 7.289130141433355803e+00
1.625000000000000000e+02 6.056065094345121302e+00 4.089662019654491054e+00 1.485523222333710618e-06 7.307616565060871316e+00
1.650000000000000000e+02 6.081311128230450613e+00 4.085000973313949402e+00 -4.394929869910362830e-07 7.325952360636508232e+00
1.675000000000000000e+02 6.106496716899874500e+00 4.080023886130558886e+00 5.806562164477836476e-07 7.344106280883003990e+00
1.700000000000000000e+02 6.131021992989122538e+00 4.074441728688769082e+00 -2.388435847957219851e-07 7.361420112926357007e+00
1.725000000000000000e+02 6.154610031887960631e+00 4.068518276787810528e+00 3.340081007173363751e-07 7.377808998149281372e+00
1.750000000000000000e+02 6.177369850456255307e+00 4.062350999036592469e+00 -6.152594802735733626e-07 7.393415577978821318e+00
1.775000000000000000e+02 6.199486234598883705e+00 4.056385454837538873e+00 1.975208908392116406e-06 7.408636347615025208e+00
1.800000000000000000e+02 6.221045643677435955e+00 4.050830725132841259e+00 -1.245659229392042431e-06 7.423653983342691554e+00
1.825000000000000000e+02 6.242112780148930007e+00 4.045684935026461204e+00 1.402210298822863686e-06 7.438517228157815353e+00
1.850000000000000000e+02 6.262764468375022986e+00 4.040702665482910128e+00 -1.167169389276969023e-06 7.453153481391802337e+00
1.875000000000000000e+02 6.283085972766775384e+00 4.035603625921398319e+00 1.648913106662678453e-06 7.467480563532205906e+00
1.900000000000000000e+02 6.303332363924661230e+00 4.030517300962277005e+00 -1.395854452288507467e-06 7.481782448284516107e+00
1.925000000000000000e+02 6.323402404325134896e+00 4.025326140628692428e+00 1.361974584952743471e-06 7.495910118555013213e+00
1.950000000000000000e+02 6.342842499220878949e+00 4.019672725807226676e+00 -6.938362543958614185e-07 7.509288900589825566e+00
1.975000000000000000e+02 6.361923153700048239e+00 4.013892372293024202e+00 4.849228604268519064e-07 7.522326647383582809e+00
2.000000000000000000e+02 6.380652512576189928e+00 4.008007465223286658e+00 -3.727853221356593304e-07 7.535041494745107649e+00
2.025000000000000000e+02 6.398846417692280575e+00 4.001910192292374546e+00 9.331716965137886350e-07 7.547219399513160454e+00
2.050000000000000000e+02 6.416803309553815282e+00 3.995884395419162960e+00 -5.280548530416817456e-07 7.559262980943012522e+00
2.075000000000000000e+02 6.434142402906421587e+00 3.989707269619529484e+00 7.484468455631584298e-07 7.570729988457777893e+00
2.100000000000000000e+02 6.451061820167691252e+00 3.983615772334100580e+00 -3.168505306307896695e-07 7.581912240933311509e+00
2.125000000000000000e+02 6.467643022652361573e+00 3.977562685600939396e+00 5.026642355725363954e-07 7.592852638261128995e+00
2.150000000000000000e+02 6.484033909901244286e+00 3.971678550310424161e+00 -6.324373067483431124e-07 7.603744225823586333e+00
2.175000000000000000e+02 6.500098214561448096e+00 3.965926823302745596e+00 8.838642602771106100e-07 7.614450234044340959e+00
2.200000000000000000e+02 6.515460198094860544e+00 3.960170168780683841e+00 -3.880879498009351918e-07 7.624576667504819660e+00
2.225000000000000000e+02 6.530208086087061048e+00 3.954676039135448296e+00 6.865955796606963636e-07 7.634335611047587733e+00
2.250000000000000000e+02 6.544720001563565148e+00 3.949597366550856581e+00 -4.902523995465776617e-07 7.644127108881163757e+00
2.275000000000000000e+02 6.558984381806614472e+00 3.944902005643951437e+00 6.360028925517173846e-07 7.653922390181205238e+00
2.300000000000000000e+02 6.573011827821297892e+00 3.940297816954660970e+00 -2.230063944012060808e-07 7.663578235718377485e+00
2.325000000000000000e+02 6.586827866162495049e+00 3.935675972308112058e+00 4.393670090890320027e-07 7.673059800200853431e+00
2.350000000000000000e+02 6.600269043676615155e+00 3.930879737134891361e+00 -6.082077192993569041e-07 7.682145986424226969e+00
2.375000000000000000e+02 6.613286442595978087e+00 3.925745840455220570e+00 7.145046204716085982e-07 7.690711148890962079e+00
2.400000000000000000e+02 6.626124485584433899e+00 3.920390057879339363e+00 -7.689737303013095916e-07 7.699024867110206394e+00
2.425000000000000000e+02 6.638717712838012375e+00 3.914979133369449915e+00 1.159270390545387166e-06 7.707115834439542290e+00
2.450000000000000000e+02 6.651144432353383706e+00 3.909587655108716753e+00 -1.124875897381433485e-06 7.715088975054348097e+00
2.475000000000000000e+02 6.663360649862561047e+00 3.904278815407461689e+00 1.168744224875513416e-06 7.722937797145440264e+00
2.500000000000000000e+02 6.675202682893945472e+00 3.899214084989174989e+00 -9.604603716056873019e-07 7.730601615546711436e+00
2.525000000000000000e+02 6.686488524824139468e+00 3.894337669055717654e+00 1.180982971082864765e-06 7.737893426070987957e+00
2.550000000000000000e+02 6.697297788967927268e+00 3.889741254231570800e+00 -1.053333654885685221e-06 7.744926384349097859e+00
2.575000000000000000e+02 6.707928875792834589e+00 3.885346076019735584e+00 1.308013403667144994e-06 7.751917435908292298e+00
2.600000000000000000e+02 6.718385002605109513e+00 3.881031002876342839e+00 -1.197620632420983914e-06 7.758807813608869175e+00
2.625000000000000000e+02 6.728805069063317212e+00 3.876876709830545664e+00 1.318029126473771478e-06 7.765757572875967796e+00
2.650000000000000000e+02 6.739256257592013633e+00 3.872877557344933219e+00 -1.275927639166753817e-06 7.772821590624655386e+00
2.675000000000000000e+02 6.749442503603301446e+00 3.868965161347693194e+00 1.454999198855884330e-06 7.779708576108175677e+00
2.700000000000000000e+02 6.759352816141820597e+00 3.865177557807674802e+00 -1.334594032538456783e-06 7.786427168250290798e+00
2.725000000000000000e+02 6.769117807002119847e+00 3.861401452631133768e+00 1.372407036540829571e-06 7.793033880553638326e+00
2.750000000000000000e+02 6.778797532492887967e+00 3.857637606803688168e+00 -1.263533617855308807e-06 7.799581007461833693e+00
2.775000000000000000e+02 6.788246165004960808e+00 3.853757427154411719e+00 1.257256123360267453e-06 7.805878061054626116e+00
2.800000000000000000e+02 6.797515811929733864e+00 3.849933742666070469e+00 -1.052589710573818272e-06 7.812055493681200780e+00
2.825000000000000000e+02 6.806628057287589684e+00 3.846333714718420449e+00 1.097708710349888061e-06 7.818213898022708719e+00
2.850000000000000000e+02 6.815781601031295267e+00 3.842760754821466840e+00 -1.124023473189852351e-06 7.824428992057761434e+00
2.875000000000000000e+02 6.824829654354219066e+00 3.839228915576853751e+00 1.039244359003225095e-06 7.830579702496823558e+00
2.900000000000000000e+02 6.833727474442669703e+00 3.835837931278116564e+00 -7.825339320868854395e-07 7.836675559826703719e+00
2.925000000000000000e+02 6.842484171444114693e+00 3.832458835070526426e+00 7.909501667671468267e-07 7.842660923371226112e+00
2.950000000000000000e+02 6.851071495589450500e+00 3.829043734304787172e+00 -6.249108138928726628e-07 7.848487533079058664e+00
2.975000000000000000e+02 6.859588618007364857e+00 3.825786596102568105e+00 5.822517740123148984e-07 7.854336323790483299e+00
3.000000000000000000e+02 6.867759453915433632e+00 3.822684431930624793e+00 -2.270554841160343281e-07 7.859964133694862021e+00
3.025000000000000000e+02 6.875309934805777345e+00 3.819578197427800692e+00 8.926316010360915749e-08 7.865053356837754528e+00
3.050000000000000000e+02 6.882448257114456958e+00 3.816465001312642435e+00 2.781577779190215165e-07 7.869783930839664876e+00
3.075000000000000000e+02 6.889548719070805127e+00 3.813608546932702126e+00 -5.345279299568442185e-07 7.874610574605489965e+00
3.100000000000000000e+02 6.896370769928397593e+00 3.810792248521550185e+00 9.098889821592066352e-07 7.879217433077701394e+00
3.125000000000000000e+02 6.902724051263966487e+00 3.807972214358876339e+00 -1.233845031356171135e-06 7.883416246350867240e+00
3.150000000000000000e+02 6.908825601898223923e+00 3.805306230054003258e+00 1.730380289382798068e-06 7.887472770281692469e+00
3.175000000000000000e+02 6.914730014081923670e+00 3.802835195731093521e+00 -2.149100112770834581e-06 7.891454029109031154e+00
3.200000000000000000e+02 6.920383885993143913e+00 3.800457014919833565e+00 2.720080636352795648e-06 7.895263558094456791e+00
3.225000000000000000e+02 6.925708987615247558e+00 3.798210269294588937e+00 -3.263632941194548152e-06 7.898850943708214167e+00
3.250000000000000000e+02 6.930831940414662107e+00 3.796172799341953397e+00 4.090879995107104394e-06 7.902364159462187843e+00
3.275000000000000000e+02 6.935883343456477057e+00 3.794444015725526143e+00 -4.820088866354700844e-06 7.905965035499176174e+00
3.300000000000000000e+02 6.940618271426441943e+00 3.792799479642441352e+00 5.722414892106644695e-06 7.909330558427008384e+00
3.325000000000000000e+02 6.944947516212288896e+00 3.791177478858592131e+00 -6.651719263272769472e-06 7.912352537595381818e+00
3.350000000000000000e+02 6.949064490260767002e+00 3.789685469797816175e+00 7.792645373863356853e-06 7.915251938495739381e+00
3.375000000000000000e+02 6.953031829959005705e+00 3.788475373989757866e+00 -8.871916479434772572e-06 7.918156179807811057e+00
3.400000000000000000e+02 6.956748486260748265e+00 3.787406648517550600e+00 1.024322875858741900e-05 7.920908951782685392e+00
3.425000000000000000e+02 6.960240297036277113e+00 3.786525695967116967e+00 -1.162270269966457640e-05 7.923554873845576552e+00
3.450000000000000000e+02 6.963501492526177117e+00 3.785724446443623936e+00 1.317463759693714925e-05 7.926037006032002452e+00
3.475000000000000000e+02 6.966515228583628705e+00 3.784968696862336834e+00 -1.475759470150177142e-05 7.928324064172274532e+00
3.500000000000000000e+02 6.969279344356684724e+00 3.784223382318851581e+00 1.656136184273473313e-05 7.930397290630510909e+00
3.525000000000000000e+02 6.971883345555717426e+00 3.783645757684368505e+00 -1.844894143507287378e-05 7.932410264479546669e+00
3.550000000000000000e+02 6.974315006374970594e+00 3.783187309015426436e+00 2.051102882921771042e-05 7.934328958624238481e+00
3.575000000000000000e+02 6.976573339631837456e+00 3.782869871944661178e+00 -2.269079677749953698e-05 7.936162802755701406e+00
3.600000000000000000e+02 6.978699744006333638e+00 3.782554139692212658e+00 2.506701062517507217e-05 7.937881703409614076e+00
3.625000000000000000e+02 6.980700934496288923e+00 3.782305507345322226e+00 -2.756105754302176546e-05 7.939522686442286314e+00
3.650000000000000000e+02 6.982688465251862375e+00 3.782019037286358021e+00 3.025981712252820256e-05 7.941133810865643738e+00
3.675000000000000000e+02 6.984606064836488493e+00 3.781712723132170328e+00 -3.308287107413906795e-05 7.942674171986716658e+00
3.700000000000000000e+02 6.986399946428237584e+00 3.781250529988766207e+00 3.615544882825393622e-05 7.944031708351875665e+00
3.725000000000000000e+02 6.988113418315053060e+00 3.780919694743711368e+00 -3.939872497469096161e-05 7.945381229801879996e+00
3.750000000000000000e+02 6.989824516287527878e+00 3.780398858572724397e+00 4.283669183521913282e-05 7.946638427676642635e+00
3.775000000000000000e+02 6.991387017577519458e+00 3.779973776849419043e+00 -4.647734623211679790e-05 7.947810653593911923e+00
3.800000000000000000e+02 6.992934105532764733e+00 3.779405861161644342e+00 5.033783484747727778e-05 7.948901563753334898e+00
3.825000000000000000e+02 6.994314704079042322e+00 3.779094104377778596e+00 -5.441761118215275713e-05 7.949967951658702958e+00
3.850000000000000000e+02 6.995861482044698043e+00 3.778655457728593348e+00 5.872583016816404104e-05 7.951120358014174272e+00
3.875000000000000000e+02 6.997128400782886004e+00 3.778452183603803860e+00 -6.326578778036310365e-05 7.952138502618359972e+00
3.900000000000000000e+02 6.998812314761993392e+00 3.778030146087538732e+00 6.804197677605906499e-05 7.953419742892994471e+00
3.925000000000000000e+02 6.999970673902919494e+00 3.777772377960396888e+00 -7.307567115539124656e-05 7.954316663329509041e+00
3.950000000000000000e+02 7.001707431713141361e+00 3.777101351968986442e+00 7.835546586179960782e-05 7.955526480912030962e+00
3.975000000000000000e+02 7.002707132568750659e+00 3.776740391905656136e+00 -8.391352898664457553e-05 7.956234987695022909e+00
4.000000000000000000e+02 7.004570105860450369e+00 3.775863109339455015e+00 8.973217947847280176e-05 7.957458425680674630e+00
4.025000000000000000e+02 7.005381849667486449e+00 3.775583489203057308e+00 -9.583579634484872629e-05 7.958040308567046139e+00
4.050000000000000000e+02 7.007300183864527021e+00 3.774577349836949036e+00 1.022184317986175623e-04 7.959251852224464407e+00
4.075000000000000000e+02 7.007897242042672836e+00 3.774525195745016326e+00 -1.088939393308019322e-04 7.959752773811580084e+00
4.100000000000000000e+02 7.009887125156166299e+00 3.773443000438343908e+00 1.158690052023117782e-04 7.960991747163975951e+00
4.125000000000000000e+02 7.010235684272966949e+00 3.773683937946331390e+00 -1.231459782413711146e-04 7.961412866302886471e+00
4.150000000000000000e+02 7.012337143215279234e+00 3.772501053343105593e+00 1.307378974196281578e-04 7.962702834131377472e+00
4.175000000000000000e+02 7.012474958039357276e+00 3.773104859186119597e+00 -1.386496003269624508e-04 7.963110280208776537e+00
4.200000000000000000e+02 7.014807004325919415e+00 3.771806795994599781e+00 1.468884772405908709e-04 7.964549192253586263e+00
4.225000000000000000e+02 7.014777455833072217e+00 3.772839710103985222e+00 -1.554682838256994572e-04 7.965012382738135166e+00
4.250000000000000000e+02 7.017324447461955828e+00 3.771339700101919767e+00 1.643990041425201715e-04 7.966545396942084523e+00
4.275000000000000000e+02 7.016999539607049030e+00 3.772836775932661979e+00 -1.736910488672520564e-04 7.966968049819459274e+00
4.300000000000000000e+02 7.019692744753919911e+00 3.771009394359951639e+00 1.833555952193424916e-04 7.968475269254533089e+00
4.325000000000000000e+02 7.019016923297365373e+00 3.773056855590649405e+00 -1.934028048022845916e-04 7.968849141655215185e+00
4.350000000000000000e+02 7.021894795129689726e+00 3.770720396040083244e+00 2.038431876152773650e-04 7.970278468192573129e+00
4.375000000000000000e+02 7.020829386456837184e+00 3.773429443630085700e+00 -2.146792789304235809e-04 7.970622001191471462e+00
4.400000000000000000e+02 7.023926358657470281e+00 3.770442299745045744e+00 2.259210676093388842e-04 7.971936821036041287e+00
4.425000000000000000e+02 7.022363361244078561e+00 3.773919669748814432e+00 -2.375661474120866964e-04 7.972205272538954723e+00
4.450000000000000000e+02 7.025750559338774792e+00 3.770147210636748625e+00 2.496209589772597831e-04 7.973404603695449566e+00
4.475000000000000000e+02 7.023628151577206324e+00 3.774471239285762447e+00 -2.620777589188478412e-04 7.973580476580642618e+00
4.500000000000000000e+02 7.027420061474484392e+00 3.769778706955920100e+00 2.749376093160658648e-04 7.974701517638323800e+00
4.525000000000000000e+02 7.024572784910036560e+00 3.775075205441714932e+00 -2.881804440730659396e-04 7.974698470806750095e+00
4.550000000000000000e+02 7.028928962636100231e+00 3.769317572802190153e+00 3.018024883848614641e-04 7.975813276243667538e+00
4.575000000000000000e+02 7.025203152222334602e+00 3.775748928410852301e+00 -3.157723120575664988e-04 7.975572669100475132e+00
4.600000000000000000e+02 7.030297846158183539e+00 3.768783726865744921e+00 3.300796079760667302e-04 7.976767433900589843e+00
4.625000000000000000e+02 7.025597968025707907e+00 3.776466023153177254e+00 -3.446881449483522072e-04 7.976259935030154402e+00
4.650000000000000000e+02 7.031506581619161089e+00 3.768187549143827919e+00 3.595825115195531150e-04 7.977551149455309520e+00
4.675000000000000000e+02 7.025803043025363515e+00 3.777161997127331361e+00 -3.747260795798226340e-04 7.976770104017479213e+00
4.700000000000000000e+02 7.032523048157303336e+00 3.767538040563501944e+00 3.900970447441522333e-04 7.978140351117700035e+00
4.725000000000000000e+02 7.025838174764238886e+00 3.777808336509678178e+00 -4.056576461518031471e-04 7.977107122881993639e+00
4.750000000000000000e+02 7.033343737663076745e+00 3.766852797286184718e+00 4.213797903201976780e-04 7.978540236541275199e+00
4.775000000000000000e+02 7.025740006073902144e+00 3.778408755808728259e+00 -4.372262532008762588e-04 7.977305030527927165e+00
4.800000000000000000e+02 7.034000063547359183e+00 3.766168364567517024e+00 4.531651500994089785e-04 7.978795726775568475e+00
4.825000000000000000e+02 7.025595001535098305e+00 3.778959424361342023e+00 -4.691632163020055296e-04 7.977438165017543881e+00
4.850000000000000000e+02 7.034507618931725936e+00 3.765552208123196909e+00 4.851904752624792007e-04 7.978952381630045387e+00
4.875000000000000000e+02 7.025446454191125234e+00 3.779443498914007993e+00 -5.012200588302116733e-04 7.977536668258665031e+00
4.900000000000000000e+02 7.034869106817019713e+00 3.765037342333894088e+00 5.172277653763292498e-04 7.979028124197942162e+00
4.925000000000000000e+02 7.025296441118429769e+00 3.779861619749111501e+00 -5.331938370647665163e-04 7.977602662099643638e+00
4.950000000000000000e+02 7.035119194567705847e+00 3.764604156233838150e+00 5.490995191284662839e-04 7.979044230759617662e+00
4.975000000000000000e+02 7.025139939197579508e+00 3.780231575086156148e+00 -5.649303592243328431e-04 7.977640142657078215e+00
5.000000000000000000e+02 7.035306706838782453e+00 3.764219540428255240e+00 5.806714494064201156e-04 7.979028107796837688e+00
5.025000000000000000e+02 7.024979922896172901e+00 3.780570978611468291e+00 -5.963123417684001396e-04 7.977660070283892679e+00
5.050000000000000000e+02 7.035467590926776538e+00 3.763859445744555554e+00 6.118415453459681574e-04 7.979000095541522342e+00
5.075000000000000000e+02 7.024819259890440648e+00 3.780897352217833962e+00 -6.272516705931968596e-04 7.977673270796452165e+00
5.100000000000000000e+02 7.035621039410958844e+00 3.763508569934646442e+00 6.425338367548052380e-04 7.978969894605656421e+00
5.125000000000000000e+02 7.024658826952528301e+00 3.781221667598468894e+00 -6.576824231654325274e-04 7.977685714989303456e+00
5.150000000000000000e+02 7.035774363704689449e+00 3.763160062933612604e+00 6.726902428187732114e-04 7.978940719715543750e+00
5.175000000000000000e+02 7.024498581386917628e+00 3.781549480983687150e+00 -6.875526005988463925e-04 7.977699998731676345e+00
5.200000000000000000e+02 7.035929698218213346e+00 3.762809839602560658e+00 7.022633504500753803e-04 7.978912526181290765e+00
5.225000000000000000e+02 7.024337991156137662e+00 3.781884249310498713e+00 -7.168181799324342207e-04 7.977717292748006450e+00
5.250000000000000000e+02 7.036087309975817661e+00 3.762454879672325614e+00 7.312114672646575792e-04 7.978884125605724797e+00
5.275000000000000000e+02 7.024176746343492539e+00 3.782227800564189835e+00 -7.454389311879433370e-04 7.977738191675162405e+00
5.300000000000000000e+02 7.036246716064464835e+00 3.762093687368406769e+00 7.594951510422584583e-04 7.978854387610922139e+00
5.325000000000000000e+02 7.024014978852943791e+00 3.782580488662825591e+00 -7.733757244802075704e-04 7.977762980590061836e+00
5.350000000000000000e+02 7.036407250834186833e+00 3.761725791850307754e+00 7.870752893518251966e-04 7.978822504113701974e+00
5.375000000000000000e+02 7.023852942544267286e+00 3.782942165871694851e+00 -8.005892753385010106e-04 7.977791814140111626e+00
5.400000000000000000e+02 7.036568370754467949e+00 3.761350963672349668e+00 8.139123022220289471e-04 7.978787888562669295e+00
5.425000000000000000e+02 7.023690845661556104e+00 3.783312703376924713e+00 -8.270396068486541262e-04 7.977824815760099497e+00
5.450000000000000000e+02 7.036729680294453004e+00 3.760968980482668922e+00 8.399657362465818471e-04 7.978750088280254005e+00
5.475000000000000000e+02 7.023528840893376035e+00 3.783692068275160914e+00 -8.526857174096345729e-04 7.977862105442932616e+00
5.500000000000000000e+02 7.036890897711541193e+00 3.760579594003340631e+00 8.651939838241853083e-04 7.978708738742786188e+00
5.525000000000000000e+02 7.023367044551220850e+00 3.784080313982079780e+00 -8.774853405227986576e-04 7.977903812100982428e+00
5.550000000000000000e+02 7.037051819178092416e+00 3.760182529150316366e+00 8.895540769034347662e-04 7.978663531546585475e+00
5.575000000000000000e+02 7.023205550132209041e+00 3.784477564934745963e+00 -9.013947668723908081e-04 7.977950078272915135e+00
5.600000000000000000e+02 7.037212300020169842e+00 3.759777482843121188e+00 9.130015321297893244e-04 7.978614197316543866e+00
5.625000000000000000e+02 7.023044438189920413e+00 3.784884004918467770e+00 -9.243687072172407804e-04 7.978001063294962059e+00
5.650000000000000000e+02 7.037372236183960794e+00 3.759364118171304892e+00 9.354902269938134788e-04 7.978560486625937642e+00
5.675000000000000000e+02 7.022883782262210772e+00 3.785299866745622577e+00 -9.463601780231023757e-04 7.978056943638820009e+00
5.700000000000000000e+02 7.037531557211879729e+00 3.758942059585201889e+00 9.569722914876178411e-04 7.978502161550604654e+00
5.725000000000000000e+02 7.022723653285620316e+00 3.785725423729913608e+00 -9.673203960996995098e-04 7.978117912766212960e+00
5.750000000000000000e+02 7.037690217871725551e+00 3.758510887142059609e+00 9.773980036845686913e-04 7.978438985591080446e+00
5.775000000000000000e+02 7.022564119218566603e+00 3.786160981052074881e+00 -9.871986740897986320e-04 7.978184176712046494e+00
5.800000000000000000e+02 7.037848194938501223e+00 3.758070135736542472e+00 9.967156848210735609e-04 7.978370720488999090e+00
5.825000000000000000e+02 7.022405246177711113e+00 3.786606867740192506e+00 -1.005942315762521936e-03 7.978255951289189518e+00
5.850000000000000000e+02 7.038005482432605930e+00 3.757619299498961674e+00 1.014871596525031717e-03 7.978297124116326522e+00
5.875000000000000000e+02 7.022247095634932101e+00 3.787063430481174109e+00 -1.023496517648192581e-03 7.978333456692957348e+00
5.900000000000000000e+02 7.038162088224424018e+00 3.757157845336156488e+00 1.031809849744379096e-03 7.978217953874297663e+00
5.925000000000000000e+02 7.022089723963974350e+00 3.787531026933295575e+00 -1.039804288329829922e-03 7.978416913935733490e+00
5.950000000000000000e+02 7.038318027370315200e+00 3.756685232049739032e+00 1.047472337718142760e-03 7.978132969831028376e+00
5.975000000000000000e+02 7.021933178834688150e+00 3.788010018678633184e+00 -1.054806397698738237e-03 7.978506538334456444e+00
6.000000000000000000e+02 7.038473316328627938e+00 3.756200937356856784e+00 1.061798703259313713e-03 7.978041942349459070e+00
6.025000000000000000e+02 7.021777499712843706e+00 3.788500762151545409e+00 -1.068441362573239713e-03 7.978602535648917637e+00
6.050000000000000000e+02 7.038627965989904034e+00 3.755704480727191541e+00 1.074726341973620452e-03 7.977944656689853531e+00
6.075000000000000000e+02 7.021622717347931975e+00 3.789003595796823998e+00 -1.080645464864120808e-03 7.978705095536019698e+00
6.100000000000000000e+02 7.038781979767375852e+00 3.755195435746670363e+00 1.086190431084867137e-03 7.977840917137933197e+00
6.125000000000000000e+02 7.021468856608956699e+00 3.789518826542519481e+00 -1.091352785218580338e-03 7.978814387620542625e+00
6.150000000000000000e+02 7.038935355535814509e+00 3.754673424219288957e+00 1.096123961082922727e-03 7.977730545928362282e+00
6.175000000000000000e+02 7.021315939511302062e+00 3.790046717652436392e+00 -1.100495225359883478e-03 7.978930558383950711e+00
6.200000000000000000e+02 7.039088098790548642e+00 3.754138087379069511e+00 1.104457741004439544e-03 7.977613381298432671e+00
6.225000000000000000e+02 7.021163991797410908e+00 3.790587483692193338e+00 -1.108002489428484795e-03 7.979053734554366173e+00
6.250000000000000000e+02 7.039240241395765096e+00 3.753589040302808488e+00 1.111120349771193075e-03 7.977489272581649971e+00
6.275000000000000000e+02 7.021013045061549995e+00 3.791141300411660087e+00 -1.113802000910588336e-03 7.979184029659070809e+00
6.300000000000000000e+02 7.039391869983591121e+00 3.753025799605851365e+00 1.116038015168728005e-03 7.977358071268900730e+00
6.325000000000000000e+02 7.020863128827612876e+00 3.791708354990384944e+00 -1.117818741093815679e-03 7.979321560919429679e+00
6.350000000000000000e+02 7.039543159173627274e+00 3.752447711264836006e+00 1.119134409592325696e-03 7.977219626417888065e+00
6.375000000000000000e+02 7.020714265119950781e+00 3.792288869234262449e+00 -1.119975001392535226e-03 7.979466455504456768e+00
6.400000000000000000e+02 7.039694366161219463e+00 3.751853910403690762e+00 1.120330168624079871e-03 7.977073761042526634e+00
6.425000000000000000e+02 7.020566597625771621e+00 3.792882860684368751e+00 -1.120216767039252910e-03 7.979618850638014571e+00
6.450000000000000000e+02 7.039845903577950814e+00 3.751243378200438183e+00 1.117817215801863908e-03 7.976920363030536087e+00
6.475000000000000000e+02 7.020432917482271939e+00 3.793482017364579129e+00 -1.157513647472938967e-03 7.979786056328510568e+00
6.500000000000000000e+02 7.040215143542586596e+00 3.750459208712215275e+00 8.545087967165624319e-04 7.976877476416816215e+00
6.525000000000000000e+02 7.021130021895116258e+00 3.792557051917114563e+00 -1.418314392995575265e-03 7.979959761052612954e+00
6.550000000000000000e+02 7.038601691725913767e+00 3.752984531843059024e+00 1.329040589600031207e-03 7.976641425899063442e+00
6.575000000000000000e+02 7.022192972114035925e+00 3.790366306590640111e+00 -1.327501459022276380e-03 7.979854173981217436e+00
6.600000000000000000e+02 7.037532573507446543e+00 3.755164109961576457e+00 1.410641537403696652e-03 7.976723901817801554e+00
6.625000000000000000e+02 7.023317879483822246e+00 3.788170482458527832e+00 -1.454622376794678391e-03 7.979801486025417390e+00
6.650000000000000000e+02 7.036429595632414546e+00 3.757346459045888931e+00 1.500001733487235081e-03 7.976778555131240012e+00
6.675000000000000000e+02 7.024432183640425542e+00 3.785995478824116578e+00 -1.548100837516527654e-03 7.979750100401406421e+00
6.700000000000000000e+02 7.035321673576907742e+00 3.759519240029494558e+00 1.594958269999088678e-03 7.976825089642169964e+00
6.725000000000000000e+02 7.025545420156933396e+00 3.783826248751880339e+00 -1.641398440310800266e-03 7.979701261677696777e+00
6.750000000000000000e+02 7.034209019797684981e+00 3.761684925198463425e+00 1.687618009403488942e-03 7.976864851476613616e+00
6.775000000000000000e+02 7.026657336531195064e+00 3.781663919182591815e+00 -1.733549834596476592e-03 7.979655276255368079e+00
6.800000000000000000e+02 7.033094251061971391e+00 3.763842586330966355e+00 1.779250316467261700e-03 7.976899706322702954e+00
6.825000000000000000e+02 7.027771143754342198e+00 3.779508639247104895e+00 -1.824743495432049750e-03 7.979615036630435476e+00
6.850000000000000000e+02 7.031979021339431313e+00 3.765994784060389122e+00 1.870067058664964593e-03 7.976932315575877119e+00
6.875000000000000000e+02 7.028888790274272935e+00 3.777357538571260331e+00 -1.915259961140318261e-03 7.979580895539888807e+00
6.900000000000000000e+02 7.030864150301524340e+00 3.768143817681349983e+00 1.960344800602973388e-03 7.976964483666521666e+00
6.925000000000000000e+02 7.030009056619819674e+00 3.775209075277129234e+00 -2.005375836361001068e-03 7.979551047505350603e+00
6.950000000000000000e+02 7.029748028520279135e+00 3.770290724874228339e+00 2.050370540373841737e-03 7.976995280089912654e+00
6.975000000000000000e+02 7.031129578464589969e+00 3.773062369876123423e+00 -2.095373562920748410e-03 7.979522992430389650e+00
7.000000000000000000e+02 7.028628525213015621e+00 3.772436533487007360e+00 2.140416142467964095e-03 7.977023312364507568e+00
7.025000000000000000e+02 7.032249377754826725e+00 3.770916152549174338e+00 -2.185525796288158035e-03 7.979495267058714703e+00
7.050000000000000000e+02 7.027505771936774615e+00 3.774582870061824913e+00 2.230750594966045709e-03 7.977049466677328837e+00
7.075000000000000000e+02 7.033369725275777640e+00 3.768768941706089226e+00 -2.276110515102016622e-03 7.979468291125253465e+00
7.100000000000000000e+02 7.026382017293634874e+00 3.776731411656689463e+00 2.321652743634832101e-03 7.977076519553587097e+00
7.125000000000000000e+02 7.034492849562325567e+00 3.766618798672669133e+00 -2.367403125134551287e-03 7.979443115259070574e+00
7.150000000000000000e+02 7.025258489822210350e+00 3.778883601660760316e+00 2.413388859243675161e-03 7.977106238992020870e+00
7.175000000000000000e+02 7.035619016616251997e+00 3.764463941977384209e+00 -2.459648875874678817e-03 7.979419137211225532e+00
7.200000000000000000e+02 7.024133741597847091e+00 3.781041115682112430e+00 2.506196317713234659e-03 7.977138147189879902e+00
7.225000000000000000e+02 7.036746411654948297e+00 3.762302989348026205e+00 -2.553076480549184256e-03 7.979394110068470880e+00
7.250000000000000000e+02 7.023005501652626492e+00 3.783205654675414475e+00 2.600315285228697610e-03 7.977171056424117168e+00
7.275000000000000000e+02 7.037873253683320840e+00 3.760134527277699146e+00 -2.647955815788637611e-03 7.979365802481231285e+00
7.300000000000000000e+02 7.021873280587642263e+00 3.785378219572793856e+00 2.695965954395574977e-03 7.977205018180188567e+00
7.325000000000000000e+02 7.038999803455449289e+00 3.757956862241707885e+00 -2.744500341280198957e-03 7.979333652868359827e+00
7.350000000000000000e+02 7.020738651264910146e+00 3.787560295755770579e+00 2.794421973862688032e-03 7.977242130720662239e+00
7.375000000000000000e+02 7.040127488988724203e+00 3.755767669328102798e+00 -2.841935496305143544e-03 7.979297834006592538e+00
7.400000000000000000e+02 7.019601009861129448e+00 3.789753392140757793e+00 2.887794032516966935e-03 7.977282585582646135e+00
7.425000000000000000e+02 7.041263721093481642e+00 3.753564767508231981e+00 -2.971713748462970813e-03 7.979263881145237214e+00
7.450000000000000000e+02 7.018486308210887259e+00 3.791942290044450825e+00 2.978456292720579966e-03 7.977341992216024025e+00
7.475000000000000000e+02 7.042351482571143073e+00 3.751343540716609137e+00 -2.892748313959814851e-03 7.979179226746383691e+00
7.500000000000000000e+02 7.016915859113788123e+00 3.794471777621591713e+00 3.423592463023073917e-03 7.977163403493419125e+00
7.525000000000000000e+02 7.043133751529095932e+00 3.750373118053775379e+00 -3.141150729330844087e-03 7.979413602099882041e+00
7.550000000000000000e+02 7.017204092709167007e+00 3.793812497279679619e+00 3.203295693842139226e-03 7.977103284046977549e+00
7.575000000000000000e+02 7.043109684559275330e+00 3.750836529708495792e+00 -3.210042729236859457e-03 7.979610203869776264e+00
7.600000000000000000e+02 7.017256919624931477e+00 3.793341319543080292e+00 3.216755562270356538e-03 7.976925685381127451e+00
7.625000000000000000e+02 7.043055930224412897e+00 3.751302384600855078e+00 -3.228951312540237917e-03 7.979781754102546643e+00
7.650000000000000000e+02 7.017307543587901542e+00 3.792884485598838396e+00 3.240521369615220922e-03 7.976752997515391463e+00
7.675000000000000000e+02 7.043005220645449427e+00 3.751752807693897296e+00 -3.252559463318965578e-03 7.979948762192722533e+00
7.700000000000000000e+02 7.017357026182585500e+00 3.792442094578221568e+00 3.265335437995859486e-03 7.976586195613914576e+00
7.725000000000000000e+02 7.042956416826594790e+00 3.752187978106456434e+00 -3.278690354003859983e-03 7.980110303885276757e+00
7.750000000000000000e+02 7.017404712488269247e+00 3.792014459688541894e+00 3.292621549277517917e-03 7.976424850940189160e+00
7.775000000000000000e+02 7.042909684596222242e+00 3.752608088855548640e+00 -3.307126074402641676e-03 7.980266614030274930e+00
7.800000000000000000e+02 7.017450401987256114e+00 3.791601661031716475e+00 3.322191012776923996e-03 7.976268823030144617e+00
7.825000000000000000e+02 7.042865107778001565e+00 3.753013370558454298e+00 -3.337805084530043667e-03 7.980417872949395530e+00
7.850000000000000000e+02 7.017493937735249432e+00 3.791203599619228815e+00 3.353957187994304878e-03 7.976117924714102081e+00
7.875000000000000000e+02 7.042822745161885223e+00 3.753404023209220952e+00 -3.370635997479764449e-03 7.980564224564563602e+00
7.900000000000000000e+02 7.017535228967657801e+00 3.790820087674235506e+00 3.387830132289725276e-03 7.975971984925076086e+00
7.925000000000000000e+02 7.042782633086522637e+00 3.753780249695253701e+00 -3.405528163377954508e-03 7.980705794447591650e+00
7.950000000000000000e+02 7.017574230689900716e+00 3.790450900708801196e+00 3.423718703250576770e-03 7.975830855514481676e+00
7.975000000000000000e+02 7.042744794520256590e+00 3.754142271329440561e+00 -3.442390427316023745e-03 7.980842705139388649e+00
8.000000000000000000e+02 7.017610918653274688e+00 3.790095803310639777e+00 3.461532161018568941e-03 7.975694401497557706e+00
8.025000000000000000e+02 7.042709253736320285e+00 3.754490319690669153e+00 -3.481132907086632866e-03 7.980975085263732893e+00
8.050000000000000000e+02 7.017645267333813663e+00 3.789754565953423082e+00 3.501181914115738310e-03 7.975562489666311095e+00
8.075000000000000000e+02 7.042676045505993798e+00 3.754824622209204765e+00 -3.521668685824907649e-03 7.981103070856983450e+00
8.100000000000000000e+02 7.017677240597331334e+00 3.789426972789790238e+00 3.542583033143525875e-03 7.975434984074481370e+00
8.125000000000000000e+02 7.042645218086044601e+00 3.755145391672626065e+00 -3.563915060807529549e-03 7.981226803062355657e+00
8.150000000000000000e+02 7.017706789861110295e+00 3.789112824513264588e+00 3.585655199773290017e-03 7.975311745773756122e+00
8.175000000000000000e+02 7.042616831203653227e+00 3.755452823156140152e+00 -3.607794177705170562e-03 7.981346424901204273e+00
8.200000000000000000e+02 7.017733858217451548e+00 3.788811937262596796e+00 3.630323029641800703e-03 7.975192635915476558e+00
8.225000000000000000e+02 7.042590951608985961e+00 3.755747094272884112e+00 -3.653233066295737217e-03 7.981462077460232507e+00
8.250000000000000000e+02 7.017758383671729661e+00 3.788524140232546689e+00 3.676515859401869972e-03 7.975077517459530974e+00
8.275000000000000000e+02 7.042567649460918844e+00 3.756028367720724681e+00 -3.700163220227517015e-03 7.981573897895336778e+00
8.300000000000000000e+02 7.017780302419568628e+00 3.788249273965797137e+00 3.724167165592928708e-03 7.974966257242193102e+00
8.325000000000000000e+02 7.042546994500932911e+00 3.756296794688877672e+00 -3.748519909359287593e-03 7.981682017654271988e+00
8.350000000000000000e+02 7.017799550071241121e+00 3.787987188355554924e+00 3.773213819761382995e-03 7.974858726100950257e+00
8.375000000000000000e+02 7.042529053640927295e+00 3.756552517519257339e+00 -3.798241423305149123e-03 7.981786561597268737e+00
8.400000000000000000e+02 7.017816062698328139e+00 3.787737741846206152e+00 3.823595363927938078e-03 7.974754799412604456e+00
8.425000000000000000e+02 7.042513890460904591e+00 3.756795671097811429e+00 -3.849268419498822705e-03 7.981887648205868047e+00
8.450000000000000000e+02 7.017829777720472784e+00 3.787500800301702775e+00 3.875253468027109634e-03 7.974654357333342602e+00
8.475000000000000000e+02 7.042501565481027015e+00 3.757026383408369252e+00 -3.901543512861170571e-03 7.981985390081283605e+00
8.500000000000000000e+02 7.017840633870035205e+00 3.787276237007661361e+00 3.928131659083324879e-03 7.974557284766259357e+00
8.525000000000000000e+02 7.042492136215154019e+00 3.757244776732762137e+00 -3.955011143676950142e-03 7.982079894554492405e+00
8.550000000000000000e+02 7.017848571852240980e+00 3.787063932323504023e+00 3.982175319738245553e-03 7.974463471775036894e+00
8.575000000000000000e+02 7.042485658593708564e+00 3.757450966835389483e+00 -4.009617688912292706e-03 7.982171264556046530e+00
8.600000000000000000e+02 7.017853534350082967e+00 3.786863773180012327e+00 4.037331891245292750e-03 7.974372813347887501e+00
8.625000000000000000e+02 7.042482187133972005e+00 3.757645063591721346e+00 -4.065311736163532315e-03 7.982259599060533617e+00
8.650000000000000000e+02 7.017855465743850552e+00 3.786675653574786526e+00 4.093551197325137093e-03 7.974285209384492035e+00
8.675000000000000000e+02 7.042481776351070089e+00 3.757827169402837786e+00 -4.122044436822126269e-03 7.982344993583615711e+00
8.700000000000000000e+02 7.017854311720618021e+00 3.786499474780556262e+00 4.150785805615623408e-03 7.974200564449824391e+00
8.725000000000000000e+02 7.042484479217753446e+00 3.757997381251127589e+00 -4.179769858867042436e-03 7.982427539789469506e+00
8.750000000000000000e+02 7.017850019066752765e+00 3.786335145246040312e+00 4.208991357668456952e-03 7.974118787543162057e+00
8.775000000000000000e+02 7.042490350283571843e+00 3.758155786971284495e+00 -4.238445276981081707e-03 7.982507326485917432e+00
8.800000000000000000e+02 7.017842535356471068e+00 3.786182580518193674e+00 4.268126812835243249e-03 7.974039791785870079e+00
8.825000000000000000e+02 7.042499443514764756e+00 3.758302467456724028e+00 -4.298031375661382110e-03 7.982584438756084033e+00
8.850000000000000000e+02 7.017831808557946083e+00 3.786041704433162458e+00 4.328154603344232070e-03 7.973963494639107807e+00
8.875000000000000000e+02 7.042511812303775542e+00 3.758437497162161911e+00 -4.358492347550020282e-03 7.982658958202356381e+00
8.900000000000000000e+02 7.017817786873115971e+00 3.785912447819483440e+00 4.389040689515919490e-03 7.973889817146043946e+00
8.925000000000000000e+02 7.042527510546846337e+00 3.758560941702568492e+00 -4.419795917180764297e-03 7.982730962765637983e+00
8.950000000000000000e+02 7.017800418932645279e+00 3.785794749550981830e+00 4.450754547530297485e-03 7.973818684602442808e+00
8.975000000000000000e+02 7.042546591984675253e+00 3.758672859633668040e+00 -4.481913300753924932e-03 7.982800526981025158e+00
9.000000000000000000e+02 7.017779653637264303e+00 3.785688555868985006e+00 4.513269124676803044e-03 7.973750026094419852e+00
9.025000000000000000e+02 7.042569109825076445e+00 3.758773301796910715e+00 -4.544819166356559893e-03 7.982867721335789923e+00
9.050000000000000000e+02 7.017755439968563991e+00 3.785593820753444749e+00 4.576560798976349841e-03 7.973683774507476230e+00
9.075000000000000000e+02 7.042595116923509480e+00 3.758862311845512671e+00 -4.608491595414438390e-03 7.982932612675759820e+00
9.100000000000000000e+02 7.017727727184349895e+00 3.785510505838537210e+00 4.640609353236031104e-03 7.973619866657873700e+00
9.125000000000000000e+02 7.042624665566117770e+00 3.758939925909764668e+00 -4.672912070320582242e-03 7.982995263855916512e+00
9.150000000000000000e+02 7.017696464831831626e+00 3.785438580042527423e+00 4.705397967258950070e-03 7.973558243128196388e+00
9.175000000000000000e+02 7.042657807258823510e+00 3.759006172941609325e+00 -4.738065470374979056e-03 7.983055733716330593e+00
9.200000000000000000e+02 7.017661602527722309e+00 3.785378019564412444e+00 4.770913227026080117e-03 7.973498848072053669e+00
9.225000000000000000e+02 7.042694592819963795e+00 3.759061074162792782e+00 -4.803940096325127161e-03 7.983114076903945033e+00
9.250000000000000000e+02 7.017623090371666983e+00 3.785328807564645182e+00 4.837145155468337149e-03 7.973441629426381461e+00
9.275000000000000000e+02 7.042735072214410863e+00 3.759104643799272782e+00 -4.870527701774894636e-03 7.983170344072100910e+00
9.300000000000000000e+02 7.017580878310281101e+00 3.785290934515097572e+00 4.904087248402687858e-03 7.973386538517997835e+00
9.325000000000000000e+02 7.042779294554065928e+00 3.759136887990833120e+00 -4.937823537542101147e-03 7.983224581367742267e+00
9.350000000000000000e+02 7.017534916832964598e+00 3.785264397266968395e+00 4.971736523776874341e-03 7.973333530233811750e+00
9.375000000000000000e+02 7.042827308121444752e+00 3.759157805862428425e+00 -5.005826400883834487e-03 7.983276830957043657e+00
9.400000000000000000e+02 7.017485156199557039e+00 3.785249200231789235e+00 5.040093572658938328e-03 7.973282562902165971e+00
9.425000000000000000e+02 7.042879160099735358e+00 3.759167388972866508e+00 -5.074538691142584969e-03 7.983327130528170557e+00
9.450000000000000000e+02 7.017431546673038589e+00 3.785245354562535081e+00 5.109162614732310620e-03 7.973233598109478848e+00
9.475000000000000000e+02 7.042934896893902952e+00 3.759165621229997534e+00 -5.143966460439210013e-03 7.983375513535261092e+00
9.500000000000000000e+02 7.017374038713163564e+00 3.785252878314399272e+00 5.178951548895279269e-03 7.973186600947709479e+00
9.525000000000000000e+02 7.042994564047454276e+00 3.759152479137752412e+00 -5.214119467086201012e-03 7.983422009242109318e+00
9.550000000000000000e+02 7.017312582435403456e+00 3.785271796909353892e+00 5.249472003393218685e-03 7.973141539759589058e+00
9.575000000000000000e+02 7.043058206677316413e+00 3.759127931443598136e+00 -5.285011219948257573e-03 7.983466642940754809e+00
9.600000000000000000e+02 7.017247128385640131e+00 3.785302142791999280e+00 5.320739380207560425e-03 7.973098386658086234e+00
9.625000000000000000e+02 7.043125869064242650e+00 3.759091939728362863e+00 -5.356659025481984304e-03 7.983509435868952231e+00
9.650000000000000000e+02 7.017177626519783828e+00 3.785343956053470738e+00 5.392772898681777102e-03 7.973057116925722276e+00
9.675000000000000000e+02 7.043197595861369287e+00 3.759044456936429857e+00 -5.429084024251916267e-03 7.983550405585551069e+00
9.700000000000000000e+02 7.017104028758913259e+00 3.785397282217398462e+00 5.465595630215274239e-03 7.973017710213556875e+00
9.725000000000000000e+02 7.043273431944338192e+00 3.758985428283462493e+00 -5.502311226903963681e-03 7.983589566267120574e+00
9.750000000000000000e+02 7.017026284981691120e+00 3.785462176879717422e+00 5.539234531448143824e-03 7.972980149218362733e+00
9.775000000000000000e+02 7.043353420475739313e+00 3.758914793596823234e+00 -5.576369544845656730e-03 7.983626928103895182e+00
9.800000000000000000e+02 7.016944346326157600e+00 3.785538701911197901e+00 5.613720481408751399e-03 7.972944420787328568e+00
9.825000000000000000e+02 7.043437606218727609e+00 3.758832483410847747e+00 -5.651291841538335671e-03 7.983662498386328465e+00
9.850000000000000000e+02 7.016858164344019322e+00 3.785626926614552357e+00 5.689088349625787654e-03 7.972910515724900726e+00
9.875000000000000000e+02 7.043526032757006838e+00 3.758738422839365434e+00 -5.727114966783799881e-03 7.983696280877702556e+00
9.900000000000000000e+02 7.016767689942197350e+00 3.785726928620238407e+00 5.765377361184883566e-03 7.972878428288826314e+00
9.925000000000000000e+02 7.043618745387884239e+00 3.758632530068678701e+00 -5.803887095258333101e-03 7.983728277664232209e+00
9.950000000000000000e+02 7.016672891878764418e+00 3.785838791527825986e+00 5.842575512818288727e-03 7.972848171309409260e+00
9.975000000000000000e+02 7.043715187877382711e+00 3.758515110858670738e+00 -5.880703176856268491e-03 7.983758141950276332e+00
1.000000000000000000e+03 7.016561149433742983e+00 3.785973789206369844e+00 5.934577241519647071e-03 7.972814002314843940e+00
