z Tu Tv Tw
0.000000000000000000e+00 -1.047399407882337220e-22 -1.860667659148879813e-21 -3.198524442822144303e-03
2.500000000000000000e+00 2.290605628609532603e-07 7.898053334268419390e-07 -3.918933226238182146e-03
5.000000000000000000e+00 -2.566277174272674193e-07 1.528509433319049863e-06 -3.399677820890690313e-03
7.500000000000000000e+00 -5.733161538894171219e-07 1.650475690065702045e-06 -3.160941857371176236e-03
1.000000000000000000e+01 -3.901521690240533694e-07 1.450847599086042795e-06 -2.913676463004939536e-03
1.250000000000000000e+01 -2.754890556713486728e-08 1.077566488940028958e-06 -2.668947106499066149e-03
1.500000000000000000e+01 1.641529471017361154e-07 6.204319561458451032e-07 -2.432161495741512035e-03
1.750000000000000000e+01 7.027850224208599698e-08 2.305035641002911268e-07 -2.206192979007304961e-03
2.000000000000000000e+01 -2.468981479840059790e-07 1.535723206873868009e-08 -1.993355941883041653e-03
2.250000000000000000e+01 -6.579206858158328603e-07 -3.288253131228939773e-08 -1.795818047392348316e-03
2.500000000000000000e+01 -1.029762316493702221e-06 9.237855758744871623e-09 -1.615147351923796682e-03
2.750000000000000000e+01 -1.297626578309713926e-06 6.133725776196636254e-08 -1.451732095708756307e-03
3.000000000000000000e+01 -1.471932555585351518e-06 1.033360939725340996e-07 -1.305503431403330986e-03
3.250000000000000000e+01 -1.568516161600117301e-06 1.259918830068120308e-07 -1.175856980404286914e-03
3.500000000000000000e+01 -1.589581970406501299e-06 1.133401751560539693e-07 -1.062101826428358230e-03
3.750000000000000000e+01 -1.529863061270423211e-06 8.209159821963831905e-08 -9.632737147808473083e-04
4.000000000000000000e+01 -1.425830637307275427e-06 6.174628920438759959e-08 -8.775993910319883221e-04
4.250000000000000000e+01 -1.326646840921606796e-06 7.303865685045928084e-08 -8.029862889118455100e-04
4.500000000000000000e+01 -1.246451474925742843e-06 9.749060567413719658e-08 -7.373016267129535537e-04
4.750000000000000000e+01 -1.182449663532039551e-06 1.010560112519923435e-07 -6.788669379325076771e-04
5.000000000000000000e+01 -1.131278203906609535e-06 8.770170213112099577e-08 -6.266392199704511577e-04
5.250000000000000000e+01 -1.089982488755125157e-06 8.269494316554281428e-08 -5.798731179957524471e-04
5.500000000000000000e+01 -1.057668579276234492e-06 9.881629017739711052e-08 -5.375991146046652088e-04
5.750000000000000000e+01 -1.027728467092642273e-06 1.205098069283372802e-07 -4.987755418158234567e-04
6.000000000000000000e+01 -9.954408048732873986e-07 1.276340341216673171e-07 -4.626833230861511774e-04
6.250000000000000000e+01 -9.626495725082599396e-07 1.218687045018104314e-07 -4.291413004429916285e-04
6.500000000000000000e+01 -9.266373998544293243e-07 1.149233240532299593e-07 -3.982995687435557397e-04
6.750000000000000000e+01 -8.874317413443765065e-07 1.130043454747699655e-07 -3.701071361594354507e-04
7.000000000000000000e+01 -8.394824315703109637e-07 1.182626084479067864e-07 -3.442852995622067472e-04
7.250000000000000000e+01 -7.785485523583384348e-07 1.281167984050218171e-07 -3.202994509160617771e-04
7.500000000000000000e+01 -7.225553079087358589e-07 1.399849004995668242e-07 -2.978036628956376550e-04
7.750000000000000000e+01 -6.864057522936234543e-07 1.499068829654842207e-07 -2.766514272469606747e-04
8.000000000000000000e+01 -6.657180207928014236e-07 1.594231466027231394e-07 -2.567782270378869583e-04
8.250000000000000000e+01 -6.556065324674028374e-07 1.700776672000213834e-07 -2.382815230425157024e-04
8.500000000000000000e+01 -6.409849868143896152e-07 1.768689326244472589e-07 -2.212369079235551659e-04
8.750000000000000000e+01 -6.200740869628238519e-07 1.757271955879511800e-07 -2.055445222558550402e-04
9.000000000000000000e+01 -5.962725170770879954e-07 1.760007704956463070e-07 -1.909898080774896309e-04
9.250000000000000000e+01 -5.708035842648844413e-07 1.813363366998323104e-07 -1.774825698035795564e-04
9.500000000000000000e+01 -5.411474525938358140e-07 1.864080753105513867e-07 -1.649933126253479967e-04
9.750000000000000000e+01 -5.071368719101166843e-07 1.921019687656157152e-07 -1.534563520449971333e-04
1.000000000000000000e+02 -4.725988322376995555e-07 1.953100568471669484e-07 -1.427390633344851072e-04
1.025000000000000000e+02 -4.371080899841306602e-07 1.944884471809972240e-07 -1.327271433488039015e-04
1.050000000000000000e+02 -4.026878138550299134e-07 1.911133051880873387e-07 -1.234018375765006488e-04
1.075000000000000000e+02 -3.719031731381266791e-07 1.855617914869388998e-07 -1.147272819554206146e-04
1.100000000000000000e+02 -3.460450613609219389e-07 1.812834080424633701e-07 -1.066378961603045632e-04
1.125000000000000000e+02 -3.236753359861731594e-07 1.771681655387619285e-07 -9.912575404322561564e-05
1.150000000000000000e+02 -3.048087133664556535e-07 1.695410827981879211e-07 -9.224272702626456469e-05
1.175000000000000000e+02 -2.840689425652418697e-07 1.597161191113111478e-07 -8.596685094104944554e-05
1.200000000000000000e+02 -2.623814483078572044e-07 1.511934341392573603e-07 -8.021349120122002452e-05
1.225000000000000000e+02 -2.456645326927377626e-07 1.458160164802118484e-07 -7.486419419761594857e-05
1.250000000000000000e+02 -2.319940187106992276e-07 1.455852236612225106e-07 -6.985478209372716853e-05
1.275000000000000000e+02 -2.192908113275245101e-07 1.455474075721501296e-07 -6.516287339076744765e-05
1.300000000000000000e+02 -2.077484087349032149e-07 1.429601029964378632e-07 -6.079121083618187481e-05
1.325000000000000000e+02 -1.999291380042596103e-07 1.408251451898008816e-07 -5.672713983125180295e-05
1.350000000000000000e+02 -1.947766749021553961e-07 1.395865830056854578e-07 -5.294735848509809221e-05
1.375000000000000000e+02 -1.876213224274565662e-07 1.379177825879238295e-07 -4.943933499837328528e-05
1.400000000000000000e+02 -1.770554641277059748e-07 1.356977504997037470e-07 -4.621877137128596846e-05
1.425000000000000000e+02 -1.644732558509598367e-07 1.315524636787861024e-07 -4.325177020051141068e-05
1.450000000000000000e+02 -1.539329661267607720e-07 1.273828541209708861e-07 -4.047363951529008610e-05
1.475000000000000000e+02 -1.461782462567418201e-07 1.239003245660290011e-07 -3.784085120687736002e-05
1.500000000000000000e+02 -1.407593132126281071e-07 1.195442404167479379e-07 -3.534237409425224731e-05
1.525000000000000000e+02 -1.345793179388267965e-07 1.143887489419339547e-07 -3.299772869824723340e-05
1.550000000000000000e+02 -1.271253059203091485e-07 1.100886192124009578e-07 -3.083569059235456120e-05
1.575000000000000000e+02 -1.205037849902472023e-07 1.066446712891559757e-07 -2.886855719925529096e-05
1.600000000000000000e+02 -1.147716337191262167e-07 1.033640488151762238e-07 -2.707638178382290538e-05
1.625000000000000000e+02 -1.089539547407696094e-07 1.005772534014755175e-07 -2.543712657583559493e-05
1.650000000000000000e+02 -1.033385010378755277e-07 9.790664480769766048e-08 -2.392826872494108466e-05
1.675000000000000000e+02 -9.977027334933958527e-08 9.546049285207809435e-08 -2.252376260831113312e-05
1.700000000000000000e+02 -9.749238112707225608e-08 9.336939291511643618e-08 -2.120245433843261364e-05
1.725000000000000000e+02 -9.544674410587758854e-08 9.084920078210347057e-08 -1.995241980031566589e-05
1.750000000000000000e+02 -9.309203043593475785e-08 8.758602568770402389e-08 -1.877186261478156653e-05
1.775000000000000000e+02 -8.953701262497357898e-08 8.424949507167699789e-08 -1.767257871212346253e-05
1.800000000000000000e+02 -8.495108670108080444e-08 8.065160153605652185e-08 -1.666517726707618800e-05
1.825000000000000000e+02 -8.027909190833711526e-08 7.663236970182448379e-08 -1.574834666586769275e-05
1.850000000000000000e+02 -7.625664670346841204e-08 7.283845977875232854e-08 -1.490473137214464663e-05
1.875000000000000000e+02 -7.320953547580075931e-08 6.989170654515661898e-08 -1.412185865667655931e-05
1.900000000000000000e+02 -7.049093440773070888e-08 6.738625869494523173e-08 -1.339016485483422657e-05
1.925000000000000000e+02 -6.742894252081419787e-08 6.450048209247273420e-08 -1.268755364376459796e-05
1.950000000000000000e+02 -6.376935269005125896e-08 6.107695188098726136e-08 -1.201214676738126104e-05
1.975000000000000000e+02 -5.957083740547392625e-08 5.776324995168410855e-08 -1.138463313570289064e-05
2.000000000000000000e+02 -5.555392785645492047e-08 5.492587901426407067e-08 -1.080684045445969242e-05
2.025000000000000000e+02 -5.206010499648294850e-08 5.183405932179476671e-08 -1.026152641298348955e-05
2.050000000000000000e+02 -4.898085178048428420e-08 4.860025591468996562e-08 -9.737121983158305517e-06
2.075000000000000000e+02 -4.608311078226926317e-08 4.626547012034149986e-08 -9.233514295784398736e-06
2.100000000000000000e+02 -4.313684171865770250e-08 4.452647294027671907e-08 -8.758196369502005212e-06
2.125000000000000000e+02 -4.006372282953771798e-08 4.243316202342325244e-08 -8.309644141346108628e-06
2.150000000000000000e+02 -3.710474268684965742e-08 4.019761762331649189e-08 -7.883859761205865490e-06
2.175000000000000000e+02 -3.454842262106108887e-08 3.841320853507921758e-08 -7.489244364512076952e-06
2.200000000000000000e+02 -3.181013251440479700e-08 3.667587686060370266e-08 -7.133631138708891892e-06
2.225000000000000000e+02 -2.895829366231785299e-08 3.475187888263168392e-08 -6.813346271385036064e-06
2.250000000000000000e+02 -2.641310870137527669e-08 3.252282050206169488e-08 -6.522398575224888973e-06
2.275000000000000000e+02 -2.381613593916318866e-08 3.026049877897250088e-08 -6.251644279920148619e-06
2.300000000000000000e+02 -2.102726693945074580e-08 2.836377666396688593e-08 -5.998308338508229286e-06
2.325000000000000000e+02 -1.845059478131428522e-08 2.690725319713817542e-08 -5.762982519572636132e-06
2.350000000000000000e+02 -1.678032144302964290e-08 2.620495427066129902e-08 -5.538808062970737068e-06
2.375000000000000000e+02 -1.591076595638962944e-08 2.606413047000900640e-08 -5.313351956266288971e-06
2.400000000000000000e+02 -1.543895777870091971e-08 2.567575808615624413e-08 -5.076888189659733504e-06
2.425000000000000000e+02 -1.509793871612919733e-08 2.511816240709521365e-08 -4.831268482099613227e-06
2.450000000000000000e+02 -1.481283757401654424e-08 2.489501266369203991e-08 -4.587773253999205593e-06
2.475000000000000000e+02 -1.462981035444691891e-08 2.473653826716317149e-08 -4.357431816811461156e-06
2.500000000000000000e+02 -1.420196908940364310e-08 2.425817591721196034e-08 -4.145643175840539784e-06
2.525000000000000000e+02 -1.306641373854868998e-08 2.337534274380901810e-08 -3.951064283460771831e-06
2.550000000000000000e+02 -1.137175133218073148e-08 2.229478628808234089e-08 -3.767115574815234336e-06
2.575000000000000000e+02 -9.898172797109535653e-09 2.144542828048973459e-08 -3.586204051866390663e-06
2.600000000000000000e+02 -9.081210622633861549e-09 2.087653775509712629e-08 -3.405880003184992697e-06
2.625000000000000000e+02 -8.351153171902903679e-09 2.026245340562105158e-08 -3.229551668163495120e-06
2.650000000000000000e+02 -7.342134546314989326e-09 1.941024188049231088e-08 -3.064132345652998808e-06
2.675000000000000000e+02 -6.499983093533084478e-09 1.845457919524675916e-08 -2.914941998074226685e-06
2.700000000000000000e+02 -6.118557841681057557e-09 1.768909846542285156e-08 -2.781732641030214631e-06
2.725000000000000000e+02 -5.763962453041795375e-09 1.715848570703504686e-08 -2.659436840657672930e-06
2.750000000000000000e+02 -5.269607148106387417e-09 1.667298652539130861e-08 -2.541229404502519932e-06
2.775000000000000000e+02 -4.754369043221584201e-09 1.608013353248067638e-08 -2.422923033531996550e-06
2.800000000000000000e+02 -4.198628651380083013e-09 1.527763182516886734e-08 -2.304625092035592213e-06
2.825000000000000000e+02 -3.721049211319351510e-09 1.468597437585063910e-08 -2.186267146675855396e-06
2.850000000000000000e+02 -3.360995505664242171e-09 1.422621358717033082e-08 -2.068065914794566843e-06
2.875000000000000000e+02 -3.055942122610806623e-09 1.372508774462567471e-08 -1.953668219828245804e-06
2.900000000000000000e+02 -2.814713499573183046e-09 1.352868993861809024e-08 -1.848646853087044063e-06
2.925000000000000000e+02 -2.608625895768402328e-09 1.364899818432928142e-08 -1.754787577252381994e-06
2.950000000000000000e+02 -2.386930561913021595e-09 1.380546882244899270e-08 -1.669880147791732044e-06
2.975000000000000000e+02 -2.145966333006675146e-09 1.378320419774943741e-08 -1.590676874157471938e-06
3.000000000000000000e+02 -2.046380600931098387e-09 1.359446016950574216e-08 -1.514332527154743168e-06
3.025000000000000000e+02 -2.087822153333540139e-09 1.342601836152428920e-08 -1.441614600332006330e-06
3.050000000000000000e+02 -2.183628400521489548e-09 1.325588234510039857e-08 -1.374002469527563729e-06
3.075000000000000000e+02 -2.355922811809151300e-09 1.298618761253472594e-08 -1.310987734838714873e-06
3.100000000000000000e+02 -2.496393905120348393e-09 1.254842562518217631e-08 -1.252445098578302614e-06
3.125000000000000000e+02 -2.442003321378047278e-09 1.195316316550787571e-08 -1.198943726066733363e-06
3.150000000000000000e+02 -2.163073001804644827e-09 1.141090444395414242e-08 -1.151285852504788248e-06
3.175000000000000000e+02 -1.848161344750873517e-09 1.106021515311668523e-08 -1.107831192187489973e-06
3.200000000000000000e+02 -1.571341380435874365e-09 1.076920221572532577e-08 -1.065601473371625709e-06
3.225000000000000000e+02 -1.404556573677828410e-09 1.052121846298363008e-08 -1.023263831412347490e-06
3.250000000000000000e+02 -1.404987114006405119e-09 1.027286839319866108e-08 -9.797741185445094660e-07
3.275000000000000000e+02 -1.468179563450537495e-09 9.948608713279762319e-09 -9.343049722137249730e-07
3.300000000000000000e+02 -1.510428399705166392e-09 9.601995057169184094e-09 -8.869679890793539292e-07
3.325000000000000000e+02 -1.505057631911929097e-09 9.152974329386943916e-09 -8.385744699442080967e-07
3.350000000000000000e+02 -1.373475721822153631e-09 8.637458993284698560e-09 -7.914816850684511827e-07
3.375000000000000000e+02 -1.168285931973697579e-09 8.156299023794230556e-09 -7.486738265008858942e-07
3.400000000000000000e+02 -9.704769286570322776e-10 7.734883229018832879e-09 -7.111998927541783313e-07
3.425000000000000000e+02 -7.894238843716041104e-10 7.379926580691795794e-09 -6.777111019330087190e-07
3.450000000000000000e+02 -5.458378277181328414e-10 7.032371563757499061e-09 -6.470315817265708947e-07
3.475000000000000000e+02 -2.515199450283601344e-10 6.658375342900548357e-09 -6.184749712650365414e-07
3.500000000000000000e+02 -1.819928867318189229e-11 6.276132398081346564e-09 -5.918325932719032495e-07
3.525000000000000000e+02 1.180838542180665579e-10 5.934415570641191720e-09 -5.669682421532695822e-07
3.550000000000000000e+02 1.886366788871343685e-10 5.585900904129550514e-09 -5.431752008064508337e-07
3.575000000000000000e+02 2.143133980989755381e-10 5.190620439846556245e-09 -5.196986083470846752e-07
3.600000000000000000e+02 2.364722945869176331e-10 4.786486968710842352e-09 -4.964904801454916879e-07
3.625000000000000000e+02 2.990479412249801352e-10 4.398664137479775086e-09 -4.739455864425770522e-07
3.650000000000000000e+02 3.553162638420367652e-10 4.042724223137960582e-09 -4.525289406187172372e-07
3.675000000000000000e+02 3.888462436752680039e-10 3.765517233752067173e-09 -4.325614403031713420e-07
3.700000000000000000e+02 4.736680849064364932e-10 3.483136783444692079e-09 -4.140607726998705394e-07
3.725000000000000000e+02 5.804250997213299032e-10 3.167087638572778748e-09 -3.966184186990744952e-07
3.750000000000000000e+02 6.579910106084173666e-10 2.960649314877445392e-09 -3.799165253932761507e-07
3.775000000000000000e+02 7.393436419347756957e-10 2.885906764301258179e-09 -3.632411510681800726e-07
3.800000000000000000e+02 8.194524296082297540e-10 2.861248268204852392e-09 -3.458870099366425067e-07
3.825000000000000000e+02 8.592513667306388438e-10 2.850382837894265826e-09 -3.274732711654594827e-07
3.850000000000000000e+02 8.432628759569413948e-10 2.824571271404010845e-09 -3.081746120145342256e-07
3.875000000000000000e+02 8.049825869145936753e-10 2.722257638639976002e-09 -2.885211406829343939e-07
3.900000000000000000e+02 8.041861424257241668e-10 2.515750060384971079e-09 -2.696034375398714896e-07
3.925000000000000000e+02 8.371569416425576149e-10 2.268461161600160256e-09 -2.524142341998884214e-07
3.950000000000000000e+02 8.855870357219954627e-10 2.077232096570642893e-09 -2.368676405971625340e-07
3.975000000000000000e+02 9.204574766139063705e-10 1.955685775744640595e-09 -2.221311451711065736e-07
4.000000000000000000e+02 9.265855779719163612e-10 1.865723900087947546e-09 -2.077508605707429630e-07
4.025000000000000000e+02 9.326511685045458790e-10 1.769616149672688508e-09 -1.938858033025468742e-07
4.050000000000000000e+02 9.406363459489258034e-10 1.667213640335105711e-09 -1.804062348460097673e-07
4.075000000000000000e+02 9.563699401405297333e-10 1.577604179600975124e-09 -1.671822935522418162e-07
4.100000000000000000e+02 1.006615344227000782e-09 1.480913939199074288e-09 -1.549309570720688212e-07
4.125000000000000000e+02 1.072916511015279847e-09 1.379775259964611915e-09 -1.441525076996481214e-07
4.150000000000000000e+02 1.126876823754966787e-09 1.272787080368652402e-09 -1.348314823332213052e-07
4.175000000000000000e+02 1.173184147352700220e-09 1.154471346617659986e-09 -1.266717456228603697e-07
4.200000000000000000e+02 1.220349956945494613e-09 1.026939275761927797e-09 -1.190503118038927260e-07
4.225000000000000000e+02 1.261149746696806069e-09 8.909898112450678354e-10 -1.117015704480079600e-07
4.250000000000000000e+02 1.302827988868923858e-09 7.632690412373633027e-10 -1.047121514635098854e-07
4.275000000000000000e+02 1.358981729661966282e-09 6.575908619215043799e-10 -9.799657805038329826e-08
4.300000000000000000e+02 1.425298754588858113e-09 5.639568399766127816e-10 -9.158087828098817068e-08
4.325000000000000000e+02 1.486042537078711280e-09 4.902114296354926957e-10 -8.555210472275255830e-08
4.350000000000000000e+02 1.537140981477137728e-09 4.607024728199135739e-10 -7.973684665129932157e-08
4.375000000000000000e+02 1.567961072629768924e-09 4.693164580064544372e-10 -7.412541028929486719e-08
4.400000000000000000e+02 1.550116691380412819e-09 4.796924081050548529e-10 -6.877847903714201028e-08
4.425000000000000000e+02 1.484433941846422623e-09 4.636826741546365825e-10 -6.366353488555939105e-08
4.450000000000000000e+02 1.391598910111223880e-09 4.220102294037129635e-10 -5.887092881619112943e-08
4.475000000000000000e+02 1.275883072619795946e-09 3.655351774008236651e-10 -5.444330433946927622e-08
4.500000000000000000e+02 1.153507503421225538e-09 3.181879341646191507e-10 -5.031108144971151247e-08
4.525000000000000000e+02 1.039726034217861341e-09 2.913702476610193029e-10 -4.644200755872851386e-08
4.550000000000000000e+02 9.307180499350357849e-10 2.792123859376999927e-10 -4.283085539463455425e-08
4.575000000000000000e+02 8.282959849984859760e-10 2.727943487533618757e-10 -3.951375714176345510e-08
4.600000000000000000e+02 7.383380760489308424e-10 2.670599447128741003e-10 -3.653866500857637029e-08
4.625000000000000000e+02 6.605707928555362782e-10 2.563832670025563530e-10 -3.390343005534993108e-08
4.650000000000000000e+02 5.871011303688887811e-10 2.436045575439247913e-10 -3.156107411767831146e-08
4.675000000000000000e+02 5.189840506225513795e-10 2.327954679902157017e-10 -2.938931349102298435e-08
4.700000000000000000e+02 4.577849853576771072e-10 2.267676109171012061e-10 -2.726155642812969658e-08
4.725000000000000000e+02 4.015010448820951347e-10 2.204409769816616178e-10 -2.506324312644384640e-08
4.750000000000000000e+02 3.477808160974645389e-10 2.118057751157431832e-10 -2.278441182156770842e-08
4.775000000000000000e+02 2.992087915684904484e-10 2.043631789296027284e-10 -2.055189124108178225e-08
4.800000000000000000e+02 2.577209716938181997e-10 1.993334684128934164e-10 -1.848856827066974780e-08
4.825000000000000000e+02 2.241021168778931047e-10 1.920490508870474017e-10 -1.663275255776374234e-08
4.850000000000000000e+02 1.942445546583038305e-10 1.837672360605530941e-10 -1.495664871713989867e-08
4.875000000000000000e+02 1.665706321460015942e-10 1.747474704630516396e-10 -1.343379169148574674e-08
4.900000000000000000e+02 1.406552989891427529e-10 1.662176899583032147e-10 -1.204281860576719500e-08
4.925000000000000000e+02 1.167145017642773370e-10 1.583372837941062171e-10 -1.079159558885972350e-08
4.950000000000000000e+02 9.443229903750641718e-11 1.522071060819676083e-10 -9.666912129891928279e-09
4.975000000000000000e+02 7.429922899496840784e-11 1.459261355598773062e-10 -8.650284772188835690e-09
5.000000000000000000e+02 5.695396797970888876e-11 1.390560858235492293e-10 -7.697441588119227545e-09
5.025000000000000000e+02 4.289102292705420774e-11 1.306303492815167626e-10 -6.803963718793178819e-09
5.050000000000000000e+02 3.180039814319951052e-11 1.219621775154519324e-10 -5.954894176045752322e-09
5.075000000000000000e+02 2.291030475852278895e-11 1.133386289385799492e-10 -5.176859449355999029e-09
5.100000000000000000e+02 1.633213241022488938e-11 1.054607787497396019e-10 -4.476183312990504626e-09
5.125000000000000000e+02 1.172711913645128617e-11 9.644889039755739344e-11 -3.889842104985394937e-09
5.150000000000000000e+02 8.650065020137764578e-12 8.704585931544511320e-11 -3.393712918866625289e-09
5.175000000000000000e+02 5.874912219355583777e-12 7.798110799725202035e-11 -2.976274767287153701e-09
5.200000000000000000e+02 3.504932884449166193e-12 7.021650105763059791e-11 -2.599862435365228722e-09
5.225000000000000000e+02 1.393077447335181414e-12 6.279685836908443616e-11 -2.272595465028685954e-09
5.250000000000000000e+02 -8.966573394840729394e-14 5.645283859914006174e-11 -1.979605513617890311e-09
5.275000000000000000e+02 -1.098489539602772718e-12 5.022060462265292483e-11 -1.728104797038101082e-09
5.300000000000000000e+02 -1.514360136092336810e-12 4.481149683722893360e-11 -1.503803291225744037e-09
5.325000000000000000e+02 -1.784222906751195020e-12 3.939787670309248566e-11 -1.309807561722064652e-09
5.350000000000000000e+02 -1.878508897171019294e-12 3.482099787095149772e-11 -1.137425427560262404e-09
5.375000000000000000e+02 -1.897622204154305210e-12 3.038078979633630047e-11 -9.880466100843342791e-10
5.400000000000000000e+02 -1.828597927582934589e-12 2.665648031837109545e-11 -8.557679368530293663e-10
5.425000000000000000e+02 -1.713353460924732008e-12 2.303630189753386095e-11 -7.405351228676490518e-10
5.450000000000000000e+02 -1.590413201384472462e-12 1.993022994956485893e-11 -6.387816480114129839e-10
5.475000000000000000e+02 -1.440477391428857134e-12 1.683879913324699798e-11 -5.494001082349206076e-10
5.500000000000000000e+02 -1.314990728443903117e-12 1.413006274157391302e-11 -4.693604393346061091e-10
5.525000000000000000e+02 -1.222652256884409094e-12 1.142213517013119238e-11 -3.959069907080442837e-10
5.550000000000000000e+02 -1.189649406304885075e-12 9.026618412340686200e-12 -3.269999702235583598e-10
5.575000000000000000e+02 -1.135976094593683976e-12 6.753287862182656048e-12 -2.621325912079117501e-10
5.600000000000000000e+02 -1.020291226413781305e-12 4.945861397704456762e-12 -2.035326100056257731e-10
5.625000000000000000e+02 -8.251718355082496122e-13 3.474472685187794487e-12 -1.536438267807664717e-10
5.650000000000000000e+02 -6.232262893453483010e-13 2.446999950713301051e-12 -1.138535821613743163e-10
5.675000000000000000e+02 -4.445134899801650393e-13 1.641217834081850109e-12 -8.332481566080714932e-11
5.700000000000000000e+02 -3.230192750584403369e-13 1.086906820369831929e-12 -6.032819058747194490e-11
5.725000000000000000e+02 -2.383296058583658563e-13 6.584087207729301526e-13 -4.290099842531211100e-11
5.750000000000000000e+02 -1.783251567926549825e-13 3.905092843110663804e-13 -2.955901527833023591e-11
5.775000000000000000e+02 -1.258159295071399025e-13 2.166975931956177625e-13 -1.959003283933998926e-11
5.800000000000000000e+02 -8.277621691028830938e-14 1.256834629470282446e-13 -1.245974422412793999e-11
5.825000000000000000e+02 -5.033853227746178238e-14 7.030760778900911083e-14 -7.650299606823284431e-12
5.850000000000000000e+02 -2.958240445170072064e-14 3.824781604671090586e-14 -4.507930194301597868e-12
5.875000000000000000e+02 -1.631191005521883596e-14 1.767040725812321907e-14 -2.503727627808195904e-12
5.900000000000000000e+02 -8.185806891910715928e-15 6.728733306405103445e-15 -1.250905206009684471e-12
5.925000000000000000e+02 -3.353122849362449936e-15 1.776461126609650041e-15 -5.356353870528697925e-13
5.950000000000000000e+02 -1.039560762879532948e-15 2.515592492606771204e-16 -1.823789485930161653e-13
5.975000000000000000e+02 -2.069543580327813167e-16 -1.036621675225585896e-17 -4.458937390115633589e-14
6.000000000000000000e+02 -2.586834874626379777e-17 -1.860063434200358404e-18 -6.963044456512122135e-15
6.025000000000000000e+02 -5.264047226359969826e-18 4.719300946098146122e-18 -8.843475017570917404e-16
6.050000000000000000e+02 -1.921451835678867973e-18 3.945929830085403739e-18 -2.429527824345627804e-16
6.075000000000000000e+02 -5.453901443157577995e-19 2.140054303758146918e-18 -9.731507440716070890e-17
6.100000000000000000e+02 -1.338656378208414366e-19 8.379104982745972679e-19 -3.732168645297423149e-17
6.125000000000000000e+02 -3.898743829842073469e-20 1.976385359461181737e-19 -1.303405561626177633e-17
6.150000000000000000e+02 -1.303066424081963667e-20 2.476260290460707001e-20 -3.506510633641924414e-18
6.175000000000000000e+02 -2.360895015857419575e-21 7.099597996479495296e-22 -6.044399784479785612e-19
6.200000000000000000e+02 -1.515117452558891580e-22 -6.654442134473559777e-23 -4.842548282588938241e-20
6.225000000000000000e+02 -8.490805879057582520e-25 -7.294786627810656699e-25 -6.437360128851328177e-22
6.250000000000000000e+02 5.184622071127754901e-29 5.228428172910126849e-30 -4.128013588407405921e-25
6.275000000000000000e+02 1.282977479364597474e-29 -2.815204514509418002e-29 -2.638280590919777272e-24
6.300000000000000000e+02 -8.028251357103301945e-28 1.588957919592913278e-29 -2.279726946464591905e-23
6.325000000000000000e+02 -4.021198866178451210e-26 4.176120573494918678e-27 -3.001147447722828190e-21
6.350000000000000000e+02 -4.640408083140335165e-24 4.919282346201175503e-25 -3.899456675460042684e-19
6.375000000000000000e+02 -2.814457544361726560e-22 -1.037290360368051659e-22 -7.526795611177683892e-17
6.400000000000000000e+02 -9.260543670468503999e-21 4.668259021977309013e-21 -9.678117310614551895e-15
6.425000000000000000e+02 -9.025547217308239869e-23 -2.100005914013000193e-22 -4.417403242085941711e-13
6.450000000000000000e+02 3.112443512354906311e-19 -2.904987346764851519e-20 -9.682579586489586654e-12
6.475000000000000000e+02 1.452466994709815021e-31 3.287337727104668143e-28 -9.974820320006328057e-11
6.500000000000000000e+02 -8.397782195432632502e-31 -4.708293056871632113e-27 -4.525211101488721791e-10
6.525000000000000000e+02 -2.804796061918642434e-30 -1.808197795308110690e-27 -8.845543874602823681e-10
6.550000000000000000e+02 7.746702776537380892e-30 1.571132635809474436e-26 -1.057709400458439910e-09
6.575000000000000000e+02 1.111903743722031512e-29 -2.309776054247542700e-27 -1.051364188910207977e-09
6.600000000000000000e+02 -5.059739682519286761e-30 -1.877660041682929009e-26 -1.024497045797874738e-09
6.625000000000000000e+02 -3.317836281352232093e-29 -1.173178298827639224e-27 -1.016365617825338661e-09
6.650000000000000000e+02 1.225440520602136350e-29 2.939972544672785895e-26 -1.016554720910676746e-09
6.675000000000000000e+02 6.721141575901485565e-29 -6.674275034628127910e-26 -1.017290957364930593e-09
6.700000000000000000e+02 4.925426427954919085e-29 2.163996982408166230e-26 -1.017498307619901288e-09
6.725000000000000000e+02 1.737474210621745923e-28 5.295447266342865980e-26 -1.017477003766901060e-09
6.750000000000000000e+02 -2.923424468678485002e-29 -2.174879204336986352e-26 -1.017450895600557312e-09
6.775000000000000000e+02 -1.087613564504911217e-28 -4.992331272228703247e-26 -1.017460771438257020e-09
6.800000000000000000e+02 1.472169246979903733e-29 5.687956430244956996e-26 -1.017473649047123222e-09
6.825000000000000000e+02 4.958304093718393087e-29 -1.033552302381149591e-25 -1.017472556004112385e-09
6.850000000000000000e+02 1.922783923753885776e-28 2.055110791003790826e-25 -1.017485020583835154e-09
6.875000000000000000e+02 1.513274138287232886e-28 -1.522129760545758832e-25 -1.017451957681449223e-09
6.900000000000000000e+02 8.228785548355336442e-29 -1.850867881303959440e-25 -1.017445738432506888e-09
6.925000000000000000e+02 3.238373092110119732e-28 3.545439846147035340e-25 -1.017407510279116978e-09
6.950000000000000000e+02 6.483397265903863334e-29 -3.393059851037122908e-25 -1.017409764146391580e-09
6.975000000000000000e+02 3.269818928446929938e-28 3.006163103011565426e-25 -1.017400941303348034e-09
7.000000000000000000e+02 -1.069671814882101833e-28 -3.737220320492675888e-26 -1.017432481707818140e-09
7.025000000000000000e+02 3.036706048179821165e-29 -3.864583378397102523e-26 -1.017452461708272345e-09
7.050000000000000000e+02 4.078108689269402465e-28 1.105979557957310318e-25 -1.017492962909435049e-09
7.075000000000000000e+02 4.001532736212733357e-28 -6.203291864187639466e-26 -1.017505739770131865e-09
7.100000000000000000e+02 1.817366276745749328e-28 -6.644108136931203947e-26 -1.017514830923202162e-09
7.125000000000000000e+02 2.488736666628922430e-28 -4.677568516659707700e-26 -1.017491016735710139e-09
7.150000000000000000e+02 6.601918603466408217e-29 1.945180949105290707e-25 -1.017457521245171970e-09
7.175000000000000000e+02 -9.756668915396179161e-29 9.163360153379860067e-26 -1.017417348751779876e-09
7.200000000000000000e+02 3.374759146324326552e-28 -7.193471468232251634e-26 -1.017378281713274730e-09
7.225000000000000000e+02 -4.338047891144322262e-28 -3.638779681447952680e-25 -1.017368201180231243e-09
7.250000000000000000e+02 -3.446760867973960828e-28 2.958749367976728416e-25 -1.017372685571959454e-09
7.275000000000000000e+02 1.413305018483008975e-27 -1.254800354267352216e-25 -1.017431306527158418e-09
7.300000000000000000e+02 5.486071633860938723e-28 -1.202818087199416734e-25 -1.017478000385150874e-09
7.325000000000000000e+02 2.548770634001946472e-28 2.447787797929739504e-25 -1.017305336779386759e-09
7.350000000000000000e+02 -6.670489665378694303e-28 -2.303227131833080484e-25 -1.016649589247326682e-09
7.375000000000000000e+02 3.453439640784053454e-28 2.269344071052213630e-26 -1.016811797252847864e-09
7.400000000000000000e+02 6.991444491771267211e-28 -1.441918687101949725e-25 -1.024965992436971435e-09
7.425000000000000000e+02 1.094365507583247907e-27 3.692740877860640309e-25 -1.049355101027693818e-09
7.450000000000000000e+02 1.218751937853205995e-27 -4.686430487884758536e-25 -1.051440399880174165e-09
7.475000000000000000e+02 -4.952367833157839707e-29 3.894323049372668333e-25 -8.873879100036999468e-10
7.500000000000000000e+02 -6.664334220906087859e-28 -6.490743667982927770e-26 -4.797398554338192305e-10
7.525000000000000000e+02 1.191887349074709651e-27 3.947485534783531444e-26 -1.398989710453092415e-10
7.550000000000000000e+02 1.516752239114631768e-27 -2.104031091645227147e-26 -4.685393053803913068e-11
7.575000000000000000e+02 -7.808977134292540605e-28 4.949142800495642188e-25 -3.555771883504275640e-11
7.600000000000000000e+02 -2.954739513397705466e-28 -2.115671188164062186e-25 -3.676102473234328974e-11
7.625000000000000000e+02 -8.957506893951199144e-28 -6.212995137541151609e-25 -3.797587998998371595e-11
7.650000000000000000e+02 -2.814704433752807353e-29 4.136420167964649809e-25 -3.822980757777676420e-11
7.675000000000000000e+02 1.745091039587155428e-28 -1.338426286630792581e-25 -3.819071950478875332e-11
7.700000000000000000e+02 -4.853170898862036100e-28 1.719347705526320631e-25 -3.815766062441662114e-11
7.725000000000000000e+02 1.068487000795224819e-27 -2.580586401234752346e-25 -3.815224533576302377e-11
7.750000000000000000e+02 -2.861481012037961134e-28 2.520499205654890564e-25 -3.815345564684170971e-11
7.775000000000000000e+02 -1.709926451571112581e-28 1.909273565727896375e-26 -3.815419501057188872e-11
7.800000000000000000e+02 2.046639706724986707e-28 -5.463865134335888386e-25 -3.815419713376171423e-11
7.825000000000000000e+02 -7.440542303593531963e-28 3.058786794539719190e-25 -3.815420098915316821e-11
7.850000000000000000e+02 -1.261345276310900120e-27 3.000905561972449390e-25 -3.815415588055433152e-11
7.875000000000000000e+02 -1.667142820020051217e-27 -1.229818422184594097e-25 -3.815421227158306689e-11
7.900000000000000000e+02 -3.223205745425756734e-29 -4.450556908006596862e-26 -3.815417621224166472e-11
7.925000000000000000e+02 7.434605202360185562e-28 -3.778207016575420715e-27 -3.815423007805773001e-11
7.950000000000000000e+02 4.237433855111610676e-28 -3.219112958468932549e-26 -3.815420011872422513e-11
7.975000000000000000e+02 -2.105856991655791733e-28 -5.031432904401006999e-25 -3.815425118152860820e-11
8.000000000000000000e+02 -3.280241862130700972e-28 1.470845831553615948e-25 -3.815420832784030951e-11
8.025000000000000000e+02 3.636037803300917935e-28 3.021506762358279017e-25 -3.815426480795869098e-11
8.050000000000000000e+02 8.542800519108941857e-29 -1.054794420876018006e-25 -3.815421647936731709e-11
8.075000000000000000e+02 -7.932335407229924769e-28 6.378154463329105925e-26 -3.815428103738186369e-11
8.100000000000000000e+02 4.632397931849745466e-28 3.349255833175722561e-25 -3.815422436325401457e-11
8.125000000000000000e+02 -1.616507790957949654e-27 -5.324031783773427043e-25 -3.815429818208590949e-11
8.150000000000000000e+02 -1.194195003054589875e-27 -5.018727947426772353e-25 -3.815423359695631779e-11
8.175000000000000000e+02 3.252949141577356087e-27 6.069170256686069303e-25 -3.815431566720778058e-11
8.200000000000000000e+02 -8.723235226008906643e-28 2.116670943877135117e-25 -3.815424887819187337e-11
8.225000000000000000e+02 -3.350478089998989763e-27 3.722647118357433200e-26 -3.815433043444942707e-11
8.250000000000000000e+02 3.032102295511208340e-28 -2.869337923295093326e-25 -3.815425759531583862e-11
8.275000000000000000e+02 -1.876159550999802528e-27 1.371087628375745777e-25 -3.815434188058392013e-11
8.300000000000000000e+02 5.231225587019492148e-28 -1.109869940417286271e-26 -3.815427163741861610e-11
8.325000000000000000e+02 -6.837963118523500496e-28 -5.379663769941395279e-26 -3.815434560103016941e-11
8.350000000000000000e+02 -5.345050588345551504e-28 4.870101163372869152e-25 -3.815427720693262582e-11
8.375000000000000000e+02 -5.016442996506389627e-28 -4.964142109902022238e-25 -3.815434491851281543e-11
8.400000000000000000e+02 -3.766182131436571495e-28 9.941555903905856033e-27 -3.815428845238837830e-11
8.425000000000000000e+02 -9.791117229186014873e-28 3.101044041513451277e-25 -3.815433745175035953e-11
8.450000000000000000e+02 -3.034913605763577883e-28 -2.231107887069642644e-25 -3.815429047004752877e-11
8.475000000000000000e+02 -1.175575609886438037e-27 2.265242517037926322e-25 -3.815433323515007652e-11
8.500000000000000000e+02 -2.236745129569019673e-27 -1.064295536912801541e-25 -3.815430305113651349e-11
8.525000000000000000e+02 -2.129780793241427404e-27 1.593195526577469736e-27 -3.815431358081319761e-11
8.550000000000000000e+02 -2.052541775416456908e-27 -6.098439439107664827e-25 -3.815428880106362451e-11
8.575000000000000000e+02 -9.425620356089133220e-28 8.869492602283345286e-25 -3.815429652491500388e-11
8.600000000000000000e+02 -2.134303274363707624e-27 -2.761825916664387838e-25 -3.815428992407734399e-11
8.625000000000000000e+02 -6.237040641505441181e-29 6.210857173130216806e-25 -3.815426120135720600e-11
8.650000000000000000e+02 1.719772449774605686e-28 -6.755992398289000646e-25 -3.815425650782889961e-11
8.675000000000000000e+02 2.731816096152420384e-28 -3.861714345514788975e-25 -3.815423639957298249e-11
8.700000000000000000e+02 3.465122723845387693e-27 4.478965329844918194e-25 -3.815424285341418518e-11
8.725000000000000000e+02 5.663808781290583489e-28 -4.940967366023002477e-25 -3.815419524308164434e-11
8.750000000000000000e+02 1.521628296989821013e-27 2.227766887834754594e-25 -3.815420198966027574e-11
8.775000000000000000e+02 3.564432790497042541e-27 6.507762215448446485e-26 -3.815416947916000367e-11
8.800000000000000000e+02 4.365304789189756306e-27 3.354757773066680434e-25 -3.815417899132307644e-11
8.825000000000000000e+02 -3.234877215703509931e-28 1.561095432551872273e-25 -3.815413035870539105e-11
8.850000000000000000e+02 -2.008891399022923168e-27 -8.806181746207838356e-25 -3.815413211164122569e-11
8.875000000000000000e+02 -1.241576954904174612e-27 9.032196022443692831e-25 -3.815410193709516483e-11
8.900000000000000000e+02 -5.209556504463844812e-27 -4.226428666059228083e-25 -3.815410293281987595e-11
8.925000000000000000e+02 7.542210089832999122e-29 -3.277537752627518096e-25 -3.815407115311266597e-11
8.950000000000000000e+02 1.183117657586024960e-27 3.146304340611397480e-25 -3.815405300289197760e-11
8.975000000000000000e+02 -1.358496962497583803e-27 5.348591146662437955e-26 -3.815403400453693807e-11
9.000000000000000000e+02 -1.876496783390036713e-27 -5.519262985740875229e-26 -3.815401859410674388e-11
9.025000000000000000e+02 -6.647866723721034287e-28 -1.202341171798905438e-25 -3.815401215394604869e-11
9.050000000000000000e+02 -3.333408828837543321e-27 9.684268013059329664e-26 -3.815397785635219067e-11
9.075000000000000000e+02 -5.128169628724773456e-28 6.641896429892900459e-25 -3.815398265473272243e-11
9.100000000000000000e+02 3.041285292780259389e-28 -4.112371173841117137e-25 -3.815395378511346314e-11
9.125000000000000000e+02 1.417072984289764732e-27 -1.217901866876693639e-25 -3.815397856073805454e-11
9.150000000000000000e+02 -1.072010807773208308e-28 -6.683421828597364063e-26 -3.815393435406468481e-11
9.175000000000000000e+02 1.184497615537331792e-27 2.297356934150099454e-25 -3.815397146084608476e-11
9.200000000000000000e+02 -1.725286192660801111e-28 -7.888689249476158950e-26 -3.815393230936635721e-11
9.225000000000000000e+02 -1.802760068492275762e-27 -1.075196389749026635e-25 -3.815397922221064773e-11
9.250000000000000000e+02 8.136933948634481616e-28 6.407668127544642699e-26 -3.815392669689201151e-11
9.275000000000000000e+02 -2.255933492996589211e-27 1.643710674602535066e-25 -3.815398783516212328e-11
9.300000000000000000e+02 2.153149370469052212e-28 -9.929974994369780910e-26 -3.815394091622533089e-11
9.325000000000000000e+02 -1.744889343495974073e-28 -4.180123305699320798e-25 -3.815400651846943221e-11
9.350000000000000000e+02 5.345785670251410870e-28 -1.756553751931713912e-25 -3.815395860796152567e-11
9.375000000000000000e+02 5.887420317575308612e-27 6.698354692748277460e-25 -3.815403581822376679e-11
9.400000000000000000e+02 2.899271106682098537e-31 4.395293368692900395e-26 -3.815399162575857471e-11
9.425000000000000000e+02 3.183387537765835196e-27 -6.581732131752559648e-25 -3.815407046080190067e-11
9.450000000000000000e+02 5.516230089435904628e-28 5.222790174635375696e-25 -3.815403228966778073e-11
9.475000000000000000e+02 3.703707534024489825e-27 -1.047706086716357150e-25 -3.815411543289073313e-11
9.500000000000000000e+02 -3.159697596334996130e-27 -7.608461533060795103e-26 -3.815408192064702224e-11
9.525000000000000000e+02 -3.025967567393535473e-27 -2.600086022659528748e-25 -3.815416309334352376e-11
9.550000000000000000e+02 -1.631287824345671847e-27 5.171054709176320524e-25 -3.815413755656258383e-11
9.575000000000000000e+02 -7.477513165376414632e-27 -2.635442967538104764e-25 -3.815421633503659159e-11
9.600000000000000000e+02 6.804205287181545027e-28 2.652690111925071958e-25 -3.815419690574164295e-11
9.625000000000000000e+02 6.485558014194021142e-28 -2.232372359906348678e-25 -3.815426838634883866e-11
9.650000000000000000e+02 -7.677241521056028255e-28 -4.123957765536986835e-25 -3.815426151242387787e-11
9.675000000000000000e+02 -5.422167386060023110e-28 4.106918458209195688e-25 -3.815432239096132586e-11
9.700000000000000000e+02 1.018235696588034196e-27 1.884453301493491153e-25 -3.815431630424779138e-11
9.725000000000000000e+02 -2.369339664973849792e-27 -1.227699688628090433e-26 -3.815437481644063217e-11
9.750000000000000000e+02 9.293549546089889706e-28 7.723451259522440557e-28 -3.815438613531997312e-11
9.775000000000000000e+02 9.771147641475004083e-28 -2.457771034236162844e-25 -3.815441803812274117e-11
9.800000000000000000e+02 2.632977333983305453e-27 -2.065142564555832449e-25 -3.815442148094649737e-11
9.825000000000000000e+02 -5.182240143274963015e-28 -1.437162987231859898e-25 -3.815446393315698596e-11
9.850000000000000000e+02 -5.213817951884933757e-27 -1.072915452699172719e-25 -3.815446686072084608e-11
9.875000000000000000e+02 -2.713112847605811542e-27 6.270340543527425880e-25 -3.815437863897538654e-11
9.900000000000000000e+02 -3.142439997902934500e-27 4.099566564266157717e-26 -3.815567232282359981e-11
9.925000000000000000e+02 -2.126683046289936484e-28 -4.256063880054733375e-25 -3.817068296960118599e-11
9.950000000000000000e+02 -5.589038214100169550e-29 -1.018677492327839047e-25 -3.802939918363859270e-11
9.975000000000000000e+02 1.040671417531483589e-28 2.144077390522291107e-25 -3.443926900739548335e-11
1.000000000000000000e+03 2.644328232590048996e-27 2.843480895675107355e-25 -2.460804137426782945e-11
