 z Alpha
0.000000000000000000e+00 0.000000000000000000e+00
2.500000000000000000e+00 1.214431255920316310e-01
5.000000000000000000e+00 1.954611994629463778e-01
7.500000000000000000e+00 2.365178589464128622e-01
1.000000000000000000e+01 2.547386818076380899e-01
1.250000000000000000e+01 2.585485883039435606e-01
1.500000000000000000e+01 2.536873711744237481e-01
1.750000000000000000e+01 2.436949974535370378e-01
2.000000000000000000e+01 2.301783967299196598e-01
2.250000000000000000e+01 2.148330571496865904e-01
2.500000000000000000e+01 1.990800522070167999e-01
2.750000000000000000e+01 1.839338261580053535e-01
3.000000000000000000e+01 1.701562792673215196e-01
3.250000000000000000e+01 1.578711247649198512e-01
3.500000000000000000e+01 1.474795473960639758e-01
3.750000000000000000e+01 1.395985155786424459e-01
4.000000000000000000e+01 1.346747372161381240e-01
4.250000000000000000e+01 1.322856145352792889e-01
4.500000000000000000e+01 1.309963699313931862e-01
4.750000000000000000e+01 1.298657689160723216e-01
5.000000000000000000e+01 1.294907479301999342e-01
5.250000000000000000e+01 1.299898412199251840e-01
5.500000000000000000e+01 1.309706253651865271e-01
5.750000000000000000e+01 1.323193021059358987e-01
6.000000000000000000e+01 1.336200030557883334e-01
6.250000000000000000e+01 1.358755830383057972e-01
6.500000000000000000e+01 1.392961729381181624e-01
6.750000000000000000e+01 1.419498598380314891e-01
7.000000000000000000e+01 1.433088797478463128e-01
7.250000000000000000e+01 1.437728671346790443e-01
7.500000000000000000e+01 1.437881424837712252e-01
7.750000000000000000e+01 1.439617161572512016e-01
8.000000000000000000e+01 1.448297315091712500e-01
8.250000000000000000e+01 1.461858546558520711e-01
8.500000000000000000e+01 1.475180266849279442e-01
8.750000000000000000e+01 1.474994389254369320e-01
9.000000000000000000e+01 1.457781456818933175e-01
9.250000000000000000e+01 1.443130322676934030e-01
9.500000000000000000e+01 1.440759918720513899e-01
9.750000000000000000e+01 1.443102671434584872e-01
1.000000000000000000e+02 1.438291095137891329e-01
1.025000000000000000e+02 1.430409700902829095e-01
1.050000000000000000e+02 1.423497972720738913e-01
1.075000000000000000e+02 1.407976833699598196e-01
1.100000000000000000e+02 1.386488894377937431e-01
1.125000000000000000e+02 1.365071560392507599e-01
1.150000000000000000e+02 1.346228602517891004e-01
1.175000000000000000e+02 1.332849022108052173e-01
1.200000000000000000e+02 1.324268797309323120e-01
1.225000000000000000e+02 1.313884652739156778e-01
1.250000000000000000e+02 1.304687256896848724e-01
1.275000000000000000e+02 1.298009307397301471e-01
1.300000000000000000e+02 1.287839981261483524e-01
1.325000000000000000e+02 1.273399044663384994e-01
1.350000000000000000e+02 1.258428939678272462e-01
1.375000000000000000e+02 1.246263734239442256e-01
1.400000000000000000e+02 1.229157322862497875e-01
1.425000000000000000e+02 1.208449096648600424e-01
1.450000000000000000e+02 1.194278704216378828e-01
1.475000000000000000e+02 1.182800256212057921e-01
1.500000000000000000e+02 1.164187745193368817e-01
1.525000000000000000e+02 1.132947951020152749e-01
1.550000000000000000e+02 1.105924674361341842e-01
1.575000000000000000e+02 1.090943410194888524e-01
1.600000000000000000e+02 1.073594486709000678e-01
1.625000000000000000e+02 1.051748691471567354e-01
1.650000000000000000e+02 1.033206067572003950e-01
1.675000000000000000e+02 1.019890228561452644e-01
1.700000000000000000e+02 1.006695952344747458e-01
1.725000000000000000e+02 9.984247888228425793e-02
1.750000000000000000e+02 9.880090332753652116e-02
1.775000000000000000e+02 9.740225329105089980e-02
1.800000000000000000e+02 9.578890386894260700e-02
1.825000000000000000e+02 9.306830762161724668e-02
1.850000000000000000e+02 9.002907038941448947e-02
1.875000000000000000e+02 8.806370547251177183e-02
1.900000000000000000e+02 8.699127232711645341e-02
1.925000000000000000e+02 8.591547751641510910e-02
1.950000000000000000e+02 8.506237841715391657e-02
1.975000000000000000e+02 8.435674317918463727e-02
2.000000000000000000e+02 8.250206264803511269e-02
2.025000000000000000e+02 8.008590667541334862e-02
2.050000000000000000e+02 7.707682350880722122e-02
2.075000000000000000e+02 7.472205359980085837e-02
2.100000000000000000e+02 7.404575992624208569e-02
2.125000000000000000e+02 7.394240518507447235e-02
2.150000000000000000e+02 7.329244501635326370e-02
2.175000000000000000e+02 7.134058744665162932e-02
2.200000000000000000e+02 6.997054726005069725e-02
2.225000000000000000e+02 7.005633646112384427e-02
2.250000000000000000e+02 7.036543191361935290e-02
2.275000000000000000e+02 6.959629514982286491e-02
2.300000000000000000e+02 6.849869328871169283e-02
2.325000000000000000e+02 6.859380519871134674e-02
2.350000000000000000e+02 6.878537034716136755e-02
2.375000000000000000e+02 6.774678548951308665e-02
2.400000000000000000e+02 6.598513282729867591e-02
2.425000000000000000e+02 6.425709164455645217e-02
2.450000000000000000e+02 6.270023981855472883e-02
2.475000000000000000e+02 6.171637668190439047e-02
2.500000000000000000e+02 6.103487435061473454e-02
2.525000000000000000e+02 6.062486952543554714e-02
2.550000000000000000e+02 6.002779726461968807e-02
2.575000000000000000e+02 5.933639470167915292e-02
2.600000000000000000e+02 5.839732349537821166e-02
2.625000000000000000e+02 5.802637199418263225e-02
2.650000000000000000e+02 5.849096397051727764e-02
2.675000000000000000e+02 5.894895355276409676e-02
2.700000000000000000e+02 5.957174782601257906e-02
2.725000000000000000e+02 6.015060519192914901e-02
2.750000000000000000e+02 6.058805397627978900e-02
2.775000000000000000e+02 6.034839895348169392e-02
2.800000000000000000e+02 5.941034851972101793e-02
2.825000000000000000e+02 5.777648890212200294e-02
2.850000000000000000e+02 5.485784431126363575e-02
2.875000000000000000e+02 5.107395803688986879e-02
2.900000000000000000e+02 4.876589267488769947e-02
2.925000000000000000e+02 4.808485796019384972e-02
2.950000000000000000e+02 4.822923100320367779e-02
2.975000000000000000e+02 4.792841513076930710e-02
3.000000000000000000e+02 4.684976137596756629e-02
3.025000000000000000e+02 4.765077201442628058e-02
3.050000000000000000e+02 5.034369253303918462e-02
3.075000000000000000e+02 5.243074404890214757e-02
3.100000000000000000e+02 5.252824473750013906e-02
3.125000000000000000e+02 5.187955601618907120e-02
3.150000000000000000e+02 5.157215767915884069e-02
3.175000000000000000e+02 5.091231572082173529e-02
3.200000000000000000e+02 5.045829776243249132e-02
3.225000000000000000e+02 5.078782484054243651e-02
3.250000000000000000e+02 5.089943036897021100e-02
3.275000000000000000e+02 5.073466305546432686e-02
3.300000000000000000e+02 4.960470407710815266e-02
3.325000000000000000e+02 4.672021316932482848e-02
3.350000000000000000e+02 4.444567602173935678e-02
3.375000000000000000e+02 4.342613585769271312e-02
3.400000000000000000e+02 4.233403352712033357e-02
3.425000000000000000e+02 4.097538011016532700e-02
3.450000000000000000e+02 3.890704047274546468e-02
3.475000000000000000e+02 3.698613973270586247e-02
3.500000000000000000e+02 3.632907494101114687e-02
3.525000000000000000e+02 3.719878633811141838e-02
3.550000000000000000e+02 3.956556343465890413e-02
3.575000000000000000e+02 4.163683050495250310e-02
3.600000000000000000e+02 4.250485550763218739e-02
3.625000000000000000e+02 4.415827205896348528e-02
3.650000000000000000e+02 4.598916331234651628e-02
3.675000000000000000e+02 4.527697871507516819e-02
3.700000000000000000e+02 4.254963343175500318e-02
3.725000000000000000e+02 4.079084430069460782e-02
3.750000000000000000e+02 4.016770105334642460e-02
3.775000000000000000e+02 4.037185291799246650e-02
3.800000000000000000e+02 4.179069933560673744e-02
3.825000000000000000e+02 4.426032031326226912e-02
3.850000000000000000e+02 4.667180394845937136e-02
3.875000000000000000e+02 4.813731430868674332e-02
3.900000000000000000e+02 4.932277215498809958e-02
3.925000000000000000e+02 5.197758465040248910e-02
3.950000000000000000e+02 5.564238640961276933e-02
3.975000000000000000e+02 5.696433022957433229e-02
4.000000000000000000e+02 5.440306474336218528e-02
4.025000000000000000e+02 5.084612159471788712e-02
4.050000000000000000e+02 4.989258298306942230e-02
4.075000000000000000e+02 5.079281794238071218e-02
4.100000000000000000e+02 5.164314283156775515e-02
4.125000000000000000e+02 5.219920198794315847e-02
4.150000000000000000e+02 5.202434365019609902e-02
4.175000000000000000e+02 5.215336026489315185e-02
4.200000000000000000e+02 5.339563410652345410e-02
4.225000000000000000e+02 5.437850970791388572e-02
4.250000000000000000e+02 5.480990307145311435e-02
4.275000000000000000e+02 5.454981589715904300e-02
4.300000000000000000e+02 5.459965474868467422e-02
4.325000000000000000e+02 5.438245610457588530e-02
4.350000000000000000e+02 5.450420636716703238e-02
4.375000000000000000e+02 5.509121264833363035e-02
4.400000000000000000e+02 5.670072743968757739e-02
4.425000000000000000e+02 5.655965036335236507e-02
4.450000000000000000e+02 5.603346366842039405e-02
4.475000000000000000e+02 5.236404722479746227e-02
4.500000000000000000e+02 5.082125993145265863e-02
4.525000000000000000e+02 4.764790509418377618e-02
4.550000000000000000e+02 4.774762358010035262e-02
4.575000000000000000e+02 4.551446546438608909e-02
4.600000000000000000e+02 4.516545997861082240e-02
4.625000000000000000e+02 4.181238451192657857e-02
4.650000000000000000e+02 4.095285000179475776e-02
4.675000000000000000e+02 3.731421597140134605e-02
4.700000000000000000e+02 3.684095561148367781e-02
4.725000000000000000e+02 3.288225216536883738e-02
4.750000000000000000e+02 3.321489470675471900e-02
4.775000000000000000e+02 2.908894359788408504e-02
4.800000000000000000e+02 2.943993117137732110e-02
4.825000000000000000e+02 2.453248704064632871e-02
4.850000000000000000e+02 2.618992193342709399e-02
4.875000000000000000e+02 2.093313931133152991e-02
4.900000000000000000e+02 2.348018872019501727e-02
4.925000000000000000e+02 1.719657895499656503e-02
4.950000000000000000e+02 2.037545087073134795e-02
4.975000000000000000e+02 1.310907973403334197e-02
5.000000000000000000e+02 1.873748855423326351e-02
5.025000000000000000e+02 1.056638001143656198e-02
5.050000000000000000e+02 1.702901374178692612e-02
5.075000000000000000e+02 6.100209781853630116e-03
5.100000000000000000e+02 1.512157410479161336e-02
5.125000000000000000e+02 8.123565908594748176e-04
5.150000000000000000e+02 1.460222885461900759e-02
5.175000000000000000e+02 -4.679717588343097236e-03
5.200000000000000000e+02 1.640477697910582705e-02
5.225000000000000000e+02 -1.111970405675330627e-02
5.250000000000000000e+02 2.044461028286162149e-02
5.275000000000000000e+02 -1.904504579326769462e-02
5.300000000000000000e+02 2.713028879148526168e-02
5.325000000000000000e+02 -2.861726789068193624e-02
5.350000000000000000e+02 3.656821221563593544e-02
5.375000000000000000e+02 -4.005254938048046637e-02
5.400000000000000000e+02 4.811611743354377718e-02
5.425000000000000000e+02 -5.328812161183754670e-02
5.450000000000000000e+02 6.157333701550081473e-02
5.475000000000000000e+02 -6.793861233844319947e-02
5.500000000000000000e+02 7.638182100996109003e-02
5.525000000000000000e+02 -8.355623025436462181e-02
5.550000000000000000e+02 9.181461017741733566e-02
5.575000000000000000e+02 -9.966791134077575276e-02
5.600000000000000000e+02 1.073398783603003448e-01
5.625000000000000000e+02 -1.154832710681227836e-01
5.650000000000000000e+02 1.224007780687339231e-01
5.675000000000000000e+02 -1.301126555878190649e-01
5.700000000000000000e+02 1.363032225899606376e-01
5.725000000000000000e+02 -1.434120207312811479e-01
5.750000000000000000e+02 1.487041774323279997e-01
5.775000000000000000e+02 -1.554159247456800841e-01
5.800000000000000000e+02 1.600546707337408558e-01
5.825000000000000000e+02 -1.663412610663242697e-01
5.850000000000000000e+02 1.709024955893318765e-01
5.875000000000000000e+02 -1.768973762327700205e-01
5.900000000000000000e+02 1.816142579230012322e-01
5.925000000000000000e+02 -1.875501885582386008e-01
5.950000000000000000e+02 1.925969724919321113e-01
5.975000000000000000e+02 -1.985435171185253311e-01
6.000000000000000000e+02 2.039961720483477181e-01
6.025000000000000000e+02 -2.100789721984441250e-01
6.050000000000000000e+02 2.159117659676250689e-01
6.075000000000000000e+02 -2.222318511989542777e-01
6.100000000000000000e+02 2.284348726911087923e-01
6.125000000000000000e+02 -2.350406853493659798e-01
6.150000000000000000e+02 2.416180625800165849e-01
6.175000000000000000e+02 -2.485381610391558804e-01
6.200000000000000000e+02 2.554997676661688311e-01
6.225000000000000000e+02 -2.627557544894102981e-01
6.250000000000000000e+02 2.701154214218368099e-01
6.275000000000000000e+02 -2.777252376215829099e-01
6.300000000000000000e+02 2.855009339283735570e-01
6.325000000000000000e+02 -2.934812029698286584e-01
6.350000000000000000e+02 3.016968802174114783e-01
6.375000000000000000e+02 -3.100670261786469539e-01
6.400000000000000000e+02 3.187129892122517738e-01
6.425000000000000000e+02 -3.277494987164428220e-01
6.450000000000000000e+02 3.348862427919652163e-01
6.475000000000000000e+02 -3.445163681002750833e-01
6.500000000000000000e+02 3.398203287821074392e-01
6.525000000000000000e+02 -3.436424575083803501e-01
6.550000000000000000e+02 3.328779107914386914e-01
6.575000000000000000e+02 -3.182178247336554522e-01
6.600000000000000000e+02 3.115409281509089467e-01
6.625000000000000000e+02 -3.000681481669817408e-01
6.650000000000000000e+02 2.915817084687114535e-01
6.675000000000000000e+02 -2.808931117975885794e-01
6.700000000000000000e+02 2.712824938110752759e-01
6.725000000000000000e+02 -2.615651417000178780e-01
6.750000000000000000e+02 2.517158813075867085e-01
6.775000000000000000e+02 -2.420961680581230624e-01
6.800000000000000000e+02 2.327637894346492320e-01
6.825000000000000000e+02 -2.226977529963851676e-01
6.850000000000000000e+02 2.133345210709805262e-01
6.875000000000000000e+02 -2.035073768381937265e-01
6.900000000000000000e+02 1.934416020623064558e-01
6.925000000000000000e+02 -1.838991070123383031e-01
6.950000000000000000e+02 1.736760481932038414e-01
6.975000000000000000e+02 -1.634495501080012181e-01
7.000000000000000000e+02 1.539013470480913304e-01
7.025000000000000000e+02 -1.427075753788727974e-01
7.050000000000000000e+02 1.334485359521164205e-01
7.075000000000000000e+02 -1.223850862624153851e-01
7.100000000000000000e+02 1.121127532608320737e-01
7.125000000000000000e+02 -1.022328264327480724e-01
7.150000000000000000e+02 9.054217002925991908e-02
7.175000000000000000e+02 -8.125307115789763557e-02
7.200000000000000000e+02 6.936108937510418460e-02
7.225000000000000000e+02 -5.899041049625104727e-02
7.250000000000000000e+02 4.835424330640179097e-02
7.275000000000000000e+02 -3.596536612381424913e-02
7.300000000000000000e+02 2.657378373888647990e-02
7.325000000000000000e+02 -1.321490840618785682e-02
7.350000000000000000e+02 2.935715782026629850e-03
7.375000000000000000e+02 8.892363971358186944e-03
7.400000000000000000e+02 -2.190081989999967740e-02
7.425000000000000000e+02 3.172669200515620958e-02
7.450000000000000000e+02 -4.839121907265948874e-02
7.475000000000000000e+02 5.501337041137564776e-02
7.500000000000000000e+02 -4.891021720986079430e-02
7.525000000000000000e+02 4.674860678055701296e-02
7.550000000000000000e+02 -3.737285835717905208e-02
7.575000000000000000e+02 2.941434102997655606e-02
7.600000000000000000e+02 -2.155978275421828114e-02
7.625000000000000000e+02 1.355477669678346875e-02
7.650000000000000000e+02 -5.777435988622199765e-03
7.675000000000000000e+02 -2.035918140964634773e-03
7.700000000000000000e+02 9.673859668893248012e-03
7.725000000000000000e+02 -1.734132338445424498e-02
7.750000000000000000e+02 2.483222508492883424e-02
7.775000000000000000e+02 -3.234927730525012646e-02
7.800000000000000000e+02 3.969887843915996528e-02
7.825000000000000000e+02 -4.706376932366250487e-02
7.850000000000000000e+02 5.427560371088203939e-02
7.875000000000000000e+02 -6.148731022914728089e-02
7.900000000000000000e+02 6.856461200757504870e-02
7.925000000000000000e+02 -7.562305814660598424e-02
7.950000000000000000e+02 8.256878441209744568e-02
7.975000000000000000e+02 -8.947495254779531948e-02
8.000000000000000000e+02 9.629205413938224378e-02
8.025000000000000000e+02 -1.030475484899819744e-01
8.050000000000000000e+02 1.097389114777787417e-01
8.075000000000000000e+02 -1.163455526607348328e-01
8.100000000000000000e+02 1.229139444471505777e-01
8.125000000000000000e+02 -1.293735712003014071e-01
8.150000000000000000e+02 1.358215202315201930e-01
8.175000000000000000e+02 -1.421359695918411603e-01
8.200000000000000000e+02 1.484657052784437159e-01
8.225000000000000000e+02 -1.546368555255117350e-01
8.250000000000000000e+02 1.608503701023450971e-01
8.275000000000000000e+02 -1.668801244143422735e-01
8.300000000000000000e+02 1.729791946076158771e-01
8.325000000000000000e+02 -1.788694507569402736e-01
8.350000000000000000e+02 1.848557104122231509e-01
8.375000000000000000e+02 -1.906083744506641420e-01
8.400000000000000000e+02 1.964833682536026027e-01
8.425000000000000000e+02 -2.021003576138025171e-01
8.450000000000000000e+02 2.078655697549778303e-01
8.475000000000000000e+02 -2.133487120640880919e-01
8.500000000000000000e+02 2.190055396364655738e-01
8.525000000000000000e+02 -2.243565661368947528e-01
8.550000000000000000e+02 2.299064568332037373e-01
8.575000000000000000e+02 -2.351270071043486676e-01
8.600000000000000000e+02 2.405714121770146374e-01
8.625000000000000000e+02 -2.456629691084632194e-01
8.650000000000000000e+02 2.510033901380926968e-01
8.675000000000000000e+02 -2.559672560678085684e-01
8.700000000000000000e+02 2.612051440260054758e-01
8.725000000000000000e+02 -2.660423832724366222e-01
8.750000000000000000e+02 2.711793549110122492e-01
8.775000000000000000e+02 -2.758908846786469748e-01
8.800000000000000000e+02 2.809285625078329907e-01
8.825000000000000000e+02 -2.855149706643543839e-01
8.850000000000000000e+02 2.904550421757320366e-01
8.875000000000000000e+02 -2.949167026240782086e-01
8.900000000000000000e+02 2.997608409068765467e-01
8.925000000000000000e+02 -3.040979002609742743e-01
8.950000000000000000e+02 3.088478160868629585e-01
8.975000000000000000e+02 -3.130602126892548243e-01
9.000000000000000000e+02 3.177175124189352551e-01
9.025000000000000000e+02 -3.218050399468146971e-01
9.050000000000000000e+02 3.263712506698289717e-01
9.075000000000000000e+02 -3.303335342327967106e-01
9.100000000000000000e+02 3.348099626282836083e-01
9.125000000000000000e+02 -3.386466225447847811e-01
9.150000000000000000e+02 3.430343682496292401e-01
9.175000000000000000e+02 -3.467449106229035793e-01
9.200000000000000000e+02 3.510447416192088443e-01
9.225000000000000000e+02 -3.546287353914277518e-01
9.250000000000000000e+02 3.588410944363726873e-01
9.275000000000000000e+02 -3.622981501321514419e-01
9.300000000000000000e+02 3.664230024870703262e-01
9.325000000000000000e+02 -3.697528248337114687e-01
9.350000000000000000e+02 3.737897325134501014e-01
9.375000000000000000e+02 -3.769921532273662890e-01
9.400000000000000000e+02 3.809401485403897114e-01
9.425000000000000000e+02 -3.840151546407215011e-01
9.450000000000000000e+02 3.878727518762175031e-01
9.475000000000000000e+02 -3.908204555346189157e-01
9.500000000000000000e+02 3.945857105686251254e-01
9.525000000000000000e+02 -3.974063257926377934e-01
9.550000000000000000e+02 4.010768050323290090e-01
9.575000000000000000e+02 -4.037706468092532308e-01
9.600000000000000000e+02 4.073434559623804740e-01
9.625000000000000000e+02 -4.099108788456325980e-01
9.650000000000000000e+02 4.133828005245798742e-01
9.675000000000000000e+02 -4.158240791550061322e-01
9.700000000000000000e+02 4.191916020695902190e-01
9.725000000000000000e+02 -4.215069489972245176e-01
9.750000000000000000e+02 4.247662978928387068e-01
9.775000000000000000e+02 -4.269557508951453140e-01
9.800000000000000000e+02 4.301030900328765005e-01
9.825000000000000000e+02 -4.321663926093662900e-01
9.850000000000000000e+02 4.351977970140089025e-01
9.875000000000000000e+02 -4.371343811713441219e-01
9.900000000000000000e+02 4.400461204770704793e-01
9.925000000000000000e+02 -4.418541666045853744e-01
9.950000000000000000e+02 4.446240592712630835e-01
9.975000000000000000e+02 -4.465589970797966268e-01
1.000000000000000000e+03 -4.481797933607852280e-01
