 z uu uv uw vv vw ww tke
0.000000000000000000e+00 2.872731601513442076e-02 1.929789924202468185e-02 -6.534033747052597521e-06 2.245741180836494447e-02 6.363260021487310179e-06 3.992565849450463768e-06 2.559436019467440857e-02
2.500000000000000000e+00 4.727417040118618574e-02 3.460875770619344788e-02 -1.014569328933571674e-03 3.818084214912791791e-02 -8.964595612829656928e-04 1.860760307245473352e-04 4.282054429051931899e-02
5.000000000000000000e+00 6.125308452910685486e-02 4.531006293613908803e-02 -2.605509973554769130e-03 4.969910947367697784e-02 -2.275891215122277135e-03 8.156355667368718346e-04 5.588391478476035373e-02
7.500000000000000000e+00 7.371418118247707874e-02 5.366510587446415154e-02 -4.179954016133105750e-03 5.880403632443859802e-02 -3.583864383518560633e-03 1.613218975064444364e-03 6.706571824099005763e-02
1.000000000000000000e+01 8.305750911853332363e-02 5.896009894449304872e-02 -5.738562065935755990e-03 6.471707854015706918e-02 -4.807804022029568865e-03 2.559728959880205098e-03 7.516715830928530351e-02
1.250000000000000000e+01 8.921388413570813247e-02 6.142183899367616162e-02 -7.073603226365224664e-03 6.758903570444348141e-02 -5.745921174127289165e-03 3.528274743406350014e-03 8.016559729177898108e-02
1.500000000000000000e+01 9.309152476623187844e-02 6.201306782436419307e-02 -8.224754023504329478e-03 6.850144273503296077e-02 -6.434569080301477499e-03 4.545064715832779906e-03 8.306901610854880436e-02
1.750000000000000000e+01 9.564390811397761871e-02 6.157968524766653517e-02 -9.161558645277042071e-03 6.828462252716406555e-02 -6.878964556151727534e-03 5.546082639378915186e-03 8.473730664026030146e-02
2.000000000000000000e+01 9.735898968679065901e-02 6.053028467575289479e-02 -9.929620386359881701e-03 6.739291089818359726e-02 -7.163528196630459914e-03 6.514644143321819680e-03 8.563327236414802757e-02
2.250000000000000000e+01 9.829234481970224035e-02 5.897468290692105264e-02 -1.053678042241977357e-02 6.601485669684177549e-02 -7.317000094562332510e-03 7.410468377600738787e-03 8.585883494707237384e-02
2.500000000000000000e+01 9.844215588510035753e-02 5.700443708084229621e-02 -1.100940929664863920e-02 6.427314596945490899e-02 -7.374524109964383442e-03 8.222027304694906266e-03 8.546866457962508379e-02
2.750000000000000000e+01 9.777346778656620385e-02 5.466606326558898221e-02 -1.136736912585064631e-02 6.220089534479537885e-02 -7.353682564017341786e-03 8.927767084302403247e-03 8.445106510783199905e-02
3.000000000000000000e+01 9.628506718597357183e-02 5.200879325216464788e-02 -1.163047377592971512e-02 5.983885779576851582e-02 -7.275874635482876274e-03 9.526384774253569832e-03 8.282515487799783915e-02
3.250000000000000000e+01 9.424120513790659737e-02 4.921489788970727364e-02 -1.181016868212591761e-02 5.733387750198724875e-02 -7.154805766748693376e-03 1.001379704028795316e-02 8.079443984009089530e-02
3.500000000000000000e+01 9.188365934363174059e-02 4.640840929340861454e-02 -1.192514540807682565e-02 5.481991891823576046e-02 -7.008043292245826755e-03 1.039964078554189882e-02 7.855160952370469907e-02
3.750000000000000000e+01 8.938527231918097504e-02 4.361226618052264914e-02 -1.198967450512095079e-02 5.230915547048718695e-02 -6.840079088604271267e-03 1.070483225783928384e-02 7.619963002375372552e-02
4.000000000000000000e+01 8.687379905635403410e-02 4.089053023123844638e-02 -1.201318036895717041e-02 4.980660972856765234e-02 -6.652714856345246994e-03 1.094842427026081894e-02 7.381441652759125616e-02
4.250000000000000000e+01 8.445672606096378543e-02 3.830661485491280299e-02 -1.199927512753822673e-02 4.739640545485380996e-02 -6.448678029896104044e-03 1.112375979402630694e-02 7.148844565492194769e-02
4.500000000000000000e+01 8.219615156618255425e-02 3.592099636291342518e-02 -1.195771781162337753e-02 4.522524007902845034e-02 -6.236335433670252455e-03 1.123011053701288009e-02 6.932575109111194234e-02
4.750000000000000000e+01 8.011784154038552319e-02 3.378971354836244473e-02 -1.189912525371289095e-02 4.331249411397394833e-02 -6.025691535967768117e-03 1.128205259768728236e-02 6.735619412602338041e-02
5.000000000000000000e+01 7.815004408875941833e-02 3.188598202373368884e-02 -1.182255924916088101e-02 4.157764607575765992e-02 -5.817910413080678092e-03 1.129949771984873827e-02 6.551359394218290999e-02
5.250000000000000000e+01 7.621928175715117493e-02 3.011969650178092373e-02 -1.172504996265588510e-02 3.996316833661986423e-02 -5.606389149321869790e-03 1.128873866643955413e-02 6.373559438010530098e-02
5.500000000000000000e+01 7.433756878734172624e-02 2.844883493562174251e-02 -1.161531850150730738e-02 3.844693379167559572e-02 -5.395644229330339228e-03 1.125269695570098837e-02 6.201859976735914909e-02
5.750000000000000000e+01 7.247979430509814136e-02 2.687251123899193905e-02 -1.149457414009599603e-02 3.701899265524993127e-02 -5.186623431225268616e-03 1.120814583951579638e-02 6.035346639993192930e-02
6.000000000000000000e+01 7.063794330549272305e-02 2.542930845040756657e-02 -1.136613205107027402e-02 3.570150993557834329e-02 -4.980004907154406829e-03 1.116418473985928209e-02 5.875181899046517248e-02
6.250000000000000000e+01 6.890725000831285363e-02 2.419022483576882890e-02 -1.123263006683239765e-02 3.455290974350706118e-02 -4.777435534025678728e-03 1.111132917100748387e-02 5.728574446141369847e-02
6.500000000000000000e+01 6.730449295479495886e-02 2.311590614951776826e-02 -1.108919041964640147e-02 3.355541312698162582e-02 -4.576215484686057579e-03 1.104523501091877503e-02 5.595257054634768246e-02
6.750000000000000000e+01 6.575263985465400196e-02 2.213298074153814687e-02 -1.094122464572542044e-02 3.265131039662030193e-02 -4.379226193902985634e-03 1.096499983826251107e-02 5.468447504476840748e-02
7.000000000000000000e+01 6.420590092034339502e-02 2.118790511950123523e-02 -1.079357008408246728e-02 3.178751241248553572e-02 -4.189989612871120907e-03 1.087728617280497509e-02 5.343534975281695465e-02
7.250000000000000000e+01 6.274316122779502458e-02 2.021999301113160466e-02 -1.064748145603654564e-02 3.090851485468663201e-02 -4.008787282440124874e-03 1.079009522239752356e-02 5.222088565243958314e-02
7.500000000000000000e+01 6.134227788988906582e-02 1.922832097450020289e-02 -1.050318321595079644e-02 3.003258193232599682e-02 -3.831552755876305779e-03 1.070255511807099470e-02 5.103870747014303128e-02
7.750000000000000000e+01 5.992548572195031259e-02 1.827785626201402711e-02 -1.035870566812272485e-02 2.922042557525809242e-02 -3.657183368992291198e-03 1.062318704283241565e-02 4.988454917002040773e-02
8.000000000000000000e+01 5.853275638768237754e-02 1.742973096814294173e-02 -1.020943778522695640e-02 2.849693930016857640e-02 -3.487617858162033770e-03 1.055499301778384941e-02 4.879234435281740168e-02
8.250000000000000000e+01 5.718698689436817889e-02 1.670328027911965191e-02 -1.005388737473507377e-02 2.782711655940122916e-02 -3.321210265330280104e-03 1.049596381103708523e-02 4.775503363240324317e-02
8.500000000000000000e+01 5.587072892901682325e-02 1.604248095503490665e-02 -9.897953271915975113e-03 2.718954699113089804e-02 -3.157375821966964570e-03 1.043880944736193250e-02 4.674954268375482863e-02
8.750000000000000000e+01 5.451831265536227766e-02 1.535863864182292898e-02 -9.745067933084943998e-03 2.655568962701992594e-02 -2.999283274067835858e-03 1.037870816384554862e-02 4.572635522311387785e-02
9.000000000000000000e+01 5.310379225959777766e-02 1.467191462408032158e-02 -9.596025511201667149e-03 2.593509579820103134e-02 -2.849814714266862229e-03 1.031683543405612948e-02 4.467786174592747184e-02
9.250000000000000000e+01 5.165275752266238612e-02 1.399802920789802035e-02 -9.448766103811805442e-03 2.532456728832367665e-02 -2.707499495093699908e-03 1.025434447687466680e-02 4.361583464393036652e-02
9.500000000000000000e+01 5.017918299666449672e-02 1.332604172938602061e-02 -9.299140409242678817e-03 2.474053325902444631e-02 -2.569626431798531594e-03 1.018410182036865938e-02 4.255190903802880120e-02
9.750000000000000000e+01 4.869299369678816575e-02 1.264307259663235983e-02 -9.148207765647922013e-03 2.417065490461865404e-02 -2.435420376560999602e-03 1.010180936063409182e-02 4.148272898102045581e-02
1.000000000000000000e+02 4.720488136256682093e-02 1.194271503192569778e-02 -8.996348827759081263e-03 2.360817326687152801e-02 -2.305745712928450319e-03 1.001146482876879261e-02 4.041225972910356817e-02
1.025000000000000000e+02 4.577209583759673378e-02 1.128814793287418253e-02 -8.845694192997783853e-03 2.307017793906048636e-02 -2.182294045396253584e-03 9.919108055079036215e-03 3.938069091586812731e-02
1.050000000000000000e+02 4.441504609634860934e-02 1.071991912025204059e-02 -8.694493975777062636e-03 2.257310394486421526e-02 -2.063205157519665094e-03 9.829602577714535716e-03 3.840887630946367842e-02
1.075000000000000000e+02 4.314054926572722520e-02 1.021039741529364449e-02 -8.545505992484582480e-03 2.211214044565599710e-02 -1.947978804656097995e-03 9.745538889651766956e-03 3.749911430051749289e-02
1.100000000000000000e+02 4.197882204839492593e-02 9.717620977845880387e-03 -8.398404628136379654e-03 2.165789245353132858e-02 -1.836783408725368256e-03 9.667527413752768570e-03 3.665212095783951241e-02
1.125000000000000000e+02 4.096285294260326726e-02 9.242961113095783665e-03 -8.253628255916488354e-03 2.119136659820399296e-02 -1.727768396683065704e-03 9.598105966808316569e-03 3.587616275380778319e-02
1.150000000000000000e+02 4.007031128597036279e-02 8.796747577209928018e-03 -8.110693543613319706e-03 2.071544021758419535e-02 -1.621002635697425765e-03 9.530707993788467558e-03 3.515822974867151285e-02
1.175000000000000000e+02 3.918779842607555269e-02 8.375654068532450286e-03 -7.968393607588287672e-03 2.026494075647964840e-02 -1.517151385008923400e-03 9.460327250772787230e-03 3.445653321666398983e-02
1.200000000000000000e+02 3.825047031846830203e-02 7.959216762893118330e-03 -7.826281782952842353e-03 1.986175442674113431e-02 -1.415532831691553462e-03 9.392214890287608683e-03 3.375221981774852165e-02
1.225000000000000000e+02 3.727621277813684963e-02 7.537583016650073291e-03 -7.685533059310083355e-03 1.946801511680174360e-02 -1.317634569003292870e-03 9.326191375427421090e-03 3.303520963518300629e-02
1.250000000000000000e+02 3.629979146703186943e-02 7.113657805765852271e-03 -7.547191464611904474e-03 1.906215929013071325e-02 -1.222243258425389188e-03 9.255821962297541144e-03 3.230888635973006018e-02
1.275000000000000000e+02 3.537461495965003172e-02 6.735340190786388674e-03 -7.408438628665694851e-03 1.867348647144792539e-02 -1.128451865551585416e-03 9.174865864257383472e-03 3.161148364767767116e-02
1.300000000000000000e+02 3.453874126984622650e-02 6.430834241471731355e-03 -7.270149782307828816e-03 1.830561314033269868e-02 -1.037734644889110871e-03 9.081818816266230138e-03 3.096308661322257766e-02
1.325000000000000000e+02 3.376721312544261194e-02 6.150714495793282131e-03 -7.131793155770920455e-03 1.793183408327394396e-02 -9.529530926732245446e-04 8.981465849673405527e-03 3.034025652919498245e-02
1.350000000000000000e+02 3.298891030393662910e-02 5.851500916492469520e-03 -6.993409596335652643e-03 1.754017072747988612e-02 -8.742590926093601281e-04 8.875732732614424747e-03 2.970240688201546825e-02
1.375000000000000000e+02 3.216977807872139355e-02 5.534774963093905091e-03 -6.857045189724903303e-03 1.715674629543313331e-02 -7.999212554465301266e-04 8.764930061428321401e-03 2.904572721779142414e-02
1.400000000000000000e+02 3.133147819309931720e-02 5.217183198978766860e-03 -6.723977420739440589e-03 1.679104731924146998e-02 -7.281751316569098345e-04 8.649848583754095321e-03 2.838618704804744125e-02
1.425000000000000000e+02 3.050923361871430220e-02 4.921709468724815711e-03 -6.592452057779283475e-03 1.643423007852192266e-02 -6.600725720241709150e-04 8.532016518869962526e-03 2.773774010805309456e-02
1.450000000000000000e+02 2.968487816818360034e-02 4.617453251738703329e-03 -6.461156745818327253e-03 1.608367333965006474e-02 -5.943507401705279500e-04 8.414536626136720834e-03 2.709154406698519382e-02
1.475000000000000000e+02 2.883736349222219830e-02 4.287272961490622321e-03 -6.331051166185051697e-03 1.578076176995803909e-02 -5.298958798917075171e-04 8.299125071910176676e-03 2.645862516704520703e-02
1.500000000000000000e+02 2.800065990686993744e-02 3.977249879602602969e-03 -6.201505255022349110e-03 1.553309204296758790e-02 -4.677649735772614146e-04 8.186777185853783001e-03 2.586026456784565331e-02
1.525000000000000000e+02 2.722588836971495327e-02 3.692501600481749337e-03 -6.074362539436281919e-03 1.526715367655049303e-02 -4.089436765886726656e-04 8.079876072827120795e-03 2.528645905954628181e-02
1.550000000000000000e+02 2.654896118234939192e-02 3.439229036242950725e-03 -5.951286184625003729e-03 1.497434211340504390e-02 -3.530821692637744970e-04 7.978084327091076317e-03 2.475069381142275260e-02
1.575000000000000000e+02 2.593680150721116434e-02 3.244991326457420579e-03 -5.829954257430068620e-03 1.467973689738981055e-02 -2.991096897326239734e-04 7.879130991335745945e-03 2.424783469796835955e-02
1.600000000000000000e+02 2.532977719093374575e-02 3.102247942731705451e-03 -5.711258047597384674e-03 1.438972476230394523e-02 -2.481546918349719025e-04 7.780121149995946304e-03 2.374981155161681734e-02
1.625000000000000000e+02 2.471206817332726596e-02 2.973673961180161533e-03 -5.595313828091381253e-03 1.412698846155930645e-02 -1.992663327069453267e-04 7.679846592303410033e-03 2.325945161359499122e-02
1.650000000000000000e+02 2.411214157305210590e-02 2.841153616904261089e-03 -5.481776785632279554e-03 1.388575685033486933e-02 -1.520930973064323164e-04 7.579716724169110326e-03 2.278880757377804017e-02
1.675000000000000000e+02 2.352980709827019387e-02 2.700139154412407611e-03 -5.369476464666367646e-03 1.364817701956596956e-02 -1.080328657722886843e-04 7.481158948603622641e-03 2.232957153321989130e-02
1.700000000000000000e+02 2.296512277593564660e-02 2.571294832468103142e-03 -5.258653330759503405e-03 1.343064999381379104e-02 -6.693718078687678800e-05 7.386940577185093816e-03 2.189135667346726530e-02
1.725000000000000000e+02 2.243514049305176880e-02 2.457884809784045832e-03 -5.149898777298025400e-03 1.322697438988683187e-02 -2.749582073752614592e-05 7.297552463239907056e-03 2.147983367308925473e-02
1.750000000000000000e+02 2.193498609976321165e-02 2.328851122150803633e-03 -5.043286157951539991e-03 1.302105052760401532e-02 1.076450618712762131e-05 7.210511003074667434e-03 2.108327381522094590e-02
1.775000000000000000e+02 2.147684698727554686e-02 2.199546468723941745e-03 -4.940497120719852808e-03 1.281965407118242951e-02 4.628761114177679879e-05 7.124424757389531161e-03 2.071046290792375247e-02
1.800000000000000000e+02 2.103448133558594516e-02 2.106834784935269263e-03 -4.840645967295447924e-03 1.262458635984930848e-02 7.874093106954578418e-05 7.039436643990724073e-03 2.034925216971298842e-02
1.825000000000000000e+02 2.056226775484279110e-02 2.026610400291651692e-03 -4.744184941891013349e-03 1.240991984166616054e-02 1.087972778998735728e-04 6.955847095928200524e-03 1.996401734621857521e-02
1.850000000000000000e+02 2.006286365024675250e-02 1.925207676482719845e-03 -4.652804369723694336e-03 1.216386915873879891e-02 1.363978516390782847e-04 6.872519379589931213e-03 1.954962609428774131e-02
1.875000000000000000e+02 1.958521482119235380e-02 1.796724546347051995e-03 -4.565856859602030263e-03 1.191314703150580558e-02 1.633886257889204270e-04 6.789057214496642921e-03 1.914370953359740071e-02
1.900000000000000000e+02 1.915688161270472437e-02 1.657309984114826995e-03 -4.482705436126601869e-03 1.167287249110422580e-02 1.898799798717727000e-04 6.706375326056726420e-03 1.876806471493283612e-02
1.925000000000000000e+02 1.878970223580384014e-02 1.544278782069944018e-03 -4.402858495834474119e-03 1.146614844365479065e-02 2.153149022444211889e-04 6.626642203827521130e-03 1.844124644164307422e-02
1.950000000000000000e+02 1.847068625468746214e-02 1.474485213034765164e-03 -4.327702551955546484e-03 1.130245521271490243e-02 2.390000793199317352e-04 6.551647777317620713e-03 1.816239462235999177e-02
1.975000000000000000e+02 1.814860475806262183e-02 1.411492773249046909e-03 -4.255862485377050197e-03 1.116016371969301771e-02 2.614508961338990055e-04 6.481291733128401004e-03 1.789503010544201897e-02
2.000000000000000000e+02 1.782608564315496871e-02 1.318635234936572443e-03 -4.187668527835261036e-03 1.102751060117346249e-02 2.825208221653298748e-04 6.414238184369611649e-03 1.763391721434902012e-02
2.025000000000000000e+02 1.751946077617979117e-02 1.193881164401867055e-03 -4.123372119751937681e-03 1.090801351430083568e-02 3.023262022329705552e-04 6.348461866772733136e-03 1.738796807862667826e-02
2.050000000000000000e+02 1.723344530010664788e-02 1.055134108098876745e-03 -4.061900990726667604e-03 1.079913499763899068e-02 3.214750279666136654e-04 6.282740352549617303e-03 1.715766032514762923e-02
2.075000000000000000e+02 1.697095250286682899e-02 9.164462999530059153e-04 -4.002911330222554652e-03 1.068519448481009167e-02 3.394199986507971320e-04 6.217105931619782734e-03 1.693662645964835040e-02
2.100000000000000000e+02 1.671742377145933947e-02 7.861013488799271053e-04 -3.945545841669770293e-03 1.057238338862319729e-02 3.579883499509968394e-04 6.151606595062308024e-03 1.672070687757242283e-02
2.125000000000000000e+02 1.643332702953218677e-02 6.711082897437195896e-04 -3.890698915778618028e-03 1.048058926142833060e-02 3.762847031312765685e-04 6.087861509481705923e-03 1.650088890022111121e-02
2.150000000000000000e+02 1.611935909895651983e-02 5.836460902259620661e-04 -3.839585916847135499e-03 1.041351184887620400e-02 3.928353379620482823e-04 6.028457535533653967e-03 1.628066424168318760e-02
2.175000000000000000e+02 1.582501976534764904e-02 5.261605255570299877e-04 -3.792837786250660790e-03 1.034001870892907113e-02 4.071976872053874688e-04 5.974554753125717148e-03 1.606979661370121909e-02
2.200000000000000000e+02 1.558710249846892264e-02 5.024259380062989647e-04 -3.749692711861705215e-03 1.024932178483121785e-02 4.193502659704224185e-04 5.926768840360639376e-03 1.588159656183038906e-02
2.225000000000000000e+02 1.540662222392799423e-02 5.067930455743995715e-04 -3.707883936008864526e-03 1.014702190105748643e-02 4.308459264528718968e-04 5.884842927550724967e-03 1.571924352626810281e-02
2.250000000000000000e+02 1.525977724248879855e-02 5.208910274375694663e-04 -3.665921619697203211e-03 1.003276696660792763e-02 4.427766189958472318e-04 5.846027752182873446e-03 1.556928598063980068e-02
2.275000000000000000e+02 1.514496867077121459e-02 5.288379545369615090e-04 -3.624573530477120855e-03 9.913740645529991319e-03 4.550384739935355591e-04 5.807706541179747002e-03 1.543320792874047602e-02
2.300000000000000000e+02 1.504507835145416604e-02 5.276975757483370671e-04 -3.585265581516641504e-03 9.799920075466022479e-03 4.669754185549623978e-04 5.769698350991396725e-03 1.530734838895579132e-02
2.325000000000000000e+02 1.490706765467064016e-02 5.178717349929785234e-04 -3.547551185885640564e-03 9.696322848955664722e-03 4.782502370754371864e-04 5.731776057646058992e-03 1.516758328063618107e-02
2.350000000000000000e+02 1.471579765167657303e-02 4.991672633271703038e-04 -3.511429973555361701e-03 9.579391368542080135e-03 4.886341170262529978e-04 5.696335802264784406e-03 1.499576241124172052e-02
2.375000000000000000e+02 1.449745060845468100e-02 4.668270806073566807e-04 -3.477358137548705336e-03 9.435260871471557245e-03 4.981081127852649958e-04 5.665219452663166483e-03 1.479896546629470323e-02
2.400000000000000000e+02 1.428032231095853824e-02 4.295726460194604465e-04 -3.445211450317454006e-03 9.296626345954923237e-03 5.070391106910416548e-04 5.635690855809198305e-03 1.460631975636133076e-02
2.425000000000000000e+02 1.408256008047079587e-02 4.097953447047416545e-04 -3.413944430197042839e-03 9.190786979043512328e-03 5.159924056426817189e-04 5.606627987191084399e-03 1.443998752335269760e-02
2.450000000000000000e+02 1.390383358309255774e-02 4.111287146068081061e-04 -3.382723304839606922e-03 9.122058790246512922e-03 5.249060549560076320e-04 5.577481288373867772e-03 1.430168683085646965e-02
2.475000000000000000e+02 1.373028798530148697e-02 4.233974394555637885e-04 -3.351974587917515638e-03 9.079095032406893709e-03 5.336531051099835778e-04 5.547044945161313904e-03 1.417821398143484686e-02
2.500000000000000000e+02 1.356083116560098493e-02 4.246809779748710956e-04 -3.322247769588133632e-03 9.039529646869081878e-03 5.415434767282863117e-04 5.515422755528009806e-03 1.405789178399903874e-02
2.525000000000000000e+02 1.338886865671446401e-02 4.056153700116365223e-04 -3.293457416402482442e-03 8.986011799790829396e-03 5.479591023897965006e-04 5.482798087599868864e-03 1.392883927205258027e-02
2.550000000000000000e+02 1.320707209769440144e-02 3.771338847285630167e-04 -3.265501187216637673e-03 8.908077184320017938e-03 5.533313375930057473e-04 5.448644583902652674e-03 1.378189693295853516e-02
2.575000000000000000e+02 1.302964945444753941e-02 3.479307207357356714e-04 -3.238656009955516793e-03 8.810375309091384929e-03 5.576859543463158790e-04 5.412213249648472821e-03 1.362611900659370032e-02
2.600000000000000000e+02 1.288154376675052989e-02 3.274447849579759833e-04 -3.212553793152085179e-03 8.696851548436709475e-03 5.611670020539025151e-04 5.373654612599527806e-03 1.347602496389338315e-02
2.625000000000000000e+02 1.276178746566429024e-02 3.158595941160902403e-04 -3.186794524505899388e-03 8.568827785551085333e-03 5.637803268234823934e-04 5.334654654639509573e-03 1.333263495292744301e-02
2.650000000000000000e+02 1.264917789682270741e-02 2.933569871749570554e-04 -3.160291878062474261e-03 8.443011111931580590e-03 5.660215050032144785e-04 5.296711959424276958e-03 1.319445048408928248e-02
2.675000000000000000e+02 1.254069820167851880e-02 2.508355097476710821e-04 -3.133635796726148663e-03 8.332744638786011501e-03 5.680918765451849119e-04 5.259967692260417334e-03 1.306670526636247338e-02
2.700000000000000000e+02 1.241462002983078315e-02 1.925061616948161225e-04 -3.106981237779709096e-03 8.238169387020918832e-03 5.704561298952490721e-04 5.225172462377705718e-03 1.293898093961470472e-02
2.725000000000000000e+02 1.225781884146692931e-02 1.310045348445045899e-04 -3.079526510019117615e-03 8.163652030997396031e-03 5.731930644123515908e-04 5.192726956213643795e-03 1.280709891433898587e-02
2.750000000000000000e+02 1.210958998760620735e-02 9.907112149728707171e-05 -3.051010946183579670e-03 8.110515279738182703e-03 5.758871698014697300e-04 5.160903635177501413e-03 1.269050445126094703e-02
2.775000000000000000e+02 1.199571280600208664e-02 1.037711208341448747e-04 -3.022116952496478430e-03 8.055735475020031622e-03 5.783910074542809388e-04 5.127536362499097826e-03 1.258949232176060848e-02
2.800000000000000000e+02 1.191164346792827552e-02 1.134600817819103873e-04 -2.993016598573401167e-03 7.988665406943271444e-03 5.810635776113655740e-04 5.092316077786960410e-03 1.249631247632925456e-02
2.825000000000000000e+02 1.183251673284715054e-02 1.000703079728157972e-04 -2.964048769734459274e-03 7.916375111973295020e-03 5.836309336348707161e-04 5.055443629412275514e-03 1.240216773711636140e-02
2.850000000000000000e+02 1.173512903288104203e-02 6.887893718324153436e-05 -2.935195283923929324e-03 7.837037478083360917e-03 5.857805985892061348e-04 5.016112757813064559e-03 1.229413963438873506e-02
2.875000000000000000e+02 1.161189101045749343e-02 3.747697377480587859e-05 -2.906084664468322563e-03 7.743735068960968734e-03 5.879447820392115671e-04 4.973446458761939318e-03 1.216453626909020161e-02
2.900000000000000000e+02 1.144785814209188513e-02 5.947492725974790073e-06 -2.876220323868152861e-03 7.626300195260914128e-03 5.906929846474273703e-04 4.927492404826954407e-03 1.200082537108987726e-02
2.925000000000000000e+02 1.125376083031524692e-02 -3.330582628951450608e-05 -2.845098635575272865e-03 7.484878092322104319e-03 5.942961493193474852e-04 4.879131135493416059e-03 1.180888502906538365e-02
2.950000000000000000e+02 1.106828296034246227e-02 -7.472373824669098833e-05 -2.814261602965296375e-03 7.344567141617980993e-03 5.982557294289550737e-04 4.828831198102376959e-03 1.162084065003140924e-02
2.975000000000000000e+02 1.090636081589256567e-02 -1.126683853419958604e-04 -2.783698256415135901e-03 7.225869244906570933e-03 6.023196407703028431e-04 4.775421891517712264e-03 1.145382597615842400e-02
3.000000000000000000e+02 1.075588596789159128e-02 -1.419137985391362314e-04 -2.753165635784361916e-03 7.128535016858918855e-03 6.061082705405459710e-04 4.719023250681719447e-03 1.130172211771611479e-02
3.025000000000000000e+02 1.060876528017837099e-02 -1.608753401410114062e-04 -2.722023793094159854e-03 7.040278405847265157e-03 6.097997517164894642e-04 4.660835732393203701e-03 1.115493970920941949e-02
3.050000000000000000e+02 1.047446736846200169e-02 -1.714409600491140987e-04 -2.690056810398551348e-03 6.961764533778163656e-03 6.139178276140263126e-04 4.603017436945833728e-03 1.101962466959299954e-02
3.075000000000000000e+02 1.035278470075584774e-02 -1.734374072664619825e-04 -2.657653624799648055e-03 6.903210654603921317e-03 6.178658095903593727e-04 4.546700995021483484e-03 1.090134817519062584e-02
3.100000000000000000e+02 1.023917856778023237e-02 -1.683611116537999579e-04 -2.625054069165423318e-03 6.852897859630073009e-03 6.210284978930867084e-04 4.491501084059903309e-03 1.079178875573510478e-02
3.125000000000000000e+02 1.014333280071730639e-02 -1.624396506315392130e-04 -2.592254832171328374e-03 6.795554289784202368e-03 6.235122343522012762e-04 4.437565358557464187e-03 1.068822622452948734e-02
3.150000000000000000e+02 1.005620523636644413e-02 -1.651869368246314880e-04 -2.558821931506913457e-03 6.721110341104961743e-03 6.254966673855914686e-04 4.385858138523900975e-03 1.058158685799765256e-02
3.175000000000000000e+02 9.951554132340351827e-03 -1.876856108359209777e-04 -2.524558255686749214e-03 6.627088478486386526e-03 6.271272254768656953e-04 4.336744124779933797e-03 1.045769336780333521e-02
3.200000000000000000e+02 9.830948745422934260e-03 -2.287251021393963497e-04 -2.489388176551623946e-03 6.523052890912617655e-03 6.283211926467100437e-04 4.289595775944034066e-03 1.032179870613979429e-02
3.225000000000000000e+02 9.703940192815382892e-03 -2.697323273864722193e-04 -2.453178603755085726e-03 6.419854580928709663e-03 6.291150119824397494e-04 4.243944311669167399e-03 1.018386954270663128e-02
3.250000000000000000e+02 9.570474745039300041e-03 -2.940843787463798113e-04 -2.415969279716356430e-03 6.323867445806259473e-03 6.293042646153458207e-04 4.199345958263108781e-03 1.004684407455433415e-02
3.275000000000000000e+02 9.434282539286164768e-03 -2.978885310856929517e-04 -2.378208977204837593e-03 6.236073574674862348e-03 6.284839699971249329e-04 4.154070020377651981e-03 9.912213067169339115e-03
3.300000000000000000e+02 9.308297862207874640e-03 -2.892615899544098896e-04 -2.339757064787342192e-03 6.145241736352909274e-03 6.266925304864946668e-04 4.106510498817416907e-03 9.780025048689099110e-03
3.325000000000000000e+02 9.198046469708648365e-03 -2.803331049490617711e-04 -2.301091748584645560e-03 6.046492674798190081e-03 6.237835136550030132e-04 4.055869175575782352e-03 9.650204160041310833e-03
3.350000000000000000e+02 9.093928462631342344e-03 -2.729927266345247988e-04 -2.262559871525770313e-03 5.945729140691980059e-03 6.199090062739684090e-04 4.002693593985917619e-03 9.521175598654620445e-03
3.375000000000000000e+02 8.972644588841735894e-03 -2.605657803432476845e-04 -2.223681514476231937e-03 5.842223246327282044e-03 6.155018965890679235e-04 3.947728925330995162e-03 9.381298380250006549e-03
3.400000000000000000e+02 8.826606574804267413e-03 -2.419714150890708675e-04 -2.184674456401138835e-03 5.727163876105478488e-03 6.104378575713561824e-04 3.891782482108045206e-03 9.222776466508895987e-03
3.425000000000000000e+02 8.669210646899542724e-03 -2.209405847040674261e-04 -2.146429101258091800e-03 5.607044104608762021e-03 6.049564608955961291e-04 3.833592573804150277e-03 9.054923662656227945e-03
3.450000000000000000e+02 8.506756569081636715e-03 -1.989173610836905692e-04 -2.108943400691651142e-03 5.497419652564071273e-03 5.990123036429533410e-04 3.772386433449393967e-03 8.888281327547551194e-03
3.475000000000000000e+02 8.337853139570335428e-03 -1.834242039356848110e-04 -2.071503415224114353e-03 5.399581995988319248e-03 5.930242457425968913e-04 3.708571462551374723e-03 8.723003299055013399e-03
3.500000000000000000e+02 8.165540874126403850e-03 -1.732698403843731044e-04 -2.033398007666256148e-03 5.307262431670125083e-03 5.869931186360780213e-04 3.643014928607161626e-03 8.557909117201844412e-03
3.525000000000000000e+02 7.996203835248572034e-03 -1.587385951139196885e-04 -1.994351212121945119e-03 5.221445928712975353e-03 5.809967578453194498e-04 3.575643338276556383e-03 8.396646551119052101e-03
3.550000000000000000e+02 7.829803435182082841e-03 -1.433604807840858117e-04 -1.954411463635296470e-03 5.142937644737551744e-03 5.752427095415302456e-04 3.506804089578359571e-03 8.239772584748996861e-03
3.575000000000000000e+02 7.674911193209247619e-03 -1.389452414193968353e-04 -1.914217959529388629e-03 5.067558057498266350e-03 5.698839037047409009e-04 3.436561682990888541e-03 8.089515466849200170e-03
3.600000000000000000e+02 7.541860997883518929e-03 -1.474814233200485091e-04 -1.874685670010196046e-03 4.989677563929554617e-03 5.644942243514432592e-04 3.366664638077691927e-03 7.949101599945383387e-03
3.625000000000000000e+02 7.428212024414151265e-03 -1.609534841239909793e-04 -1.836072754872909198e-03 4.910457189520846082e-03 5.591126012385778683e-04 3.298440274394327711e-03 7.818554744164662312e-03
3.650000000000000000e+02 7.321266772102522427e-03 -1.738455138455261603e-04 -1.798168334137535077e-03 4.838618799447073036e-03 5.535229422661626418e-04 3.231613611417734518e-03 7.695749591483664123e-03
3.675000000000000000e+02 7.211317161612113523e-03 -1.802841470026082847e-04 -1.761101413626390460e-03 4.776547191436285138e-03 5.478327264845980066e-04 3.163750989974674615e-03 7.575807671511536855e-03
3.700000000000000000e+02 7.097879784871753174e-03 -1.794757436984706844e-04 -1.724693248696678501e-03 4.710491468378727974e-03 5.414879257643382370e-04 3.093622405389474892e-03 7.450996829319977803e-03
3.725000000000000000e+02 6.985113303117429853e-03 -1.760370337304108072e-04 -1.689343205064648907e-03 4.634847433272380746e-03 5.347541911833000091e-04 3.021056379181959097e-03 7.320508557785885065e-03
3.750000000000000000e+02 6.881556573855240715e-03 -1.749463712697043130e-04 -1.654621442181605350e-03 4.554188393790976203e-03 5.271799949828486235e-04 2.947236705661765346e-03 7.191490836653991782e-03
3.775000000000000000e+02 6.789613659441423241e-03 -1.844023553164504301e-04 -1.620713160971284884e-03 4.467239297167089999e-03 5.189962881689979711e-04 2.872935694634529656e-03 7.064894325621521448e-03
3.800000000000000000e+02 6.704228306396970739e-03 -2.073424091116413278e-04 -1.586514235979778926e-03 4.367185123040583788e-03 5.102791269060094484e-04 2.799836464108378456e-03 6.935624946772966058e-03
3.825000000000000000e+02 6.620197400871178674e-03 -2.370857733310678813e-04 -1.552606794387819842e-03 4.254674142586353271e-03 5.016116551678459793e-04 2.729010686541741455e-03 6.801941114999637134e-03
3.850000000000000000e+02 6.527139806686263306e-03 -2.609110352018578771e-04 -1.518283513602310900e-03 4.142844435975374419e-03 4.924197761341145676e-04 2.660813162404825852e-03 6.665398702533231572e-03
3.875000000000000000e+02 6.420952516020489095e-03 -2.765722078894085898e-04 -1.484641694583865770e-03 4.037660215948504945e-03 4.829232914968630626e-04 2.593955820634256948e-03 6.526284276301625928e-03
3.900000000000000000e+02 6.301267314179399663e-03 -2.927817050339509672e-04 -1.450767215106722090e-03 3.938138691580388324e-03 4.725398363321115392e-04 2.527292132710833635e-03 6.383349069235311028e-03
3.925000000000000000e+02 6.178142148911814485e-03 -3.136481092685018831e-04 -1.417733624790033960e-03 3.844470230225619824e-03 4.618560446938142056e-04 2.459647619144535689e-03 6.241129999140984999e-03
3.950000000000000000e+02 6.060711164784164488e-03 -3.328945155748620202e-04 -1.384183469682627845e-03 3.750392131786324003e-03 4.506841823158745522e-04 2.390900088289790466e-03 6.101001692430139262e-03
3.975000000000000000e+02 5.955203404275966929e-03 -3.418552502674202984e-04 -1.351619492171846331e-03 3.648939159794196019e-03 4.397828082904468882e-04 2.321397240983174605e-03 5.962769902526669427e-03
4.000000000000000000e+02 5.852900035699721247e-03 -3.406413144593333354e-04 -1.318887491446651093e-03 3.540743343549236644e-03 4.281056746828519263e-04 2.250460238171778874e-03 5.822051808710368599e-03
4.025000000000000000e+02 5.730411408116516635e-03 -3.371232600533041312e-04 -1.287871041411677367e-03 3.425614161438243419e-03 4.165272987888619027e-04 2.178013033089952130e-03 5.667019301322355658e-03
4.050000000000000000e+02 5.562849424228848150e-03 -3.367296048868171428e-04 -1.256019226329926951e-03 3.301935313049014428e-03 4.047766894338255964e-04 2.103784137370683007e-03 5.484284437324273009e-03
4.075000000000000000e+02 5.352701956594078762e-03 -3.441698327690383705e-04 -1.224915426227491484e-03 3.172894420395228933e-03 3.945062023075298664e-04 2.029137814552198563e-03 5.277367095770753129e-03
4.100000000000000000e+02 5.126551995312132216e-03 -3.601901222579653944e-04 -1.191966030122356681e-03 3.045051314693032057e-03 3.842858768594933244e-04 1.953716600553133138e-03 5.062659955279148055e-03
4.125000000000000000e+02 4.903133180677834296e-03 -3.810148464687033391e-04 -1.160167945804696857e-03 2.923652521430032073e-03 3.751746047880650972e-04 1.879231801863052390e-03 4.853008751985458946e-03
4.150000000000000000e+02 4.680064692400755059e-03 -3.994694122167356332e-04 -1.126262701510924056e-03 2.810697649056728524e-03 3.655772596063932536e-04 1.804576271501191547e-03 4.647669306479337674e-03
4.175000000000000000e+02 4.453921352779303608e-03 -4.155379308171179391e-04 -1.093396584501933784e-03 2.698554452642309628e-03 3.570382383884710786e-04 1.731324287107416631e-03 4.441900046264515151e-03
4.200000000000000000e+02 4.236316921981775167e-03 -4.276735480711987727e-04 -1.057943320391863205e-03 2.581486615422066630e-03 3.480724178730260554e-04 1.657413203617096216e-03 4.237608370510469007e-03
4.225000000000000000e+02 4.039902875755351647e-03 -4.336340306315699961e-04 -1.024150008305839020e-03 2.461005631670901833e-03 3.405250680577608124e-04 1.585471831888641712e-03 4.043190169657447271e-03
4.250000000000000000e+02 3.861617788721829082e-03 -4.339319991480442246e-04 -9.880997892558654027e-04 2.342612448660262581e-03 3.322240764048842057e-04 1.513834552314799074e-03 3.859032394848445260e-03
4.275000000000000000e+02 3.693655104007750444e-03 -4.323959028739068466e-04 -9.545857000829954635e-04 2.229932476500736446e-03 3.248722270186508694e-04 1.446167659415851072e-03 3.684877619962168872e-03
4.300000000000000000e+02 3.523544405547428954e-03 -4.312164375623463814e-04 -9.189244476714726996e-04 2.120008475706175021e-03 3.160367493417110311e-04 1.379920425653231820e-03 3.511736653453418223e-03
4.325000000000000000e+02 3.355723963434483360e-03 -4.352783359735171707e-04 -8.867752827712616125e-04 2.007965327942045925e-03 3.084752710718305672e-04 1.318054582758093661e-03 3.340871937067311365e-03
4.350000000000000000e+02 3.192289382511310884e-03 -4.416449305718687913e-04 -8.525082624983296902e-04 1.894942316921523684e-03 2.995753662721454842e-04 1.256882561352622770e-03 3.172057130392728561e-03
4.375000000000000000e+02 3.036917171566156769e-03 -4.477995828887989410e-04 -8.219285919755922251e-04 1.785746166861321800e-03 2.925932259798244887e-04 1.200433637287773216e-03 3.011548487857626001e-03
4.400000000000000000e+02 2.887575068651677956e-03 -4.513958463499440099e-04 -7.882847438912102310e-04 1.686050695656882712e-03 2.840099588481615660e-04 1.144441563621793716e-03 2.859033663965177084e-03
4.425000000000000000e+02 2.746843426462748476e-03 -4.497837631683651864e-04 -7.587384037091411074e-04 1.600189988323897673e-03 2.771048649089304138e-04 1.093423532331446986e-03 2.720228473559046459e-03
4.450000000000000000e+02 2.607615960999318076e-03 -4.433274827546172933e-04 -7.256804898896226062e-04 1.525224500302403609e-03 2.682414626092294156e-04 1.042118687495073755e-03 2.587479574398397503e-03
4.475000000000000000e+02 2.476656463884290178e-03 -4.326667317872655034e-04 -6.970159991673555632e-04 1.455406941568984040e-03 2.614983896039465802e-04 9.957110049472932614e-04 2.463887205200283956e-03
4.500000000000000000e+02 2.345952067162903384e-03 -4.190914007069173166e-04 -6.638441444826561136e-04 1.387269460894691771e-03 2.528378784411569515e-04 9.489155986462164110e-04 2.341068563351905892e-03
4.525000000000000000e+02 2.224886935992788188e-03 -4.030796363763748625e-04 -6.352981136388026473e-04 1.319206704322797852e-03 2.466636752064837622e-04 9.068565805966011164e-04 2.225475110456093687e-03
4.550000000000000000e+02 2.106231136097440684e-03 -3.853034537446165127e-04 -6.024122825287754179e-04 1.250343440663403451e-03 2.378856381018893242e-04 8.637309287260102122e-04 2.110152752743427174e-03
4.575000000000000000e+02 1.988781961651502582e-03 -3.660478931300296642e-04 -5.745924509988052133e-04 1.178860830227126304e-03 2.322718005895016880e-04 8.249566142358415047e-04 1.996299703057235250e-03
4.600000000000000000e+02 1.870201882423493372e-03 -3.469262744230057548e-04 -5.426686090920926830e-04 1.104334747963426006e-03 2.234151806161727898e-04 7.853375711244733361e-04 1.879937100755696465e-03
4.625000000000000000e+02 1.757190946242932804e-03 -3.301466033342736204e-04 -5.162069150922917208e-04 1.032867836157611279e-03 2.181093857643998568e-04 7.502481444277050559e-04 1.770153463414124786e-03
4.650000000000000000e+02 1.648547186399686691e-03 -3.150698326297934697e-04 -4.856853208711025519e-04 9.658432321932174276e-04 2.090728788027883321e-04 7.143173443707122967e-04 1.664353881481808262e-03
4.675000000000000000e+02 1.544163303627231086e-03 -3.021317134675278668e-04 -4.603205840010114063e-04 9.051819170238910870e-04 2.038439405709745601e-04 6.827064041751305847e-04 1.566025812413126325e-03
4.700000000000000000e+02 1.439518302392382059e-03 -2.890001495277662313e-04 -4.308967033841852091e-04 8.481053910671368292e-04 1.942993451888466272e-04 6.501170269547788729e-04 1.468870360207148989e-03
4.725000000000000000e+02 1.340737935112625186e-03 -2.764066128486568417e-04 -4.064823660618200728e-04 7.965165425113816724e-04 1.891148750455768973e-04 6.214350728437345595e-04 1.379344775233870817e-03
4.750000000000000000e+02 1.243654774691586992e-03 -2.619085614573369897e-04 -3.780857929751493666e-04 7.474901275592829748e-04 1.792264642910616735e-04 5.917042409459648657e-04 1.291424571598417254e-03
4.775000000000000000e+02 1.154033930718229321e-03 -2.493251503803334051e-04 -3.548700501221004489e-04 7.046904255630291559e-04 1.744624931224300266e-04 5.655585250692208178e-04 1.212141440675239702e-03
4.800000000000000000e+02 1.067204338175172743e-03 -2.338245838630923575e-04 -3.280575322468583829e-04 6.618083012037007107e-04 1.644156897492792349e-04 5.387946702708813242e-04 1.133903654824877389e-03
4.825000000000000000e+02 9.881295718433844109e-04 -2.193348865104212625e-04 -3.066550812091868605e-04 6.223551831573496387e-04 1.598869309751749148e-04 5.151423322360518297e-04 1.062813543618392831e-03
4.850000000000000000e+02 9.122410165652588719e-04 -2.008702735877026429e-04 -2.821384569087352677e-04 5.777291615562403070e-04 1.493683352583986086e-04 4.912520813838983915e-04 9.906111297526987852e-04
4.875000000000000000e+02 8.437366824741885860e-04 -1.842064217948658714e-04 -2.625466418606627679e-04 5.381718328010508257e-04 1.451277026334322530e-04 4.697790925905234402e-04 9.258438039328813988e-04
4.900000000000000000e+02 7.762604912429111204e-04 -1.646275074473489870e-04 -2.399931020609745848e-04 4.932594085033310035e-04 1.342064003786164867e-04 4.483745072630491925e-04 8.589472035046456311e-04
4.925000000000000000e+02 7.157565532588876060e-04 -1.491062896316984584e-04 -2.221007597000193416e-04 4.562279061225485975e-04 1.305863787368426144e-04 4.285817869599955229e-04 8.002831231707158632e-04
4.950000000000000000e+02 6.581122690037244372e-04 -1.315420603726247142e-04 -2.014341425962400828e-04 4.150953064889204339e-04 1.192783892553756999e-04 4.092456464388683391e-04 7.412266109657566051e-04
4.975000000000000000e+02 6.068126549597291147e-04 -1.183444814568817449e-04 -1.853565627309248110e-04 3.852595300170653849e-04 1.164506867730102311e-04 3.905060509709384529e-04 6.912891179738664491e-04
5.000000000000000000e+02 5.566089020020565910e-04 -1.020531248159562294e-04 -1.664252806362724331e-04 3.481889271449313387e-04 1.046911059773071345e-04 3.727454780097769530e-04 6.387716535783824956e-04
5.025000000000000000e+02 5.124975545421349725e-04 -9.035657359025268769e-05 -1.523189472616017870e-04 3.230528546431433068e-04 1.029761147662442355e-04 3.546776563853552139e-04 5.951140327853167737e-04
5.050000000000000000e+02 4.713658376262692463e-04 -7.680958224034259831e-05 -1.353257536134064569e-04 2.877688980136151702e-04 9.075258580848332053e-05 3.383430235454185542e-04 5.487388795926514311e-04
5.075000000000000000e+02 4.339420899705096531e-04 -6.752632223401367287e-05 -1.233955932143964622e-04 2.673759276589271938e-04 9.043149799034441152e-05 3.208475832214264210e-04 5.110828004254316069e-04
5.100000000000000000e+02 3.986725873323322721e-04 -5.744503274006778075e-05 -1.081055393454482492e-04 2.351727819671990997e-04 7.745047710531117633e-05 3.059294177204053351e-04 4.698873935099683128e-04
5.125000000000000000e+02 3.652147642805403209e-04 -4.843488604478167757e-05 -9.846294855767712779e-05 2.193809832247987826e-04 7.879083914523189432e-05 2.888785587177553917e-04 4.367371531115472882e-04
5.150000000000000000e+02 3.365909686061737305e-04 -4.212998433584544758e-05 -8.495509612452456147e-05 1.913530774146033286e-04 6.497739874522184367e-05 2.753438984448743749e-04 4.016439722328257441e-04
5.175000000000000000e+02 3.087979501153967094e-04 -3.375738900428384504e-05 -7.757281704479513772e-05 1.814189704605761067e-04 6.825997040496459365e-05 2.586355310524313653e-04 3.744262258142020501e-04
5.200000000000000000e+02 2.882647515256699729e-04 -3.371628149210988178e-05 -6.536872538654441196e-05 1.591871579971738352e-04 5.355910110382577802e-05 2.465791191657658223e-04 3.470155143443048287e-04
5.225000000000000000e+02 2.650473204937572641e-04 -2.472920193441652161e-05 -6.000136161420189731e-05 1.533782354431304266e-04 5.897861991471274666e-05 2.302441564026378026e-04 3.243348561697627602e-04
5.250000000000000000e+02 2.508827086407070016e-04 -3.003501924273415196e-05 -4.896092046981322994e-05 1.359534629727671021e-04 4.334649666482999882e-05 2.198292885673572641e-04 3.033327300904156568e-04
5.275000000000000000e+02 2.307143049801634656e-04 -1.813010192185871008e-05 -4.551668967003520179e-05 1.310776561046972973e-04 5.078129073754884354e-05 2.038940747491238114e-04 2.828430179169922872e-04
5.300000000000000000e+02 2.216613533061657676e-04 -2.796095375679978799e-05 -3.565232706573932277e-05 1.181394152662340667e-04 3.440215986994296101e-05 1.951569073195270052e-04 2.674788379459634062e-04
5.325000000000000000e+02 2.045265559415817376e-04 -1.247612553451187339e-05 -3.396527064192086584e-05 1.134537009827887687e-04 4.349319786510023867e-05 1.795518618099017786e-04 2.487660593671361356e-04
5.350000000000000000e+02 2.002767907782359886e-04 -2.606271835040559009e-05 -2.542993195853879716e-05 1.039380138904184581e-04 2.691384078788113912e-05 1.723829479135659769e-04 2.382988762911102186e-04
5.375000000000000000e+02 1.867870355768083441e-04 -8.554637858116543385e-06 -2.511473642609876581e-05 9.945973741363385600e-05 3.711185526515462776e-05 1.571364698062432193e-04 2.216916213983427097e-04
5.400000000000000000e+02 1.852993277306079945e-04 -2.422086386660069507e-05 -1.794802104941996694e-05 9.132891359179184845e-05 2.106021353756315902e-05 1.514026807650888031e-04 2.140154610437443230e-04
5.425000000000000000e+02 1.748042486604951644e-04 -6.511228778817112792e-06 -1.838556941967335384e-05 8.775746285888646591e-05 3.134398457770402196e-05 1.367244321646486995e-04 1.996430718420151649e-04
5.450000000000000000e+02 1.730060988640644943e-04 -2.190797362981751140e-05 -1.259350527256993317e-05 7.958239669711532685e-05 1.656384833447360568e-05 1.322431156113899962e-04 1.924158055862848883e-04
5.475000000000000000e+02 1.646960628588885688e-04 -6.107170431518405069e-06 -1.315409790811111252e-05 7.781143095346276632e-05 2.580185993109467441e-05 1.184119100321013402e-04 1.804597019222263445e-04
5.500000000000000000e+02 1.601080627326154950e-04 -1.898322516201869000e-05 -8.855503717061738534e-06 6.889025302148494819e-05 1.323719023043939114e-05 1.149314929885272943e-04 1.719649043713138755e-04
5.525000000000000000e+02 1.543161371140111895e-04 -6.851124969739074978e-06 -9.091714363981607245e-06 6.974150023187837587e-05 2.053029347065094313e-05 1.021956992711249926e-04 1.631266683085072586e-04
5.550000000000000000e+02 1.468977186619905943e-04 -1.515536683490275031e-05 -6.504683700812993563e-06 5.897821125071543079e-05 1.098775646645263949e-05 9.942093691213768234e-05 1.526484334124218571e-04
5.575000000000000000e+02 1.456157903819605174e-04 -8.537848423264904281e-06 -6.056003274101851407e-06 6.314739753382943310e-05 1.573387905863375628e-05 8.796507530334387150e-05 1.483641316095669178e-04
5.600000000000000000e+02 1.356989636017125699e-04 -1.135985787875508684e-05 -5.195699832882736548e-06 5.013239581583572868e-05 9.704871057210638006e-06 8.560606393298970062e-05 1.357187116752690131e-04
5.625000000000000000e+02 1.391576212872891352e-04 -1.134917716261796269e-05 -3.880609928041592040e-06 5.798020064302446996e-05 1.164661584594315022e-05 7.553932657338287499e-05 1.363385742518482299e-04
5.650000000000000000e+02 1.264345191674713859e-04 -8.402038914887554691e-06 -4.503090053074738321e-06 4.328915157412271768e-05 8.970882697217082865e-06 7.336936595478261275e-05 1.215465183481883514e-04
5.675000000000000000e+02 1.337110731376839052e-04 -1.412793098676825490e-05 -2.380034107312316539e-06 5.388071412526959886e-05 8.327124673584913837e-06 6.472204354474199841e-05 1.261569154038477648e-04
5.700000000000000000e+02 1.190886997822545316e-04 -6.383749637113922469e-06 -4.045584074019148346e-06 3.830566473954153523e-05 8.335562724145113855e-06 6.260181670820934091e-05 1.099980906150027106e-04
5.725000000000000000e+02 1.289121045837738667e-04 -1.608393516466133404e-05 -1.374240538677827523e-06 5.031812625173453244e-05 5.785152068155841657e-06 5.531420861087056124e-05 1.172722197231894836e-04
5.750000000000000000e+02 1.130781164850329677e-04 -5.278752904524530674e-06 -3.766453961347222128e-06 3.470334428670174412e-05 7.688016560409764740e-06 5.320096335846635565e-05 1.004912120651005303e-04
5.775000000000000000e+02 1.240680718389043646e-04 -1.703920626680464225e-05 -8.332422498709604312e-07 4.710008422423275136e-05 4.035974241460557258e-06 4.714381734978401130e-05 1.091559867064605636e-04
5.800000000000000000e+02 1.077239414295370001e-04 -4.765817327945853774e-06 -3.693092673094732005e-06 3.212706108569456662e-05 7.046625418802145380e-06 4.505896200120828855e-05 9.245498225821993101e-05
5.825000000000000000e+02 1.192303614448121587e-04 -1.721522817657153006e-05 -6.310084870136679895e-07 4.428912803779763143e-05 2.897636783403846385e-06 4.005058246906389140e-05 1.017850359758368407e-04
5.850000000000000000e+02 1.030741956623987954e-04 -4.477807090783869513e-06 -3.726965926506976237e-06 3.021376820851546716e-05 6.371964032056149084e-06 3.804571641329737797e-05 8.566684014210581687e-05
5.875000000000000000e+02 1.148664349494371383e-04 -1.706565611542103391e-05 -5.583647702663613921e-07 4.201656738239955966e-05 2.109010897283595189e-06 3.389177822707973415e-05 9.538739027945821944e-05
5.900000000000000000e+02 9.901400279332648084e-05 -4.177292251973696307e-06 -3.836574305450761396e-06 2.868612732579709485e-05 5.695159523989940046e-06 3.202119077461452063e-05 7.986066044686905324e-05
5.925000000000000000e+02 1.109434819532054920e-04 -1.678582239877748181e-05 -5.879154419096671350e-07 4.021907593630702233e-05 1.522988521935594519e-06 2.855001335026384289e-05 8.985628561988817523e-05
5.950000000000000000e+02 9.543040297275667111e-05 -3.761865400139008474e-06 -4.015881622393522606e-06 2.739342194328910911e-05 5.107985483066411632e-06 2.685670511480572442e-05 7.484026501542575063e-05
5.975000000000000000e+02 1.075723224033588177e-04 -1.647846571588473788e-05 -6.232908534436349772e-07 3.871586398073407429e-05 1.082691995591702806e-06 2.392963800455275738e-05 8.510891219432282974e-05
6.000000000000000000e+02 9.241445060780292895e-05 -3.263727847513919547e-06 -4.174439249579987783e-06 2.624767258791082982e-05 4.616961320069904241e-06 2.244268324469843464e-05 7.055240322020609671e-05
6.025000000000000000e+02 1.047827162074504705e-04 -1.626742406587897862e-05 -6.064835086690669129e-07 3.747510066202534894e-05 7.100380428675424887e-07 1.995236958622218285e-05 8.110509322784901468e-05
6.050000000000000000e+02 8.989161061453180776e-05 -2.759235897738143761e-06 -4.314889089512385997e-06 2.522913804529452038e-05 4.182938959733318545e-06 1.868779621273501142e-05 6.690427243628066978e-05
6.075000000000000000e+02 1.024658485972029397e-04 -1.619043265795721013e-05 -5.651834480174257936e-07 3.653015096981731310e-05 3.534737369140518363e-07 1.655379024201378608e-05 7.777489490451701772e-05
6.100000000000000000e+02 8.776831371783089199e-05 -2.275638013550640455e-06 -4.456232941901158943e-06 2.434484272990973343e-05 3.786481559296006039e-06 1.551616978802933432e-05 6.381466311788497987e-05
6.125000000000000000e+02 1.005565316018298483e-04 -1.624682995743729279e-05 -5.126230180477258956e-07 3.588870123641330274e-05 -2.443578016864383004e-10 1.368110093514403359e-05 7.506316688669360164e-05
6.150000000000000000e+02 8.600334078688334175e-05 -1.814784494917276382e-06 -4.603088015227598030e-06 2.358913373047428612e-05 3.421439690456771997e-06 1.286550331414364816e-05 6.122898891575064310e-05
6.175000000000000000e+02 9.902117303201300649e-05 -1.643371498793140266e-05 -4.525549956359048764e-07 3.554327101077578682e-05 -3.520969309228943996e-07 1.129108367467723254e-05 7.292776385873302224e-05
6.200000000000000000e+02 8.457305608032825237e-05 -1.374699704496684589e-06 -4.757490104539348520e-06 2.295271440454556101e-05 3.084253461547650748e-06 1.068543301930774299e-05 5.910560175209078073e-05
6.225000000000000000e+02 9.783480912630438124e-05 -1.674627310333836046e-05 -3.868307368260909047e-07 3.548959650387111024e-05 -6.994843303654059351e-07 9.348227163793193929e-06 7.133631639698434610e-05
6.250000000000000000e+02 8.346022102879437857e-05 -9.535339408120791148e-07 -4.921416113419761908e-06 2.242427897117043131e-05 2.770008408871819416e-06 8.936486111548636819e-06 5.741049305575672589e-05
6.275000000000000000e+02 9.697719239228384325e-05 -1.718126623017042371e-05 -3.162492124692454430e-07 3.573396309783109841e-05 -1.039406308665004259e-06 7.823404108763080549e-06 7.026727979943901280e-05
6.300000000000000000e+02 8.265199509840784103e-05 -5.488151804124541694e-07 -5.096755714655026807e-06 2.199265426502279360e-05 2.472729962254322604e-06 7.589344931268029974e-06 5.611699714734933315e-05
6.325000000000000000e+02 9.643242367712865964e-05 -1.773853656542492260e-05 -2.404685128915077728e-07 3.629337949319424723e-05 -1.370344846655488176e-06 6.692914302397409552e-06 6.970935873636016330e-05
6.350000000000000000e+02 8.213918227801393862e-05 -1.581263274573529957e-07 -5.285021846252694550e-06 2.164897628763951052e-05 2.185779718480233599e-06 6.624356184061536025e-06 5.520625737485748962e-05
6.375000000000000000e+02 9.618950740937357502e-05 -1.842098090619703711e-05 -1.580771856270686315e-07 3.719371306004841355e-05 -1.691575036199786594e-06 5.937717311569953787e-06 6.966046889049596355e-05
6.400000000000000000e+02 8.191568955356984694e-05 2.218129975863902865e-07 -5.486997038514399503e-06 2.138878317287762316e-05 1.901839403705905446e-06 6.031251986642933016e-06 5.466786235654520537e-05
6.425000000000000000e+02 9.624048329713943712e-05 -1.923055088975846993e-05 -6.477300980887506584e-08 3.846557081049333275e-05 -2.003215669572068397e-06 5.542915414569283346e-06 7.012448476110101983e-05
6.450000000000000000e+02 8.189540278308448805e-05 6.287531027554748712e-07 -5.684533354582946740e-06 2.119084492539951141e-05 1.620128406195258118e-06 5.809232976074103083e-06 5.444774034227904788e-05
6.475000000000000000e+02 9.507744206285799688e-05 -1.958055870008798967e-05 1.483240782948098937e-08 3.913253664125848689e-05 -2.299256154956734866e-06 5.500264401551637429e-06 6.985512155283406992e-05
6.500000000000000000e+02 7.548568151584085853e-05 1.010176946652663340e-06 -5.209638761183115349e-06 1.879426018536518606e-05 1.883669398253010666e-06 5.973452569451027110e-06 5.012669713532853034e-05
6.525000000000000000e+02 8.389298173784247141e-05 -1.502964656248817493e-05 -2.980395447969351262e-06 2.550609923571425325e-05 -5.525014563542247234e-07 5.882649057260249799e-06 5.764086501540848808e-05
6.550000000000000000e+02 6.077866224564409893e-05 1.598416297061788886e-06 -1.505141412359238614e-06 1.301303205928796590e-05 6.827332419392657598e-07 5.921542004795908031e-06 3.985661815486398558e-05
6.575000000000000000e+02 5.269283039651639732e-05 -6.909188148995148995e-06 -2.233892802762310860e-06 1.380801632692500986e-05 4.418700153296510091e-07 6.022445275902462940e-06 3.626164599967193167e-05
6.600000000000000000e+02 4.703766597836107861e-05 1.134229561574251554e-06 -1.267829597853004806e-06 9.028200813085973528e-06 -3.565675472053530447e-07 6.017705110782931301e-06 3.104178595111499087e-05
6.625000000000000000e+02 4.892830680469479839e-05 -3.182675826958813994e-06 -1.994867103981494711e-06 1.015343342397914199e-05 8.458524391544577024e-07 6.117130216268770092e-06 3.259943522247135439e-05
6.650000000000000000e+02 4.935015417630061915e-05 1.595025024176699449e-06 -9.878675492312810961e-07 8.445693723012492548e-06 -4.601118524007954535e-07 6.098200192253473942e-06 3.194702404578329282e-05
6.675000000000000000e+02 5.263390880705110111e-05 -9.707751389886000057e-07 -1.560542087678021522e-06 8.728322334138916637e-06 5.263059778351060060e-07 6.172354910291334965e-06 3.376729302574067932e-05
6.700000000000000000e+02 5.320626286914951472e-05 1.810130070166771112e-06 -1.202377137049484394e-06 8.517149183419903406e-06 -1.347426222711310737e-07 6.203509519219384388e-06 3.396346078589439872e-05
6.725000000000000000e+02 5.259631764028043432e-05 -2.394886180454136701e-07 -1.194575121380978297e-06 7.892128492082494887e-06 4.384871097594727685e-08 6.229775777620425122e-06 3.335911095499167843e-05
6.750000000000000000e+02 4.928456746295637624e-05 1.152492306133723228e-06 -1.218236186781696654e-06 7.637328762546147852e-06 6.305676806197305865e-08 6.301739122904330053e-06 3.161181767420342411e-05
6.775000000000000000e+02 4.719374697271945101e-05 -7.491810429343104913e-08 -1.397127607045420890e-06 7.551981448126987506e-06 -2.853808651654284458e-08 6.317625538865659598e-06 3.053167697985604694e-05
6.800000000000000000e+02 4.458257696060172556e-05 1.318135660237373892e-06 -9.813229757084353224e-07 7.873347955038667123e-06 -3.291904473680592862e-08 6.384071514581025853e-06 2.941999821511070927e-05
6.825000000000000000e+02 4.352130195258148117e-05 8.551519014242003384e-07 -1.521532448482155221e-06 8.390637255832800160e-06 1.358660650393582640e-07 6.394090799658523737e-06 2.915301500403640126e-05
6.850000000000000000e+02 4.356858533317549078e-05 2.165498053065207018e-06 -8.929487931988850576e-07 9.023768688204380397e-06 -1.581945421730116950e-07 6.466728756712092107e-06 2.952954138904598122e-05
6.875000000000000000e+02 4.075927725013599688e-05 1.763195723131616382e-06 -1.320828885863388923e-06 9.272617867030063393e-06 2.156147268530216033e-07 6.439547349953148018e-06 2.823572123355960330e-05
6.900000000000000000e+02 3.998225640613419678e-05 2.130733958694719410e-06 -9.730414965783566477e-07 9.491468503167065687e-06 -1.600831869868531304e-07 6.551960565361432458e-06 2.801284273733135085e-05
6.925000000000000000e+02 3.440703023257505385e-05 1.701764804910688078e-06 -1.087130303857791809e-06 9.383882719917746381e-06 1.723677347688935622e-07 6.467665247143121213e-06 2.512928909981796072e-05
6.950000000000000000e+02 3.287743571026204980e-05 1.396588874103521593e-06 -1.056788329523479598e-06 9.166628565198830611e-06 -7.527985293278903999e-08 6.625632469317072041e-06 2.433484837238897622e-05
6.975000000000000000e+02 2.999003037475276440e-05 1.268327272306812942e-06 -9.800075354569472267e-07 9.082132012529519594e-06 1.093983572544218794e-07 6.486569080784586647e-06 2.277936573403343786e-05
7.000000000000000000e+02 3.212174125632642703e-05 1.240095932067575290e-06 -1.032698589345429293e-06 8.889315194740276743e-06 8.500746620210535118e-09 6.674505898693852345e-06 2.384278117488027848e-05
7.025000000000000000e+02 3.533064308457163307e-05 1.580390152575716860e-06 -1.000384116130009357e-06 9.051464532074148580e-06 9.987701647295736993e-08 6.497936301195396465e-06 2.544002195892058991e-05
7.050000000000000000e+02 4.156616030767708037e-05 1.813368126324554937e-06 -8.641130522973029860e-07 8.927959178398036714e-06 9.861866783397689150e-09 6.701270037808273726e-06 2.859769476194169371e-05
7.075000000000000000e+02 4.556797098674110404e-05 2.519041665022392363e-06 -1.155029654180302347e-06 9.245858836857756419e-06 1.213694546433066860e-07 6.512780124180462099e-06 3.066330497388966255e-05
7.100000000000000000e+02 5.005749149453819584e-05 1.907045117577510440e-06 -6.314796094989943604e-07 8.795656887759584748e-06 -6.297060557658154595e-08 6.717737651335728671e-06 3.278544301681675887e-05
7.125000000000000000e+02 4.684846512641022945e-05 2.821361137277200586e-06 -1.376435025655060515e-06 8.997230515578192168e-06 1.178872802043328932e-07 6.542271770470578371e-06 3.119398370622950169e-05
7.150000000000000000e+02 4.450214713435727133e-05 1.065045047159784934e-06 -5.337303789336990789e-07 8.046804303001132294e-06 -1.360868078808556686e-07 6.733304214405221212e-06 2.964112782588181327e-05
7.175000000000000000e+02 3.442174120326590644e-05 2.111837824476303816e-06 -1.472978912274117936e-06 7.875200159170869254e-06 1.022003051776859361e-07 6.574249858817800045e-06 2.443559561062728829e-05
7.200000000000000000e+02 2.874376752789693380e-05 2.897325056951061223e-07 -7.051135291155857806e-07 6.700431176505005970e-06 -1.455957004116869166e-07 6.742333292535665199e-06 2.109326599846880206e-05
7.225000000000000000e+02 2.128599915975719665e-05 1.296854972508576534e-06 -1.303771448000250608e-06 6.193877119623181420e-06 1.122232161414894831e-07 6.572703231668096549e-06 1.702628975552423731e-05
7.250000000000000000e+02 2.163947936416441521e-05 2.040245130380924307e-07 -1.042461522644914522e-06 5.230356008935644045e-06 -8.635513436636458422e-08 6.721249233225808283e-06 1.679554230316293462e-05
7.275000000000000000e+02 2.373974882052927316e-05 1.413293095645151672e-06 -9.754519205662856698e-07 4.790326735579331363e-06 1.442084452850098210e-07 6.502745682367881575e-06 1.751641061923824347e-05
7.300000000000000000e+02 3.461378889290891341e-05 3.053620897350839215e-07 -1.274129280702081599e-06 4.383704605143368513e-06 -2.441153403972742101e-08 6.648176174382938840e-06 2.282283483621761123e-05
7.325000000000000000e+02 4.095306902765507803e-05 2.689763613899920516e-06 -7.836986259766165986e-07 4.397300824763927838e-06 1.611773787189585573e-07 6.364557325537038484e-06 2.585746358897802387e-05
7.350000000000000000e+02 5.484481805512509024e-05 -7.880148149084220234e-08 -1.206628884839644888e-06 4.314994554746132394e-06 -1.814733502601330946e-08 6.528047650419988435e-06 3.284393013014560384e-05
7.375000000000000000e+02 5.150375547983827265e-05 3.919398374986116116e-06 -8.704484616860495626e-07 4.494617269681721751e-06 1.253248412040485673e-07 6.207436423220313003e-06 3.110290458637015286e-05
7.400000000000000000e+02 5.458723663479290105e-05 -5.773867962899359186e-07 -9.551338310412875397e-07 3.881167847861010834e-06 -4.829064850452522146e-08 6.389656315997787901e-06 3.242903039932584905e-05
7.425000000000000000e+02 3.735624001467812143e-05 3.321354123347752976e-06 -1.026867922554039766e-06 3.415870650793983938e-06 8.997283487193956833e-08 6.076230400311109805e-06 2.342417053289160505e-05
7.450000000000000000e+02 2.681900300286130787e-05 -1.797800891601752979e-07 -7.652455920688298951e-07 2.381415929590957789e-06 -4.475013575709193865e-08 6.234567869477652686e-06 1.771749340096495854e-05
7.475000000000000000e+02 1.380592245727108005e-05 9.938533017757932733e-07 -8.290729612325081015e-07 1.333079273403558981e-06 2.463652212296874581e-09 5.912942761576673758e-06 1.052597224612565565e-05
7.500000000000000000e+02 1.100720463355528898e-05 -1.121080673271990158e-09 -8.352340640019364964e-07 1.222011986318793952e-06 2.077793432289687261e-07 5.989878953835452544e-06 9.109547786854768162e-06
7.525000000000000000e+02 9.612640135706841042e-06 5.564352704176656128e-07 -7.849884236394734928e-07 1.234639513767188316e-06 -5.430918308740573570e-08 5.682563495436342938e-06 8.264921572455186360e-06
7.550000000000000000e+02 1.015341768209339093e-05 1.201650103018536648e-07 -8.493698184128961262e-07 1.362005150776202028e-06 2.378820169145824656e-07 5.715923994868319933e-06 8.615673413868957080e-06
7.575000000000000000e+02 9.069507337693849563e-06 4.736055084135770461e-07 -7.553425987349512583e-07 1.048519314774321066e-06 -1.274857496148416522e-08 5.432553493142119472e-06 7.775290072805145792e-06
7.600000000000000000e+02 9.896910675547942999e-06 1.118195136937671910e-07 -8.463176508800119858e-07 1.343772861536685022e-06 2.830345247062424263e-07 5.452865231677421060e-06 8.346774384381023905e-06
7.625000000000000000e+02 8.754606850615331395e-06 4.231469532056664143e-07 -7.358103332416051494e-07 9.852742446156526335e-07 -1.447339510100924821e-08 5.195517201574487910e-06 7.467699148402735757e-06
7.650000000000000000e+02 9.534877426543176003e-06 1.102125695050304450e-07 -8.233151074951292731e-07 1.263969107320406251e-06 2.845106833976676624e-07 5.201563162530768931e-06 8.000204848197176440e-06
7.675000000000000000e+02 8.431769249149211675e-06 3.805776657468839909e-07 -7.185956480906075163e-07 9.282502393554991826e-07 -1.268058282518835496e-08 4.970119862097972398e-06 7.165069675301341733e-06
7.700000000000000000e+02 9.146683056528814076e-06 1.076342913471250930e-07 -7.930944165800067053e-07 1.174740678924468614e-06 2.768836691920646116e-07 4.960838892209789787e-06 7.641131313831536450e-06
7.725000000000000000e+02 8.126488545508792668e-06 3.480838385138795663e-07 -7.021520595934249057e-07 8.760096045216769646e-07 -1.306719698126717526e-08 4.754994436327792369e-06 6.878746293179131371e-06
7.750000000000000000e+02 8.765838679853743369e-06 1.041522069773037670e-07 -7.603371040556072574e-07 1.089861740918163232e-06 2.660951391570192912e-07 4.730056620135539260e-06 7.292878520453723460e-06
7.775000000000000000e+02 7.837447912191208233e-06 3.208002637613560561e-07 -6.837042824781788808e-07 8.268583679374331071e-07 -1.335793593016604674e-08 4.548886383197094429e-06 6.606596331662868414e-06
7.800000000000000000e+02 8.404382413088384499e-06 1.013903951903927176e-07 -7.271507253764400558e-07 1.014948036818363835e-06 2.554994710492599075e-07 4.509040195035288830e-06 6.964185322471019005e-06
7.825000000000000000e+02 7.565489344225895343e-06 2.974268667731650012e-07 -6.627192742206143448e-07 7.803419760799457020e-07 -1.194519998782756876e-08 4.350667587584093554e-06 6.348249453944967088e-06
7.850000000000000000e+02 8.070742110743368128e-06 1.008700994635347614e-07 -6.941452279493654353e-07 9.501722548518110218e-07 2.458003148203865264e-07 4.297620936277836838e-06 6.659267650936507676e-06
7.875000000000000000e+02 7.312688362099351265e-06 2.785757255285403543e-07 -6.393525437105913756e-07 7.377909020572559140e-07 -8.441723434778623495e-09 4.159449681832206112e-06 6.104964472994407228e-06
7.900000000000000000e+02 7.769219637468793835e-06 1.038298026719175480e-07 -6.611539994454328310e-07 8.938333889757288158e-07 2.368533359249861911e-07 4.095422329014447628e-06 6.379237677729485140e-06
7.925000000000000000e+02 7.081424862099794304e-06 2.650230832177413469e-07 -6.139268441015715642e-07 7.008758232585954550e-07 -3.463766725184027537e-09 3.974557245759885798e-06 5.878428965559137726e-06
7.950000000000000000e+02 7.501681531418569509e-06 1.105529493445445191e-07 -6.278662086427730487e-07 8.444931867153115717e-07 2.285058876668817798e-07 3.901896129579700567e-06 6.124035423856791195e-06
7.975000000000000000e+02 6.873717349853691556e-06 2.568740313304118903e-07 -5.868934913698319961e-07 6.707458028350820662e-07 2.127705189341111107e-09 3.795485799565840629e-06 5.669974476127307443e-06
8.000000000000000000e+02 7.268230928967866954e-06 1.205024874181503833e-07 -5.940594382575877881e-07 8.015250857254407485e-07 2.206902882289738758e-07 3.716447890522124640e-06 5.893101952607716330e-06
8.025000000000000000e+02 6.690520361809148761e-06 2.536536720032955710e-07 -5.588021799180229017e-07 6.477932111313755582e-07 7.748513728898483722e-09 3.621860817936968001e-06 5.480087195438745789e-06
8.050000000000000000e+02 7.067495173733462614e-06 1.328220696928283843e-07 -5.596349938783563275e-07 7.648576976935217168e-07 2.133034911612280317e-07 3.538539758039021215e-06 5.685446314733002720e-06
8.075000000000000000e+02 6.531467465347162478e-06 2.547217829780734435e-07 -5.302499300937257682e-07 6.317711362952671523e-07 1.318683119897515633e-08 3.453402969915082638e-06 5.308320785778756134e-06
8.100000000000000000e+02 6.896819257052300530e-06 1.467432102778332123e-07 -5.245974769065967030e-07 7.344954774710643738e-07 2.061488739234777678e-07 3.367732086185067902e-06 5.499523410354216085e-06
8.125000000000000000e+02 6.394943453762280882e-06 2.595093213924926191e-07 -5.017779256999391918e-07 6.220391776006195841e-07 1.842784326013488004e-08 3.289904447484513622e-06 5.153443539423707203e-06
8.150000000000000000e+02 6.752560975827037828e-06 1.616950205532319324e-07 -4.890699948319089649e-07 7.102057443303166689e-07 1.990079273213816156e-07 3.203682007370140672e-06 5.333224363763748008e-06
8.175000000000000000e+02 6.278315020999158742e-06 2.674794121606538752e-07 -4.738363032357610289e-07 6.177181014948018618e-07 2.351271059213020091e-08 3.131214912633207602e-06 5.013624017563584314e-06
8.200000000000000000e+02 6.630410491132820820e-06 1.772179876015300808e-07 -4.533381400583270967e-07 6.914848785740446658e-07 1.917236453635571151e-07 3.046126346206455817e-06 5.184010857956660757e-06
8.225000000000000000e+02 6.178221709877362936e-06 2.780130064252261944e-07 -4.467836374128314631e-07 6.177554183893541486e-07 2.846151889840408821e-08 2.977231676814349946e-06 4.886604402540533674e-06
8.250000000000000000e+02 6.525645244456157786e-06 1.928830012044357936e-07 -4.177842121016657173e-07 6.775348820962534167e-07 1.842168237451894984e-07 2.894871817578232714e-06 5.049025972065322382e-06
8.275000000000000000e+02 6.090893540071106998e-06 2.903367569359715947e-07 -4.209175211186792094e-07 6.209844800589614254e-07 3.323013293192699264e-08 2.827898238458608862e-06 4.769888129294338325e-06
8.300000000000000000e+02 6.433313631541181939e-06 2.082039688540149265e-07 -3.828052836164034648e-07 6.673414538334476724e-07 1.764727816316753178e-07 2.749776083342856149e-06 4.925215584358742668e-06
8.325000000000000000e+02 6.012328031391334042e-06 3.035247033198018630e-07 -3.964588509349043588e-07 6.261440391507555667e-07 3.772790552739346248e-08 2.683209242542144556e-06 4.660840656542117612e-06
8.350000000000000000e+02 6.348454781381818364e-06 2.225981871816884440e-07 -3.488441606348709883e-07 6.597394741888251916e-07 1.685329878241937331e-07 2.610737336255622435e-06 4.809465795913132836e-06
8.375000000000000000e+02 5.938462996163451949e-06 3.165236740814592292e-07 -3.735746393874050462e-07 6.319093748896165269e-07 4.186153595696750249e-08 2.543208835977878391e-06 4.556790603515473804e-06
8.400000000000000000e+02 6.266290178978906012e-06 2.354252541604040589e-07 -3.163359974688928461e-07 6.535060422075744985e-07 1.604628029612930021e-07 2.477685861051644308e-06 4.698741041119062039e-06
8.425000000000000000e+02 5.865343112723664388e-06 3.282371748523970999e-07 -3.523873776577557145e-07 6.369398302793704746e-07 4.555414278483282093e-08 2.407978259484801932e-06 4.455130601243918662e-06
8.450000000000000000e+02 6.182374041487648354e-06 2.460401250663934881e-07 -2.856945830752930376e-07 6.474264567686738000e-07 1.523381094774096553e-07 2.350573009075717354e-06 4.590186753666019701e-06
8.475000000000000000e+02 5.789314108763931951e-06 3.376208387216194996e-07 -3.329679788379178342e-07 6.399812332595011595e-07 4.875835702589847927e-08 2.277621876693241157e-06 4.353458609358337292e-06
8.500000000000000000e+02 6.092744800825044829e-06 2.538520818156087048e-07 -2.572899474789405022e-07 6.403483989789293697e-07 1.442331744716860076e-07 2.229352592227031690e-06 4.481222896015502839e-06
8.525000000000000000e+02 5.707155651145612083e-06 3.437634825392166022e-07 -3.152988030295586142e-07 6.399284303742369531e-07 5.144972197597464981e-08 2.152253945228968076e-06 4.249669013374408345e-06
8.550000000000000000e+02 5.994200963526808257e-06 2.583561877949947147e-07 -2.314845717513528898e-07 6.312797230740407644e-07 1.362385859263543369e-07 2.113969210775307801e-06 4.369724948688078041e-06
8.575000000000000000e+02 5.616299183613904088e-06 3.459483851269595604e-07 -2.993245938892851687e-07 6.358826850718202405e-07 5.363402138043337935e-08 2.031977780048147108e-06 4.142079824366935718e-06
8.600000000000000000e+02 5.884433526528809237e-06 2.591816829957238460e-07 -2.085676115049488815e-07 6.194436263656122602e-07 1.284497009234952061e-07 2.004339605264376780e-06 4.254108379079399668e-06
8.625000000000000000e+02 5.515025720423594240e-06 3.436970578862386138e-07 -2.849314278956244607e-07 6.272365673666513249e-07 5.532394301746455343e-08 1.916866317390053926e-06 4.029564302590149692e-06
8.650000000000000000e+02 5.762177396506729231e-06 2.561347487285203550e-07 -1.887494162709833547e-07 6.043176007884731956e-07 1.209649238053581687e-07 1.900327803049680807e-06 4.133411400172441458e-06
8.675000000000000000e+02 5.402568738551849216e-06 3.368098489579196592e-07 -2.719513460126506047e-07 6.136739544544411288e-07 5.655029290568139660e-08 1.806943874047293585e-06 3.911593283526792071e-06
8.700000000000000000e+02 5.627350192019520149e-06 2.492143497347498820e-07 -1.722073058469952239e-07 5.856790387769982963e-07 1.139085739797641258e-07 1.801737393766185828e-06 4.007383312281352560e-06
8.725000000000000000e+02 5.279214004107046940e-06 3.253733553027160248e-07 -2.601587995124528743e-07 5.951972033603425870e-07 5.737559385978145124e-08 1.702174783493700446e-06 3.788292995480544563e-06
8.750000000000000000e+02 5.481124493418932055e-06 2.386330481597198732e-07 -1.590476336242259346e-07 5.636075031021370299e-07 1.073980088475823896e-07 1.708307538839926809e-06 3.876519767680498105e-06
8.775000000000000000e+02 5.146367490144498731e-06 3.097589504015729653e-07 -2.492896986600574590e-07 5.721501573896503347e-07 5.786251335321563777e-08 1.602454863206641699e-06 3.660486255370395382e-06
8.800000000000000000e+02 5.325922694598617308e-06 2.248121916442969014e-07 -1.492840756339441103e-07 5.384829939302448746e-07 1.015387642453481467e-07 1.619706005985416535e-06 3.742055847257139465e-06
8.825000000000000000e+02 5.006526918857545336e-06 2.906182227176756638e-07 -2.390606051095442255e-07 5.452070740281200348e-07 5.808392836936780407e-08 1.507607175155869793e-06 3.529670584020767847e-06
8.850000000000000000e+02 5.165363574279879935e-06 2.083761831780606073e-07 -1.428381058682445402e-07 5.109656776368431678e-07 9.641337400837766995e-08 1.535531420448971298e-06 3.605930336182847306e-06
8.875000000000000000e+02 4.863201832690933410e-06 2.688488361728858185e-07 -2.291795121324580806e-07 5.153431791129037729e-07 5.811740966751820234e-08 1.417381079311518866e-06 3.397963045557678025e-06
8.900000000000000000e+02 5.004131905773334396e-06 1.901214432251663228e-07 -1.395517744989777971e-07 4.819651976535333144e-07 9.208289395046089829e-08 1.455321556970859123e-06 3.470709330198863258e-06
8.925000000000000000e+02 4.720770261258522277e-06 2.455506084714897798e-07 -2.193746275866169169e-07 4.837914083846151010e-07 5.804231204848916677e-08 1.331458746380240862e-06 3.268010208011689120e-06
8.950000000000000000e+02 4.847775228062189917e-06 1.709803565821843603e-07 -1.391808064031355292e-07 4.525852045702549506e-07 8.857886084795842040e-08 1.378567552086072791e-06 3.339463992359258644e-06
8.975000000000000000e+02 4.584275197944976227e-06 2.219699199779157031e-07 -2.094167512676524572e-07 4.519822222395219799e-07 5.793121481517693126e-08 1.249468521717526598e-06 3.142862970951012323e-06
9.000000000000000000e+02 4.702432331078654355e-06 1.519701373856818918e-07 -1.414055113587162185e-07 4.240679489094567667e-07 8.590604447872522340e-08 1.304731241743698858e-06 3.215615760865905016e-06
9.025000000000000000e+02 4.459152337337357781e-06 1.994365102163442423e-07 -1.991292303530202207e-07 4.214670749673743609e-07 5.784234862397310170e-08 1.171003093834977538e-06 3.025811253069854761e-06
9.050000000000000000e+02 4.574511706906392063e-06 1.341402063196994717e-07 -1.458451953457387975e-07 3.977279307329162321e-07 8.404168714937396435e-08 1.233267909719358046e-06 3.102753773679333224e-06
9.075000000000000000e+02 4.350933465166662077e-06 1.792933884630087966e-07 -1.884050969052975936e-07 3.938373958275676123e-07 5.781849175658521040e-08 1.095642735095682805e-06 2.920206798044956168e-06
9.100000000000000000e+02 4.470339426811520113e-06 1.185158045490908329e-07 -1.520712244969710691e-07 3.748727320849632065e-07 8.293441511239042276e-08 1.163653262027973099e-06 3.004432710462228262e-06
9.125000000000000000e+02 4.264919203069083919e-06 1.628230391736096306e-07 -1.772180207557513685e-07 3.706329952070319941e-07 5.788861222957362783e-08 1.022980242544124327e-06 2.829266220410119829e-06
9.150000000000000000e+02 4.395786590544403502e-06 1.060422218396084241e-07 -1.596166939119723335e-07 3.567254922755225042e-07 8.250105337752455567e-08 1.095413170806782628e-06 2.923962626813354105e-06
9.175000000000000000e+02 4.205833835304418192e-06 1.511782804477945708e-07 -1.656190903197338192e-07 3.532550985742233091e-07 5.806424485773503122e-08 9.526478074290660049e-07 2.755868370653853515e-06
9.200000000000000000e+02 4.355890516835714035e-06 9.753011993733906917e-08 -1.680013281275405785e-07 3.443487719693827521e-07 8.263154609880114159e-08 1.028151763758414873e-06 2.864195526281755883e-06
9.225000000000000000e+02 4.177511219021568382e-06 1.453180071703030715e-07 -1.537360871029383712e-07 3.428800637657047884e-07 5.833820849576116056e-08 8.843449039356655096e-07 2.702368093361469552e-06
9.250000000000000000e+02 4.354507328092794037e-06 9.361106271121854978e-08 -1.767470775652113768e-07 3.385771172927043341e-07 8.319588414988253501e-08 9.615796539552926753e-07 2.827332049670395788e-06
9.275000000000000000e+02 4.182624751804553487e-06 1.459503594292144232e-07 -1.417730912843095147e-07 3.403871229478383732e-07 5.868413821411835738e-08 8.178635535071368007e-07 2.670437714129764278e-06
9.300000000000000000e+02 4.394006173850328790e-06 9.469654068485766648e-08 -1.853938604138802768e-07 3.399551877039108415e-07 8.404679203084875266e-08 8.955360333100896499e-07 2.814748697432164535e-06
9.325000000000000000e+02 4.222447620426805460e-06 1.534797295910550558e-07 -1.299970616638771392e-07 3.462950130068698466e-07 5.906287606367742009e-08 7.531106676895578585e-07 2.660926650561616424e-06
9.350000000000000000e+02 4.475032251496102674e-06 1.009480214207769657e-07 -1.935201734965982321e-07 3.486925244410521515e-07 8.502612982209958078e-08 8.300071855192983355e-07 2.826865980728226236e-06
9.375000000000000000e+02 4.296674090495500417e-06 1.679755930071635701e-07 -1.187095495169806176e-07 3.607155882560775416e-07 5.942016244974753955e-08 6.901249938942366062e-07 2.673757336322907124e-06
9.400000000000000000e+02 4.596353445543499694e-06 1.122540466143462356e-07 -2.007658932313208282e-07 3.646375089839892557e-07 8.597431552208202231e-08 7.651379061459877781e-07 2.863064430336738470e-06
9.425000000000000000e+02 4.403332127932557880e-06 1.891527026304018398e-07 -1.082228631950889411e-07 3.833334145817879432e-07 5.969462183677337430e-08 6.290866820365176135e-07 2.707876112275431507e-06
9.450000000000000000e+02 4.754807378021297018e-06 1.282269384622836239e-07 -2.068483757667357169e-07 3.872672060407644952e-07 8.673987069390859363e-08 7.012345818924083246e-07 2.921654582977235157e-06
9.475000000000000000e+02 4.538791990740164937e-06 2.163747479357880363e-07 -9.883051124349503238e-08 4.134037422312885974e-07 5.981661983963924284e-08 5.703193213139585451e-07 2.761257527142705907e-06
9.500000000000000000e+02 4.945356204684969354e-06 1.482150843063578883e-07 -2.115777489299613137e-07 4.157017520098449574e-07 8.718526894439353694e-08 6.387581641558096930e-07 2.999908060425312055e-06
9.525000000000000000e+02 4.697868537891025356e-06 2.486733863245049561e-07 -9.077870072020820501e-08 4.497783699533463895e-07 5.971600825174362426e-08 5.142836490959984512e-07 2.830965278470185151e-06
9.550000000000000000e+02 5.161254385828683727e-06 1.713266953247582966e-07 -2.148679125053497697e-07 4.487376106245832944e-07 8.720011674018725562e-08 5.783078990414968822e-07 3.094149947747381819e-06
9.575000000000000000e+02 4.874019705779986114e-06 2.847917933690879796e-07 -8.423917492848031351e-08 4.909511962413404750e-07 5.932038586670077909e-08 4.615627518437586209e-07 2.913266826932542473e-06
9.600000000000000000e+02 5.394315343280098158e-06 1.964734286300284854e-07 -2.167431108857001594e-07 4.849024120737510220e-07 8.670527794553510365e-08 5.205955870864185588e-07 3.199906671220133922e-06
9.625000000000000000e+02 5.059628513189550942e-06 3.232411606539642282e-07 -7.928446286576450397e-08 5.351276726010212015e-07 5.856495331051925121e-08 4.128391686130849709e-07 3.003797677201828769e-06
9.650000000000000000e+02 5.635274181924643514e-06 2.224253322337332839e-07 -2.173413129787342164e-07 5.225236462751858512e-07 8.565713746846205813e-08 4.664118243674197096e-07 3.312104826283624696e-06
9.675000000000000000e+02 5.246355971414829223e-06 3.623768464802168461e-07 -7.587063606686698580e-08 5.803106411473635452e-07 5.739486102252716958e-08 3.688650110367022567e-07 3.097765811799447459e-06
9.700000000000000000e+02 5.874216437807433131e-06 2.478770820479425642e-07 -2.169074811475766669e-07 5.598148109963397223e-07 8.405055861117581651e-08 4.165856159478158673e-07 3.425308432375794361e-06
9.725000000000000000e+02 5.425552471900374263e-06 4.004794700458447383e-07 -7.383142537539236388e-08 6.243980484025967906e-07 5.577660588003304011e-08 3.304266977149178940e-07 3.190188609008944288e-06
9.750000000000000000e+02 6.101049110780465649e-06 2.715279492843336822e-07 -2.157814244560236604e-07 5.949617193232725237e-07 8.190931410450635257e-08 3.719399396090722469e-07 3.533975384856405395e-06
9.775000000000000000e+02 5.588699900950544202e-06 4.358393472843502614e-07 -7.288744450736576595e-08 6.652936902546535622e-07 5.371796508026119298e-08 2.983065382984328591e-07 3.276150064751815206e-06
9.800000000000000000e+02 6.305982994759417757e-06 2.921696371247506503e-07 -2.143716059287908225e-07 6.262156232692106382e-07 7.927024510316392430e-08 3.332460336839171712e-07 3.632722325856272757e-06
9.825000000000000000e+02 5.727875569277784914e-06 4.668257839471223914e-07 -7.267994203531448542e-08 7.010226058684842550e-07 5.130412022043232988e-08 2.732431549848140626e-07 3.351070665065541484e-06
9.850000000000000000e+02 6.479976187273450948e-06 3.087881690559513201e-07 -2.131090658433403636e-07 6.519677082935437460e-07 7.614511364513291418e-08 3.011806526359388740e-07 3.716562274101466784e-06
9.875000000000000000e+02 5.836219964584899246e-06 4.919208430157695443e-07 -7.283826616856174579e-08 7.298649038848026195e-07 4.876633993151245348e-08 2.558939795389877421e-07 3.410989424004345068e-06
9.900000000000000000e+02 6.615083001730326259e-06 3.206835683945641556e-07 -2.123631350380997741e-07 6.707973625424301164e-07 7.244805725735749743e-08 2.762909557162207435e-07 3.781085659994488533e-06
9.925000000000000000e+02 5.908423907340321375e-06 5.096785417771698253e-07 -7.312262686058056983e-08 7.505261888952396838e-07 4.661431077683762881e-08 2.468034388577068235e-07 3.452876767546634100e-06
9.950000000000000000e+02 6.704757961771079530e-06 3.276962848280717668e-07 -2.122304528492706366e-07 6.814193912541455498e-07 6.780199371859522553e-08 2.589716179742754391e-07 3.822574485499750418e-06
9.975000000000000000e+02 5.941553282172407352e-06 5.185996269418069524e-07 -7.349895472727550549e-08 7.627261065373147785e-07 4.583140925635241376e-08 2.463572537622574743e-07 3.475318321235989591e-06
1.000000000000000000e+03 6.741096000177648671e-06 3.294194338536726820e-07 -2.120322742326321101e-07 6.829590240518434744e-07 6.221507003872934477e-08 2.494843316690982932e-07 3.836769677949294663e-06
