z Tu Tv Tw
0.000000000000000000e+00 9.329725004431452685e-04 1.010007172469187201e-03 1.056174188715081002e-06
2.500000000000000000e+00 1.535510596645832480e-03 1.627948846151133474e-03 -4.656015043242149880e-05
5.000000000000000000e+00 1.881299215404828862e-03 2.034058683249685175e-03 -1.412772940428550698e-04
7.500000000000000000e+00 2.129522874112353692e-03 2.355720131969843423e-03 -2.607512987462478303e-04
1.000000000000000000e+01 2.290965552173417942e-03 2.566430431499344255e-03 -3.914795642427222307e-04
1.250000000000000000e+01 2.378962576521581867e-03 2.664067414179345332e-03 -5.167139646323171912e-04
1.500000000000000000e+01 2.414922357627346909e-03 2.668558906987300496e-03 -6.376529369348030163e-04
1.750000000000000000e+01 2.427503816414270082e-03 2.614721181389109000e-03 -7.467523407429316413e-04
2.000000000000000000e+01 2.437581216807779925e-03 2.535111261506039961e-03 -8.445158867742707685e-04
2.250000000000000000e+01 2.462315150941003696e-03 2.451619527620732628e-03 -9.296775531483565018e-04
2.500000000000000000e+01 2.513946911376922257e-03 2.379933481202488321e-03 -1.004382211257041219e-03
2.750000000000000000e+01 2.589105800751622093e-03 2.328086183527250299e-03 -1.068609781924175677e-03
3.000000000000000000e+01 2.676431843324087161e-03 2.294823402333020287e-03 -1.123228912147145129e-03
3.250000000000000000e+01 2.769409298475170381e-03 2.268995453716229297e-03 -1.166856029465216044e-03
3.500000000000000000e+01 2.858890785286064256e-03 2.245156499331539979e-03 -1.198845600506361899e-03
3.750000000000000000e+01 2.922987819060893049e-03 2.215944153468478884e-03 -1.219039918663484146e-03
4.000000000000000000e+01 2.947345218511793381e-03 2.169225322210422725e-03 -1.228333942836998000e-03
4.250000000000000000e+01 2.937818806654854484e-03 2.100025804764572845e-03 -1.228024664134142732e-03
4.500000000000000000e+01 2.908205789111991540e-03 2.012537178649051722e-03 -1.220725729003127374e-03
4.750000000000000000e+01 2.870885460780925671e-03 1.915661425056009630e-03 -1.208645129687510242e-03
5.000000000000000000e+01 2.828769420817377547e-03 1.816374377111344479e-03 -1.193081158230530590e-03
5.250000000000000000e+01 2.782722592508344098e-03 1.720800679665478606e-03 -1.174277954756892299e-03
5.500000000000000000e+01 2.737028580761238870e-03 1.630528108172370596e-03 -1.152970434255015534e-03
5.750000000000000000e+01 2.695324565743532994e-03 1.544491830303195389e-03 -1.130580992921435563e-03
6.000000000000000000e+01 2.659082747909497033e-03 1.461799046185808387e-03 -1.107973400023158205e-03
6.250000000000000000e+01 2.624566022375006413e-03 1.380506502119828883e-03 -1.084900250397003016e-03
6.500000000000000000e+01 2.582263144652222498e-03 1.299395230832999480e-03 -1.060743180772077488e-03
6.750000000000000000e+01 2.528031585467044665e-03 1.219076138508035046e-03 -1.034849422263604086e-03
7.000000000000000000e+01 2.463343401701592779e-03 1.137409665610482562e-03 -1.007660868940224311e-03
7.250000000000000000e+01 2.390227371454545918e-03 1.052465999826449755e-03 -9.804523117466427528e-04
7.500000000000000000e+01 2.310540910206850679e-03 9.676997257107586639e-04 -9.532447963554264905e-04
7.750000000000000000e+01 2.225509430307419986e-03 8.856136532848835931e-04 -9.263568256947427547e-04
8.000000000000000000e+01 2.142368639456640380e-03 8.057992187584887009e-04 -8.998807049300621688e-04
8.250000000000000000e+01 2.065090017977422397e-03 7.292036216512997639e-04 -8.736160655478896180e-04
8.500000000000000000e+01 1.989037439029118538e-03 6.583429207683365965e-04 -8.471623198710247866e-04
8.750000000000000000e+01 1.912892220943274331e-03 5.936296903272705308e-04 -8.209119034996877323e-04
9.000000000000000000e+01 1.836797618070807030e-03 5.343084710525773098e-04 -7.951893810858619424e-04
9.250000000000000000e+01 1.762035199593037747e-03 4.813877880295194638e-04 -7.698358854802212284e-04
9.500000000000000000e+01 1.691455428895676481e-03 4.355976200789086540e-04 -7.447573643922128809e-04
9.750000000000000000e+01 1.622434322172921443e-03 3.956378346163887572e-04 -7.202678225330666354e-04
1.000000000000000000e+02 1.553207229636029835e-03 3.593245721334596991e-04 -6.967281026543752087e-04
1.025000000000000000e+02 1.486710556509160614e-03 3.237512263377425453e-04 -6.741036041876288624e-04
1.050000000000000000e+02 1.424930079135242446e-03 2.884278040476260683e-04 -6.522144301996505612e-04
1.075000000000000000e+02 1.366335044555080534e-03 2.559915995938922867e-04 -6.307846249434530088e-04
1.100000000000000000e+02 1.310992331659349480e-03 2.287267709326556639e-04 -6.097688562028396458e-04
1.125000000000000000e+02 1.258979613349038140e-03 2.055489107859784876e-04 -5.891596101219049447e-04
1.150000000000000000e+02 1.209102047845840447e-03 1.844413412761241461e-04 -5.687141243849534039e-04
1.175000000000000000e+02 1.159384237504934839e-03 1.636392108125505858e-04 -5.482983867959672318e-04
1.200000000000000000e+02 1.108515493948732415e-03 1.428151945381387115e-04 -5.283168854877607267e-04
1.225000000000000000e+02 1.058695761865863054e-03 1.225838876803209067e-04 -5.089241179860166898e-04
1.250000000000000000e+02 1.012781198582069983e-03 1.030664511778809364e-04 -4.899871663896467402e-04
1.275000000000000000e+02 9.713071226013540119e-04 8.504884998907301212e-05 -4.716719627154430136e-04
1.300000000000000000e+02 9.333573550346613941e-04 6.941069826829107637e-05 -4.539355779507776053e-04
1.325000000000000000e+02 8.977905005158731949e-04 5.562185269152450715e-05 -4.366454166385622918e-04
1.350000000000000000e+02 8.622289860168848253e-04 4.298111006703493440e-05 -4.198112479802464407e-04
1.375000000000000000e+02 8.249973709960044818e-04 3.217110263840368384e-05 -4.033829481585042738e-04
1.400000000000000000e+02 7.869211739579100306e-04 2.424331571559150595e-05 -3.873581663141232537e-04
1.425000000000000000e+02 7.486259092693558223e-04 1.846990839577529353e-05 -3.718330892915682417e-04
1.450000000000000000e+02 7.122792365581290036e-04 1.362519917028066666e-05 -3.568869042793560917e-04
1.475000000000000000e+02 6.799604071497015014e-04 9.472934963889656764e-06 -3.425730278610394724e-04
1.500000000000000000e+02 6.504100866800058669e-04 5.419022104797477123e-06 -3.288100840887767584e-04
1.525000000000000000e+02 6.210357615338920776e-04 1.789859345262811898e-06 -3.154957510297035431e-04
1.550000000000000000e+02 5.917838452500518310e-04 -1.006174144697524657e-06 -3.026371324830623584e-04
1.575000000000000000e+02 5.635698892047003071e-04 -3.214793153927075607e-06 -2.902249143414850174e-04
1.600000000000000000e+02 5.366065915906006361e-04 -5.671782928186530595e-06 -2.782343853911640021e-04
1.625000000000000000e+02 5.109356895925884490e-04 -8.872713974130874064e-06 -2.666293659641592569e-04
1.650000000000000000e+02 4.863911800890263998e-04 -1.279910816879237304e-05 -2.554068228177453761e-04
1.675000000000000000e+02 4.627430916435514691e-04 -1.682300431830299333e-05 -2.446086214657944074e-04
1.700000000000000000e+02 4.400345447276094910e-04 -1.958320499732053610e-05 -2.342873164967471198e-04
1.725000000000000000e+02 4.187702253019097280e-04 -2.077362413783703397e-05 -2.244939077288119909e-04
1.750000000000000000e+02 3.987934606456405981e-04 -2.126528023242144611e-05 -2.151675234138227498e-04
1.775000000000000000e+02 3.794351909199122192e-04 -2.169779828891478177e-05 -2.062457711139950329e-04
1.800000000000000000e+02 3.606831622719710228e-04 -2.221073218798892514e-05 -1.976446702963603210e-04
1.825000000000000000e+02 3.430258434517554364e-04 -2.285718907992304586e-05 -1.893435610540923923e-04
1.850000000000000000e+02 3.264434761517691005e-04 -2.372880942656365789e-05 -1.813645095045382440e-04
1.875000000000000000e+02 3.112984849958479530e-04 -2.522160689524071171e-05 -1.737131103228879323e-04
1.900000000000000000e+02 2.977899486433330137e-04 -2.706360311038906851e-05 -1.663919272675102256e-04
1.925000000000000000e+02 2.858943569200164615e-04 -2.792591865614895208e-05 -1.594236864758606751e-04
1.950000000000000000e+02 2.753352340649939823e-04 -2.735765720094605067e-05 -1.528453686072868422e-04
1.975000000000000000e+02 2.654686352233852722e-04 -2.622806346494144250e-05 -1.466218253037076624e-04
2.000000000000000000e+02 2.557333406786256222e-04 -2.566742602900831232e-05 -1.407239665933382347e-04
2.025000000000000000e+02 2.458445782547869353e-04 -2.601518229193970915e-05 -1.351287237341605848e-04
2.050000000000000000e+02 2.363252779900676631e-04 -2.663387187484431853e-05 -1.298566135311938650e-04
2.075000000000000000e+02 2.276245968657804070e-04 -2.691859654096333376e-05 -1.249059185424063049e-04
2.100000000000000000e+02 2.193272614919806118e-04 -2.686841521142468826e-05 -1.202222394273119358e-04
2.125000000000000000e+02 2.109445231761355977e-04 -2.662318679188047164e-05 -1.158202506034015277e-04
2.150000000000000000e+02 2.024579843686978987e-04 -2.643548318378634735e-05 -1.117214593129120011e-04
2.175000000000000000e+02 1.938986473262389095e-04 -2.644516371184408766e-05 -1.078725630357886463e-04
2.200000000000000000e+02 1.850343100844497799e-04 -2.656875103516540435e-05 -1.042287623581048998e-04
2.225000000000000000e+02 1.759642344955864122e-04 -2.660110601691485652e-05 -1.007653971841118549e-04
2.250000000000000000e+02 1.673424653029314776e-04 -2.646440874164000082e-05 -9.749494213925697565e-05
2.275000000000000000e+02 1.595933658484341227e-04 -2.633896242418813936e-05 -9.441631776160467953e-05
2.300000000000000000e+02 1.526317395082287377e-04 -2.630396192674879768e-05 -9.152024223558931219e-05
2.325000000000000000e+02 1.461308518014220795e-04 -2.621867549820535727e-05 -8.877119943365702876e-05
2.350000000000000000e+02 1.399468820570973432e-04 -2.581198050048669787e-05 -8.616088368726243214e-05
2.375000000000000000e+02 1.340800050560915220e-04 -2.500052344165624172e-05 -8.371012613455154400e-05
2.400000000000000000e+02 1.285509048859012160e-04 -2.397829371197986062e-05 -8.141868296440246504e-05
2.425000000000000000e+02 1.234697065878549509e-04 -2.274303444710312785e-05 -7.928102078750939765e-05
2.450000000000000000e+02 1.190516610408394671e-04 -2.103360966327727676e-05 -7.728130112864124940e-05
2.475000000000000000e+02 1.153258380491706660e-04 -1.891837079729157399e-05 -7.539484810537069859e-05
2.500000000000000000e+02 1.119222588030652313e-04 -1.691316141711922606e-05 -7.360050835458413585e-05
2.525000000000000000e+02 1.084630451540419992e-04 -1.539805110193128771e-05 -7.187278843179148533e-05
2.550000000000000000e+02 1.048273120677549697e-04 -1.438283429787361535e-05 -7.019281179528651863e-05
2.575000000000000000e+02 1.012563701827048099e-04 -1.373189013065711986e-05 -6.855286612955421703e-05
2.600000000000000000e+02 9.809332509389605509e-05 -1.330623761207334568e-05 -6.695195941622082963e-05
2.625000000000000000e+02 9.545179517132283491e-05 -1.307101248459048345e-05 -6.539670856933591826e-05
2.650000000000000000e+02 9.302630631381135192e-05 -1.315183332424112422e-05 -6.388477009401511406e-05
2.675000000000000000e+02 9.057595588545837165e-05 -1.360351242711885793e-05 -6.240674440528952438e-05
2.700000000000000000e+02 8.813845026165836372e-05 -1.420948147682565913e-05 -6.095904401303585467e-05
2.725000000000000000e+02 8.575706359603146194e-05 -1.469866908111043737e-05 -5.954039081335835555e-05
2.750000000000000000e+02 8.335567458369724228e-05 -1.492515274098877876e-05 -5.815083923029382390e-05
2.775000000000000000e+02 8.082567563783413158e-05 -1.495815355966669792e-05 -5.679874002975457160e-05
2.800000000000000000e+02 7.818919413025469749e-05 -1.504043134318635647e-05 -5.548694411626172910e-05
2.825000000000000000e+02 7.568524667295832282e-05 -1.538506431415953720e-05 -5.420813427362232483e-05
2.850000000000000000e+02 7.349957531920381230e-05 -1.611778768518661256e-05 -5.295705875364649417e-05
2.875000000000000000e+02 7.163564680805621274e-05 -1.719564967627320491e-05 -5.172800761940981982e-05
2.900000000000000000e+02 6.990395355169311601e-05 -1.834828690057293104e-05 -5.051473990124859823e-05
2.925000000000000000e+02 6.810511443458153386e-05 -1.932116879913792299e-05 -4.931670313198704877e-05
2.950000000000000000e+02 6.626445453906625841e-05 -1.994493387393276855e-05 -4.813108955643249128e-05
2.975000000000000000e+02 6.449147619442783272e-05 -2.013701692629865731e-05 -4.696159750825392706e-05
3.000000000000000000e+02 6.281368168378093921e-05 -1.999288780856431989e-05 -4.581985136263687922e-05
3.025000000000000000e+02 6.126543346024391188e-05 -1.960575466285945515e-05 -4.470301815280611045e-05
3.050000000000000000e+02 5.984243403702293719e-05 -1.901598187114359465e-05 -4.361018756935074848e-05
3.075000000000000000e+02 5.844005005579902009e-05 -1.835261044843719102e-05 -4.254533466030355866e-05
3.100000000000000000e+02 5.697939332328587862e-05 -1.775005566308891590e-05 -4.150889137622190147e-05
3.125000000000000000e+02 5.545460196412932164e-05 -1.721425983632798225e-05 -4.049639169371841454e-05
3.150000000000000000e+02 5.395781538669552587e-05 -1.667863821897981320e-05 -3.950288626260088046e-05
3.175000000000000000e+02 5.259310269917705298e-05 -1.613416520232249278e-05 -3.852513122433765149e-05
3.200000000000000000e+02 5.135471584243304926e-05 -1.566656374319563787e-05 -3.755876119590426381e-05
3.225000000000000000e+02 5.019695885411010991e-05 -1.530825469765204758e-05 -3.660773413386225945e-05
3.250000000000000000e+02 4.902729578477646981e-05 -1.502275913190942418e-05 -3.567415504457919660e-05
3.275000000000000000e+02 4.772492611848519689e-05 -1.475649664306502066e-05 -3.475809632914749370e-05
3.300000000000000000e+02 4.629255438940163087e-05 -1.446373656456216918e-05 -3.386017264651508318e-05
3.325000000000000000e+02 4.478251671165480602e-05 -1.419666324486570328e-05 -3.298089689010988217e-05
3.350000000000000000e+02 4.320731917594002644e-05 -1.401906862599844280e-05 -3.211726367106691136e-05
3.375000000000000000e+02 4.154137693334405561e-05 -1.389080296216889032e-05 -3.126326419980028393e-05
3.400000000000000000e+02 3.982186773396279229e-05 -1.374612330204172359e-05 -3.041551443302106290e-05
3.425000000000000000e+02 3.819279230070833392e-05 -1.354353279897395552e-05 -2.957861562720173366e-05
3.450000000000000000e+02 3.674904283676596424e-05 -1.329243358164831112e-05 -2.875766869965946007e-05
3.475000000000000000e+02 3.546875237855146907e-05 -1.304904005068010492e-05 -2.795654588192277867e-05
3.500000000000000000e+02 3.429302048386944122e-05 -1.288662192798710681e-05 -2.717107746439967946e-05
3.525000000000000000e+02 3.319726257872161805e-05 -1.281022970780440946e-05 -2.639815882018358768e-05
3.550000000000000000e+02 3.217350495500568425e-05 -1.273735571601264376e-05 -2.563540162757212278e-05
3.575000000000000000e+02 3.122649719215360003e-05 -1.260599480713153701e-05 -2.488782324620293196e-05
3.600000000000000000e+02 3.036182022732418766e-05 -1.244082526432066436e-05 -2.415496934424904690e-05
3.625000000000000000e+02 2.954912376522997902e-05 -1.228113108920751931e-05 -2.343715018255392626e-05
3.650000000000000000e+02 2.874730880171228026e-05 -1.213964777515457163e-05 -2.272919756645615420e-05
3.675000000000000000e+02 2.792197401985276858e-05 -1.201656127232126814e-05 -2.203409114724054873e-05
3.700000000000000000e+02 2.703814391920786794e-05 -1.189033923562874369e-05 -2.134913886067858288e-05
3.725000000000000000e+02 2.611770150496113273e-05 -1.174122504210117842e-05 -2.067958172502068947e-05
3.750000000000000000e+02 2.520077569231489096e-05 -1.157603532465145688e-05 -2.001710723451970039e-05
3.775000000000000000e+02 2.430932422910245968e-05 -1.142066612184180422e-05 -1.937173389473467137e-05
3.800000000000000000e+02 2.347220629744697484e-05 -1.122828483818238989e-05 -1.873945037474795771e-05
3.825000000000000000e+02 2.274479045274801987e-05 -1.096221187308401638e-05 -1.813266736769172008e-05
3.850000000000000000e+02 2.211099378716880874e-05 -1.063416689033829197e-05 -1.753895407078413118e-05
3.875000000000000000e+02 2.152963048031324476e-05 -1.027957440492173164e-05 -1.696695226339315932e-05
3.900000000000000000e+02 2.099847742584870367e-05 -9.911133121249804457e-06 -1.640097263672363594e-05
3.925000000000000000e+02 2.050005345838599289e-05 -9.551610039989100542e-06 -1.585620804833369994e-05
3.950000000000000000e+02 1.997711090012899027e-05 -9.214355944777708054e-06 -1.531782018096756833e-05
3.975000000000000000e+02 1.942328436402931290e-05 -8.894530772090548199e-06 -1.480463887900630764e-05
4.000000000000000000e+02 1.885248429819057556e-05 -8.594653151806141636e-06 -1.429383531568837239e-05
4.025000000000000000e+02 1.827606023828138963e-05 -8.304909798539482973e-06 -1.380394698181242588e-05
4.050000000000000000e+02 1.767513769107153956e-05 -7.993139887628330866e-06 -1.330800120697450953e-05
4.075000000000000000e+02 1.704529082264798364e-05 -7.681749845596642326e-06 -1.283353376608280839e-05
4.100000000000000000e+02 1.639912304204926998e-05 -7.419549341761922244e-06 -1.234954202130167836e-05
4.125000000000000000e+02 1.577651945792695243e-05 -7.218224410155471218e-06 -1.188807443964161038e-05
4.150000000000000000e+02 1.519351743535253185e-05 -7.059169819115140576e-06 -1.141319201350749130e-05
4.175000000000000000e+02 1.464376131229982990e-05 -6.938353590396673074e-06 -1.096640379032539970e-05
4.200000000000000000e+02 1.412723003359133067e-05 -6.810098713651769107e-06 -1.050567313320922212e-05
4.225000000000000000e+02 1.367812055046897564e-05 -6.638182717347263302e-06 -1.007852103924704385e-05
4.250000000000000000e+02 1.326641238514412105e-05 -6.434325002999230600e-06 -9.633613192056427610e-06
4.275000000000000000e+02 1.286140947664762305e-05 -6.240356455703022643e-06 -9.226760952238505131e-06
4.300000000000000000e+02 1.243227086596334671e-05 -6.047447329444821850e-06 -8.800195138377797850e-06
4.325000000000000000e+02 1.199953273517166891e-05 -5.848028145589978443e-06 -8.418825864725840730e-06
4.350000000000000000e+02 1.156537063247924323e-05 -5.609989998868058849e-06 -8.014419823593085159e-06
4.375000000000000000e+02 1.114280524499236033e-05 -5.338420805799159892e-06 -7.659557053809649428e-06
4.400000000000000000e+02 1.073290099196810791e-05 -5.045054886852540591e-06 -7.277098292935709156e-06
4.425000000000000000e+02 1.033529899580116762e-05 -4.763721104143314717e-06 -6.946546101736312771e-06
4.450000000000000000e+02 9.901592887945299273e-06 -4.492519250197801598e-06 -6.582510914879549344e-06
4.475000000000000000e+02 9.438769845439765041e-06 -4.253061482893372238e-06 -6.272134752052593455e-06
4.500000000000000000e+02 8.936069745038820923e-06 -4.019739086572826718e-06 -5.924537224687943344e-06
4.525000000000000000e+02 8.459357043500403329e-06 -3.788187863528946790e-06 -5.633592136504438616e-06
4.550000000000000000e+02 7.995597055435155719e-06 -3.548706461310757798e-06 -5.302060896637168728e-06
4.575000000000000000e+02 7.576009119941318423e-06 -3.332727262170465254e-06 -5.029823630437294374e-06
4.600000000000000000e+02 7.165118632053690931e-06 -3.150313823743999855e-06 -4.714311602552987432e-06
4.625000000000000000e+02 6.771433439200791642e-06 -3.007503807054945277e-06 -4.460014955185130704e-06
4.650000000000000000e+02 6.360421347847022521e-06 -2.874611739366628356e-06 -4.160877659715346222e-06
4.675000000000000000e+02 5.963747305020206117e-06 -2.775184816061937272e-06 -3.925055718294148709e-06
4.700000000000000000e+02 5.560073824187839137e-06 -2.679893503852781547e-06 -3.645591271066564588e-06
4.725000000000000000e+02 5.172833060066750340e-06 -2.595489428313157979e-06 -3.430255551178401464e-06
4.750000000000000000e+02 4.787261491594562981e-06 -2.496028115297122147e-06 -3.172484175761024792e-06
4.775000000000000000e+02 4.434430019193768951e-06 -2.405640050528745610e-06 -2.977501506224387959e-06
4.800000000000000000e+02 4.080892261924873534e-06 -2.287056979287172114e-06 -2.741741340006533565e-06
4.825000000000000000e+02 3.753742990966202477e-06 -2.181720027488154110e-06 -2.566363982341720730e-06
4.850000000000000000e+02 3.423316176088064881e-06 -2.046530363031706497e-06 -2.353180738242956137e-06
4.875000000000000000e+02 3.125804983983471077e-06 -1.933609116383650058e-06 -2.197555140343217160e-06
4.900000000000000000e+02 2.823910259292006376e-06 -1.787558920318588256e-06 -2.006991619651803073e-06
4.925000000000000000e+02 2.551756363357071467e-06 -1.670339222812344722e-06 -1.869734611740460266e-06
4.950000000000000000e+02 2.274530122724627149e-06 -1.517956947020593394e-06 -1.700490816111792465e-06
4.975000000000000000e+02 2.035485606108977479e-06 -1.409591145886679366e-06 -1.579984531962706747e-06
5.000000000000000000e+02 1.794624739329719854e-06 -1.257196781352831658e-06 -1.430992913524366926e-06
5.025000000000000000e+02 1.602049800749227844e-06 -1.162455272719853329e-06 -1.326186108012971577e-06
5.050000000000000000e+02 1.409297746954507534e-06 -1.016476732149840351e-06 -1.195755486599375911e-06
5.075000000000000000e+02 1.258509493368365019e-06 -9.401480069982425997e-07 -1.105033772605266994e-06
5.100000000000000000e+02 1.095205932278986433e-06 -8.029905284729465921e-07 -9.909049110320735770e-07
5.125000000000000000e+02 9.664245176622898417e-07 -7.403944867178325188e-07 -9.121984406841706217e-07
5.150000000000000000e+02 8.238896915827354191e-07 -6.111151203981535164e-07 -8.113489008589158692e-07
5.175000000000000000e+02 7.186977692072104676e-07 -5.632739201814729108e-07 -7.431536137374752815e-07
5.200000000000000000e+02 6.007645073395906806e-07 -4.512067031669175629e-07 -6.548338942807513850e-07
5.225000000000000000e+02 5.159156393801822545e-07 -4.233120942558343597e-07 -5.971974945804731504e-07
5.250000000000000000e+02 4.159624203339262927e-07 -3.333213918949695457e-07 -5.206544883570280084e-07
5.275000000000000000e+02 3.456073521988400964e-07 -3.133524257691533422e-07 -4.727203316174752098e-07
5.300000000000000000e+02 2.646409764906820697e-07 -2.395716968521810334e-07 -4.066309238491341667e-07
5.325000000000000000e+02 2.107554169697323240e-07 -2.200333451014557831e-07 -3.673823944350729150e-07
5.350000000000000000e+02 1.508074462549302471e-07 -1.649434324463072736e-07 -3.107588830702709478e-07
5.375000000000000000e+02 1.130102916363284733e-07 -1.444843892613789557e-07 -2.794266210447399424e-07
5.400000000000000000e+02 7.312604965363788996e-08 -1.096110906246394675e-07 -2.318854173136042265e-07
5.425000000000000000e+02 4.890503514616284211e-08 -8.817627580128828432e-08 -2.077128779393935843e-07
5.450000000000000000e+02 2.499093301366883576e-08 -7.185688234585541241e-08 -1.686481064748487910e-07
5.475000000000000000e+02 9.785636109427286997e-09 -4.905067928575590251e-08 -1.503559379366539660e-07
5.500000000000000000e+02 -3.383266982837085396e-09 -4.623718197080961425e-08 -1.188267712890947394e-07
5.525000000000000000e+02 -1.305539177565151442e-08 -2.238112954273674324e-08 -1.051241817785583707e-07
5.550000000000000000e+02 -1.886706282903105467e-08 -2.753516589564242213e-08 -8.052587522727749416e-08
5.575000000000000000e+02 -2.351264874960179513e-08 -5.589025374774791659e-09 -7.054090124019307432e-08
5.600000000000000000e+02 -2.329742020492631223e-08 -1.496694109164309390e-08 -5.229793718373176876e-08
5.625000000000000000e+02 -2.391367926293241906e-08 2.262747648273944078e-09 -4.523321303862016004e-08
5.650000000000000000e+02 -2.096498676564806454e-08 -7.896513579908059169e-09 -3.243108695752949569e-08
5.675000000000000000e+02 -1.998695087195301342e-08 4.314627301482687733e-09 -2.754256290910250903e-08
5.700000000000000000e+02 -1.659941726757097068e-08 -4.046109177124890453e-09 -1.899847684541377957e-08
5.725000000000000000e+02 -1.467689545506800683e-08 3.782500652960152177e-09 -1.568604590767574842e-08
5.750000000000000000e+02 -1.142173287007608508e-08 -1.916552866987331001e-09 -1.028133617582693784e-08
5.775000000000000000e+02 -9.166502309199132301e-09 2.448663894938363237e-09 -8.133238839710955106e-09
5.800000000000000000e+02 -6.668354615158022948e-09 -7.833708309590293047e-10 -4.965833524883666860e-09
5.825000000000000000e+02 -4.834932303765527030e-09 1.336639775217918229e-09 -3.690517916959956596e-09
5.850000000000000000e+02 -3.285308264366904214e-09 -1.701293172118312337e-10 -2.032924633565968790e-09
5.875000000000000000e+02 -2.083133028918382432e-09 6.548839678544027004e-10 -1.373406067853300031e-09
5.900000000000000000e+02 -1.192406000427581640e-09 5.318025841916096490e-11 -6.458202848891314077e-10
5.925000000000000000e+02 -5.608398964795923821e-10 2.318256633770943218e-10 -3.588825191025435312e-10
5.950000000000000000e+02 -2.173270559069351186e-10 3.216547383999568353e-11 -1.192258325066752762e-10
5.975000000000000000e+02 -6.175816906761610667e-11 3.166912847518687891e-11 -4.004293950587989578e-11
6.000000000000000000e+02 -1.551874220240279108e-11 1.306204922002507328e-12 -6.721763706751815647e-12
6.025000000000000000e+02 -5.027561655879253836e-12 1.524051640444667954e-12 -1.923359918554190586e-12
6.050000000000000000e+02 -2.256138031953014251e-12 -1.008402250590734196e-13 -6.763812399057655496e-13
6.075000000000000000e+02 -9.586074156686664064e-13 3.317040864203590854e-13 -3.956172583974293468e-13
6.100000000000000000e+02 -3.883656063408125347e-13 8.287770469905809303e-15 -1.313068320740740014e-13
6.125000000000000000e+02 -3.868763087666593520e-13 -1.010221239994279978e-13 -5.997610186270207435e-14
6.150000000000000000e+02 -2.916067387559451228e-14 5.547917680814862603e-15 -1.264812699020012577e-14
6.175000000000000000e+02 3.459490471868775955e-14 2.715978553169406965e-14 -3.187491937062247770e-15
6.200000000000000000e+02 -3.127524905721656853e-13 -1.906187208078336061e-13 -3.229222445000345714e-16
6.225000000000000000e+02 4.059756975038908620e-13 2.484171091055031661e-13 -1.681932371155880922e-16
6.250000000000000000e+02 4.011781129520386386e-13 2.485080585756804994e-13 1.569661067790662067e-16
6.275000000000000000e+02 5.201172825763933563e-14 3.250306690461002148e-14 -2.227662498910376543e-17
6.300000000000000000e+02 4.156845534453168619e-13 2.525553099985699883e-13 1.598998711216381741e-16
6.325000000000000000e+02 1.845592123572714575e-13 1.126750248658936449e-13 -1.214917055847308858e-16
6.350000000000000000e+02 2.380909336352487860e-12 1.435478225175756941e-12 -9.643996712327406623e-15
6.375000000000000000e+02 -1.364111312796012520e-11 4.478852133615873739e-12 -2.719075326007569690e-12
6.400000000000000000e+02 -1.458636415918590579e-09 -4.063643700646934939e-10 -9.169992644386670636e-11
6.425000000000000000e+02 -6.237608802166505511e-08 2.686779695295626748e-08 -8.974692385002592311e-09
6.450000000000000000e+02 -7.445741474725764743e-07 -2.239697293816789052e-07 -1.945431253765339587e-08
6.475000000000000000e+02 -1.514562700310762073e-06 7.673292141817000389e-07 -4.824548546423557613e-07
6.500000000000000000e+02 1.255711522214824090e-05 -3.926137427856701736e-06 -1.863110450312738331e-06
6.525000000000000000e+02 2.183427592708540117e-05 -3.960896565217808367e-07 2.998664695511582618e-06
6.550000000000000000e+02 1.877097745151559233e-05 -7.378713403568326700e-06 -2.022436392737819680e-06
6.575000000000000000e+02 1.011291619145140435e-05 -3.127574392146925690e-06 8.845550682776759592e-07
6.600000000000000000e+02 5.234799194306561220e-06 -7.336430407724492317e-06 -1.203761648426748774e-06
6.625000000000000000e+02 8.923401427182398348e-07 -4.401399234041036509e-06 1.114337098978707203e-07
6.650000000000000000e+02 9.973488403034026436e-07 -7.152037875596306694e-06 -2.507043935913721878e-07
6.675000000000000000e+02 3.313056382717149815e-06 -3.937762986424786179e-06 -6.433967336419598766e-07
6.700000000000000000e+02 9.975109003346461199e-06 -5.491261342820053257e-06 2.597598307805482295e-07
6.725000000000000000e+02 1.449238805884078780e-05 -3.596661583685545155e-06 -2.905127936853213269e-07
6.750000000000000000e+02 1.940491549255511934e-05 -5.626588798440934721e-06 -5.917156512638688194e-09
6.775000000000000000e+02 1.896414195463194140e-05 -5.053274213514668993e-06 3.700932319393446442e-08
6.800000000000000000e+02 1.834091640140513894e-05 -7.700416782381580821e-06 -4.320596327570258837e-08
6.825000000000000000e+02 1.717793309308035630e-05 -6.032295228897055205e-06 -3.467303783083436336e-07
6.850000000000000000e+02 1.755701543602299216e-05 -7.479648696812546814e-06 2.847058209765190764e-07
6.875000000000000000e+02 1.902552496525231759e-05 -4.237376186199526325e-06 -7.365372004918324441e-07
6.900000000000000000e+02 2.090916578104042795e-05 -4.831623583925193054e-06 5.329870867011726836e-07
6.925000000000000000e+02 1.847764408154262291e-05 -1.699528240726522123e-06 -7.346165285390588100e-07
6.950000000000000000e+02 1.563674669254169124e-05 -3.266035526007726699e-06 4.872663825837758482e-07
6.975000000000000000e+02 6.300588789440553021e-06 -1.043441785395771163e-06 -4.941924822185805683e-07
7.000000000000000000e+02 1.777754382032981141e-07 -3.314162505057538319e-06 2.665544438669953281e-07
7.025000000000000000e+02 -7.003411636935652084e-06 -1.334910309412862218e-06 -2.226772073210675599e-07
7.050000000000000000e+02 -6.840701348005495355e-06 -2.328988194767589527e-06 1.349749822476820061e-07
7.075000000000000000e+02 -2.791360271180565037e-06 3.801540309495976591e-07 -6.527101185157812884e-08
7.100000000000000000e+02 7.568121136250738720e-06 6.531863427085226850e-07 3.139136489796023729e-07
7.125000000000000000e+02 1.771518830641980304e-05 3.994876704405214478e-06 -2.008524593442195800e-07
7.150000000000000000e+02 2.841567917588463534e-05 2.815119487411266276e-06 8.061898121487331632e-07
7.175000000000000000e+02 2.942134808687342395e-05 6.204284889179234468e-06 -6.556692803808022726e-07
7.200000000000000000e+02 2.723049454392594402e-05 2.374662191186871632e-06 1.284501294361586907e-06
7.225000000000000000e+02 1.324060543209952820e-05 5.375676136395668450e-06 -1.115231121650556089e-06
7.250000000000000000e+02 -1.191585330286670775e-06 8.889194522339494601e-07 1.366713389454771088e-06
7.275000000000000000e+02 -1.743606195763050060e-05 2.712669229754283223e-06 -1.187828343010077880e-06
7.300000000000000000e+02 -2.786120879725331091e-05 1.215108642554696284e-07 1.002808794229897961e-06
7.325000000000000000e+02 -2.821673959660984216e-05 8.852933367165860481e-07 -8.505690524801351482e-07
7.350000000000000000e+02 -1.930009184956134108e-05 -1.112235877371858778e-07 5.230271115423068039e-07
7.375000000000000000e+02 -4.071458879275269105e-06 2.139928617907571647e-06 -5.544996419105718700e-07
7.400000000000000000e+02 1.672552884580227374e-05 -1.108650307298830808e-06 3.295683931137882882e-07
7.425000000000000000e+02 2.281885972662394139e-05 5.026143599775423418e-06 -7.222272189408657707e-07
7.450000000000000000e+02 2.383248718095956018e-05 -2.538564954636512927e-06 7.584381406004425815e-07
7.475000000000000000e+02 -1.445026520582359707e-06 2.371699304160301943e-06 -6.819679412581269977e-07
7.500000000000000000e+02 -5.385049613505543549e-06 -1.506402922746019717e-06 5.219811420017484145e-08
7.525000000000000000e+02 -2.146883056366277891e-06 -2.684975219608531677e-07 -1.157346519262025774e-07
7.550000000000000000e+02 -6.329612134436501598e-07 -1.043742665387981119e-07 1.171937789512800242e-08
7.575000000000000000e+02 -5.020995419044993206e-07 -6.226357373861901039e-08 -4.527614566162685616e-08
7.600000000000000000e+02 -5.326664101630740835e-07 -5.819014642156616752e-08 2.341314033435515275e-08
7.625000000000000000e+02 -5.728071186467787213e-07 -6.972194045147262529e-08 -5.866129132762187696e-08
7.650000000000000000e+02 -5.353310188638715952e-07 -8.137198202575746117e-08 1.519676593956797964e-08
7.675000000000000000e+02 -5.349654316432861876e-07 -7.019517468052071913e-08 -5.933536568116793042e-08
7.700000000000000000e+02 -4.993440377575098263e-07 -8.380675390071701663e-08 6.559498898148219304e-09
7.725000000000000000e+02 -5.102322891048060619e-07 -7.048331698342735871e-08 -5.940686196292399762e-08
7.750000000000000000e+02 -4.797585883466126211e-07 -8.618006364713437442e-08 -1.310846676932930687e-09
7.775000000000000000e+02 -4.939748771334961826e-07 -7.266268506782580830e-08 -6.062795384687013849e-08
7.800000000000000000e+02 -4.694936038049490659e-07 -8.770459126026253515e-08 -7.818066152601166716e-09
7.825000000000000000e+02 -4.851732888369042451e-07 -7.644708840643944022e-08 -6.291669544505329107e-08
7.850000000000000000e+02 -4.675375281067317588e-07 -8.883181308192433273e-08 -1.301463161230143081e-08
7.875000000000000000e+02 -4.828925365472968849e-07 -8.163407653682952313e-08 -6.580268338200468446e-08
7.900000000000000000e+02 -4.719105290178049585e-07 -8.998044922918779581e-08 -1.727498928284498786e-08
7.925000000000000000e+02 -4.857089627421374124e-07 -8.780584879559683523e-08 -6.873405455107562127e-08
7.950000000000000000e+02 -4.806675325880860512e-07 -9.124474663622095135e-08 -2.088685490347075267e-08
7.975000000000000000e+02 -4.919318386782834257e-07 -9.442160961725676570e-08 -7.130001728710421828e-08
8.000000000000000000e+02 -4.918953559126748135e-07 -9.255135385046741711e-08 -2.397128138054149963e-08
8.025000000000000000e+02 -4.998106612902120058e-07 -1.009094535220356129e-07 -7.327518443291936498e-08
8.050000000000000000e+02 -5.037381970737442838e-07 -9.371706001957136854e-08 -2.651470577341718952e-08
8.075000000000000000e+02 -5.076908007026758804e-07 -1.067343097702178096e-07 -7.457209741877635364e-08
8.100000000000000000e+02 -5.144618720123616817e-07 -9.448797536606435376e-08 -2.842761794457082783e-08
8.125000000000000000e+02 -5.140975327663000386e-07 -1.114201444693208067e-07 -7.517159983103094073e-08
8.150000000000000000e+02 -5.225202845394961101e-07 -9.458053414164169188e-08 -2.961979525978319906e-08
8.175000000000000000e+02 -5.177657220428955514e-07 -1.145613368180420308e-07 -7.509262560249363447e-08
8.200000000000000000e+02 -5.266352424655451978e-07 -9.371237432560520135e-08 -3.002784401918700937e-08
8.225000000000000000e+02 -5.176702700623536713e-07 -1.158316297278361205e-07 -7.439028244694834009e-08
8.250000000000000000e+02 -5.258449924667729164e-07 -9.162799394744070207e-08 -2.961400091906485377e-08
8.275000000000000000e+02 -5.130714422421079212e-07 -1.149980556760965595e-07 -7.314451762566454501e-08
8.300000000000000000e+02 -5.195436691451505044e-07 -8.815116738105643581e-08 -2.837911099491940823e-08
8.325000000000000000e+02 -5.035472836993903632e-07 -1.119477285783432275e-07 -7.142211070322312890e-08
8.350000000000000000e+02 -5.075029160479971233e-07 -8.320944340312053545e-08 -2.636000042073871755e-08
8.375000000000000000e+02 -4.890114467116291327e-07 -1.066960801836103165e-07 -6.931078923688993594e-08
8.400000000000000000e+02 -4.898840111536628754e-07 -7.683272210670111879e-08 -2.360499453471220941e-08
8.425000000000000000e+02 -4.697209226947051984e-07 -9.938708634535941625e-08 -6.691574545594770079e-08
8.450000000000000000e+02 -4.672288688084336083e-07 -6.915574787171863335e-08 -2.017592144404889582e-08
8.475000000000000000e+02 -4.462772920760471675e-07 -9.028832485000748041e-08 -6.434605103261269975e-08
8.500000000000000000e+02 -4.404405322929960710e-07 -6.041216390713089531e-08 -1.614824295887162846e-08
8.525000000000000000e+02 -4.196044129116671616e-07 -7.978696154395947902e-08 -6.170465776687838704e-08
8.550000000000000000e+02 -4.107432272576261201e-07 -5.091786679258802856e-08 -1.161585864921932351e-08
8.575000000000000000e+02 -3.909030435806926090e-07 -6.835864716094875389e-08 -5.910708166818878667e-08
8.600000000000000000e+02 -3.796436242168965444e-07 -4.105362364725806322e-08 -6.676704400190857934e-09
8.625000000000000000e+02 -3.615952571408342711e-07 -5.655053702184886673e-08 -5.665380822114374299e-08
8.650000000000000000e+02 -3.488376808491011839e-07 -3.124095551356731616e-08 -1.445961468665712975e-09
8.675000000000000000e+02 -3.332537510459587877e-07 -4.494910532457651853e-08 -5.442357102579398336e-08
8.700000000000000000e+02 -3.201416639853959950e-07 -2.192534823279856951e-08 3.955064403615704422e-09
8.725000000000000000e+02 -3.075122422387721412e-07 -3.414471051428335882e-08 -5.248234671670071309e-08
8.750000000000000000e+02 -2.953796554947984862e-07 -1.354910637019202080e-08 9.397328841956319844e-09
8.775000000000000000e+02 -2.859801450313171047e-07 -2.471069541343240488e-08 -5.086975171679774877e-08
8.800000000000000000e+02 -2.762827408218981673e-07 -6.527629409447399289e-09 1.474283351181326900e-08
8.825000000000000000e+02 -2.701272720514679997e-07 -1.716432399234690984e-08 -4.959910924887678027e-08
8.850000000000000000e+02 -2.643703612875470029e-07 -1.222834771397174390e-09 1.985896542295306911e-08
8.875000000000000000e+02 -2.611893586731639487e-07 -1.194013701706353534e-08 -4.865427628826523914e-08
8.900000000000000000e+02 -2.608470106110871714e-07 2.080600336284987832e-09 2.461728222450110162e-08
8.925000000000000000e+02 -2.600712683602068680e-07 -9.361474735669617218e-09 -4.799534286437368084e-08
8.950000000000000000e+02 -2.665026779027357203e-07 3.192271947227709534e-09 2.889825784512523148e-08
8.975000000000000000e+02 -2.672713465244669151e-07 -9.621349704502790317e-09 -4.755614883500957927e-08
9.000000000000000000e+02 -2.816385996425196739e-07 2.032203065027715491e-09 3.259894385656547388e-08
9.025000000000000000e+02 -2.828160153740100292e-07 -1.276657716289264496e-08 -4.725235073185785162e-08
9.050000000000000000e+02 -3.060058161395318316e-07 -1.359546320145455027e-09 3.563365126146300821e-08
9.075000000000000000e+02 -3.062266195001938937e-07 -1.868823828772292564e-08 -4.697988527202490320e-08
9.100000000000000000e+02 -3.387901669043458417e-07 -6.827821403021516381e-09 3.793368694469667315e-08
9.125000000000000000e+02 -3.365181623621538085e-07 -2.712575649184145572e-08 -4.662766526729589235e-08
9.150000000000000000e+02 -3.786088643096263644e-07 -1.410187438750654111e-08 3.945679349043329811e-08
9.175000000000000000e+02 -3.722070815570077759e-07 -3.767190682992804788e-08 -4.608488322481729895e-08
9.200000000000000000e+02 -4.235488999142944379e-07 -2.280169846926582919e-08 4.018779124663751683e-08
9.225000000000000000e+02 -4.113718151302236691e-07 -4.978301552682751186e-08 -4.524923659042778956e-08
9.250000000000000000e+02 -4.712401194524318339e-07 -3.245889349727804356e-08 4.013908401015453531e-08
9.275000000000000000e+02 -4.517343614452329422e-07 -6.280650792405140275e-08 -4.403429244161927125e-08
9.300000000000000000e+02 -5.189502143252866519e-07 -4.253818384540863807e-08 3.934559156341666281e-08
9.325000000000000000e+02 -4.907540902081563720e-07 -7.600871419981558581e-08 -4.237565097469641900e-08
9.350000000000000000e+02 -5.637088691059944043e-07 -5.245966431175475111e-08 3.786728655332250201e-08
9.375000000000000000e+02 -5.257587653886730696e-07 -8.861270504212370555e-08 -4.023725734830785322e-08
9.400000000000000000e+02 -6.024656513204718130e-07 -6.163227545812332543e-08 3.578612812866199659e-08
9.425000000000000000e+02 -5.540837673379428547e-07 -9.983619224840367774e-08 -3.761636621491537512e-08
9.450000000000000000e+02 -6.322439436644344666e-07 -6.948272514364361507e-08 3.320353106058271149e-08
9.475000000000000000e+02 -5.732227834300829154e-07 -1.089333374466150406e-07 -3.454340310309889135e-08
9.500000000000000000e+02 -6.503056408860174974e-07 -7.548836226760613357e-08 3.023314313053138307e-08
9.525000000000000000e+02 -5.809690954606594438e-07 -1.152345513901309463e-07 -3.107973302056698761e-08
9.550000000000000000e+02 -6.543124760469254887e-07 -7.920746760419205800e-08 2.699657128014676281e-08
9.575000000000000000e+02 -5.755519858780644654e-07 -1.181857853566725621e-07 -2.731533312875788894e-08
9.600000000000000000e+02 -6.424686932291478550e-07 -8.030598777395426362e-08 2.361734929872682957e-08
9.625000000000000000e+02 -5.557541286634659546e-07 -1.173835535496436968e-07 -2.336234733169018019e-08
9.650000000000000000e+02 -6.136408055340325047e-07 -7.857931005901264444e-08 2.021480422202959300e-08
9.675000000000000000e+02 -5.209882491271856064e-07 -1.125948160961343130e-07 -1.934759948240549646e-08
9.700000000000000000e+02 -5.674382549841539464e-07 -7.396208932277659799e-08 1.689764900262846644e-08
9.725000000000000000e+02 -4.713585756690008352e-07 -1.037786296137710419e-07 -1.540397105417867660e-08
9.750000000000000000e+02 -5.042691714834290848e-07 -6.653916187815411514e-08 1.375630000340910469e-08
9.775000000000000000e+02 -4.076759273289098851e-07 -9.109374177569406736e-08 -1.166032024185748075e-08
9.800000000000000000e+02 -4.253400253674044654e-07 -5.654289469703144399e-08 1.085177507390011698e-08
9.825000000000000000e+02 -3.314283541953955276e-07 -7.489512328220370996e-08 -8.230580144674704245e-09
9.850000000000000000e+02 -3.326108979763375922e-07 -4.434036338807345717e-08 8.199923868390523273e-09
9.875000000000000000e+02 -2.447077729357260749e-07 -5.572558635549285167e-08 -5.204078758153096710e-09
9.900000000000000000e+02 -2.286792370227885929e-07 -3.042394882868393552e-08 5.730389160857330188e-09
9.925000000000000000e+02 -1.504533653474027328e-07 -3.441353642301692004e-08 -2.676814578944641734e-09
9.950000000000000000e+02 -1.191492358884715949e-07 -1.568575762576074466e-08 3.497978974537075024e-09
9.975000000000000000e+02 -4.555539183002110663e-08 -1.015627893821147074e-08 -3.277309651383841856e-10
1.000000000000000000e+03 -1.886984491648036081e-08 -3.485109709799871844e-09 -3.201193139190650210e-09
