 z veer
0.000000000000000000e+00 2.221873957824565764e+02
2.500000000000000000e+00 2.223546480568375614e+02
5.000000000000000000e+00 2.226336317168772325e+02
7.500000000000000000e+00 2.229900950295439372e+02
1.000000000000000000e+01 2.233918180181468074e+02
1.250000000000000000e+01 2.238140473611670984e+02
1.500000000000000000e+01 2.242342053725481321e+02
1.750000000000000000e+01 2.246339538966707323e+02
2.000000000000000000e+01 2.250033147507864442e+02
2.250000000000000000e+01 2.253385658231465243e+02
2.500000000000000000e+01 2.256399285433395221e+02
2.750000000000000000e+01 2.259087017922030896e+02
3.000000000000000000e+01 2.261467354920872026e+02
3.250000000000000000e+01 2.263588450039594875e+02
3.500000000000000000e+01 2.265515865114919904e+02
3.750000000000000000e+01 2.267306997313669967e+02
4.000000000000000000e+01 2.268992443014154503e+02
4.250000000000000000e+01 2.270585685721856635e+02
4.500000000000000000e+01 2.272101083914416790e+02
4.750000000000000000e+01 2.273556920424354644e+02
5.000000000000000000e+01 2.274981985560792168e+02
5.250000000000000000e+01 2.276398928575816285e+02
5.500000000000000000e+01 2.277820177762274341e+02
5.750000000000000000e+01 2.279251083002278904e+02
6.000000000000000000e+01 2.280688757900612700e+02
6.250000000000000000e+01 2.282128661720969376e+02
6.500000000000000000e+01 2.283574123867793446e+02
6.750000000000000000e+01 2.285020464958139428e+02
7.000000000000000000e+01 2.286459677809123150e+02
7.250000000000000000e+01 2.287895843567135898e+02
7.500000000000000000e+01 2.289320666479834756e+02
7.750000000000000000e+01 2.290712296916244100e+02
8.000000000000000000e+01 2.292069209383366797e+02
8.250000000000000000e+01 2.293417335069121066e+02
8.500000000000000000e+01 2.294771692867954300e+02
8.750000000000000000e+01 2.296128340727214265e+02
9.000000000000000000e+01 2.297478732399791284e+02
9.250000000000000000e+01 2.298817914533117914e+02
9.500000000000000000e+01 2.300153205093092481e+02
9.750000000000000000e+01 2.301487672339796973e+02
1.000000000000000000e+02 2.302817256666264143e+02
1.025000000000000000e+02 2.304144545224138767e+02
1.050000000000000000e+02 2.305466622231088536e+02
1.075000000000000000e+02 2.306774183142725292e+02
1.100000000000000000e+02 2.308060016027294523e+02
1.125000000000000000e+02 2.309319758411097609e+02
1.150000000000000000e+02 2.310551997909417992e+02
1.175000000000000000e+02 2.311761259447340251e+02
1.200000000000000000e+02 2.312950523798327538e+02
1.225000000000000000e+02 2.314127616908802452e+02
1.250000000000000000e+02 2.315294015741175144e+02
1.275000000000000000e+02 2.316444277310593520e+02
1.300000000000000000e+02 2.317572377330547511e+02
1.325000000000000000e+02 2.318681062800974928e+02
1.350000000000000000e+02 2.319782351336644979e+02
1.375000000000000000e+02 2.320884998482369497e+02
1.400000000000000000e+02 2.321982486423631258e+02
1.425000000000000000e+02 2.323061821528487201e+02
1.450000000000000000e+02 2.324118804773268039e+02
1.475000000000000000e+02 2.325147790258562850e+02
1.500000000000000000e+02 2.326147316569301040e+02
1.525000000000000000e+02 2.327125574963099552e+02
1.550000000000000000e+02 2.328086710744653089e+02
1.575000000000000000e+02 2.329027346054157022e+02
1.600000000000000000e+02 2.329952628714531784e+02
1.625000000000000000e+02 2.330865655662643974e+02
1.650000000000000000e+02 2.331760648476916913e+02
1.675000000000000000e+02 2.332636759076178521e+02
1.700000000000000000e+02 2.333497158550078154e+02
1.725000000000000000e+02 2.334344689701816264e+02
1.750000000000000000e+02 2.335177712254671860e+02
1.775000000000000000e+02 2.335992588422224117e+02
1.800000000000000000e+02 2.336790779381256584e+02
1.825000000000000000e+02 2.337575551456556866e+02
1.850000000000000000e+02 2.338348564261195293e+02
1.875000000000000000e+02 2.339108729391570023e+02
1.900000000000000000e+02 2.339855975208563450e+02
1.925000000000000000e+02 2.340594619708973596e+02
1.950000000000000000e+02 2.341327053121802066e+02
1.975000000000000000e+02 2.342055474022969292e+02
2.000000000000000000e+02 2.342779829867692740e+02
2.025000000000000000e+02 2.343495603178640749e+02
2.050000000000000000e+02 2.344197551071525822e+02
2.075000000000000000e+02 2.344882665475638532e+02
2.100000000000000000e+02 2.345548600638235825e+02
2.125000000000000000e+02 2.346193848230953449e+02
2.150000000000000000e+02 2.346823589978282598e+02
2.175000000000000000e+02 2.347438604380725451e+02
2.200000000000000000e+02 2.348039151457955427e+02
2.225000000000000000e+02 2.348630888584362140e+02
2.250000000000000000e+02 2.349216018167103357e+02
2.275000000000000000e+02 2.349794089170015354e+02
2.300000000000000000e+02 2.350366424510229422e+02
2.325000000000000000e+02 2.350937154470869928e+02
2.350000000000000000e+02 2.351510960882946506e+02
2.375000000000000000e+02 2.352085680073932963e+02
2.400000000000000000e+02 2.352656052908299102e+02
2.425000000000000000e+02 2.353219860845378832e+02
2.450000000000000000e+02 2.353776029308996272e+02
2.475000000000000000e+02 2.354321814162557303e+02
2.500000000000000000e+02 2.354855017969437085e+02
2.525000000000000000e+02 2.355375423944072679e+02
2.550000000000000000e+02 2.355879055122174179e+02
2.575000000000000000e+02 2.356361771615730731e+02
2.600000000000000000e+02 2.356826170701774004e+02
2.625000000000000000e+02 2.357278009548166153e+02
2.650000000000000000e+02 2.357721559902986428e+02
2.675000000000000000e+02 2.358156030442973474e+02
2.700000000000000000e+02 2.358579700592711390e+02
2.725000000000000000e+02 2.358996207436695727e+02
2.750000000000000000e+02 2.359410256284391494e+02
2.775000000000000000e+02 2.359823344304783745e+02
2.800000000000000000e+02 2.360235710339253501e+02
2.825000000000000000e+02 2.360646933441103670e+02
2.850000000000000000e+02 2.361055982251023124e+02
2.875000000000000000e+02 2.361460145124813153e+02
2.900000000000000000e+02 2.361854262106605802e+02
2.925000000000000000e+02 2.362236897368759969e+02
2.950000000000000000e+02 2.362609116867695889e+02
2.975000000000000000e+02 2.362970716465041505e+02
3.000000000000000000e+02 2.363324962630283039e+02
3.025000000000000000e+02 2.363675487825497896e+02
3.050000000000000000e+02 2.364024000099108207e+02
3.075000000000000000e+02 2.364374010859039572e+02
3.100000000000000000e+02 2.364728385211129194e+02
3.125000000000000000e+02 2.365087621322900020e+02
3.150000000000000000e+02 2.365448916787132134e+02
3.175000000000000000e+02 2.365807339818852029e+02
3.200000000000000000e+02 2.366161075903403059e+02
3.225000000000000000e+02 2.366512767735191289e+02
3.250000000000000000e+02 2.366863281177640488e+02
3.275000000000000000e+02 2.367211579954578156e+02
3.300000000000000000e+02 2.367555672997626743e+02
3.325000000000000000e+02 2.367894447583485658e+02
3.350000000000000000e+02 2.368226614436477462e+02
3.375000000000000000e+02 2.368550952958497646e+02
3.400000000000000000e+02 2.368868045170933669e+02
3.425000000000000000e+02 2.369176551366493868e+02
3.450000000000000000e+02 2.369476285510605464e+02
3.475000000000000000e+02 2.369771000563940220e+02
3.500000000000000000e+02 2.370065556102678670e+02
3.525000000000000000e+02 2.370363922906794301e+02
3.550000000000000000e+02 2.370664393268970969e+02
3.575000000000000000e+02 2.370961530347730672e+02
3.600000000000000000e+02 2.371252127117763280e+02
3.625000000000000000e+02 2.371537266037225891e+02
3.650000000000000000e+02 2.371820946239660373e+02
3.675000000000000000e+02 2.372106871258236822e+02
3.700000000000000000e+02 2.372398072014740364e+02
3.725000000000000000e+02 2.372692951378762132e+02
3.750000000000000000e+02 2.372987118326305165e+02
3.775000000000000000e+02 2.373281108460570579e+02
3.800000000000000000e+02 2.373574377536593261e+02
3.825000000000000000e+02 2.373863701798114789e+02
3.850000000000000000e+02 2.374149563447008688e+02
3.875000000000000000e+02 2.374434049377080100e+02
3.900000000000000000e+02 2.374718178462626099e+02
3.925000000000000000e+02 2.375003699520540863e+02
3.950000000000000000e+02 2.375292501335219129e+02
3.975000000000000000e+02 2.375581841577764237e+02
4.000000000000000000e+02 2.375868448897012115e+02
4.025000000000000000e+02 2.376152123231382234e+02
4.050000000000000000e+02 2.376436264211320690e+02
4.075000000000000000e+02 2.376722213663530852e+02
4.100000000000000000e+02 2.377008263551856544e+02
4.125000000000000000e+02 2.377288324954062659e+02
4.150000000000000000e+02 2.377557975340631344e+02
4.175000000000000000e+02 2.377816195600122171e+02
4.200000000000000000e+02 2.378066821950361316e+02
4.225000000000000000e+02 2.378314685552585672e+02
4.250000000000000000e+02 2.378560737565310319e+02
4.275000000000000000e+02 2.378806563613234175e+02
4.300000000000000000e+02 2.379052404566910184e+02
4.325000000000000000e+02 2.379299189431160642e+02
4.350000000000000000e+02 2.379545051344190369e+02
4.375000000000000000e+02 2.379786461610135575e+02
4.400000000000000000e+02 2.380021375341581802e+02
4.425000000000000000e+02 2.380253296302928732e+02
4.450000000000000000e+02 2.380478475245217282e+02
4.475000000000000000e+02 2.380701112512515181e+02
4.500000000000000000e+02 2.380916560823925181e+02
4.525000000000000000e+02 2.381128210458056174e+02
4.550000000000000000e+02 2.381334878395004182e+02
4.575000000000000000e+02 2.381539162384099200e+02
4.600000000000000000e+02 2.381737990531276523e+02
4.625000000000000000e+02 2.381932656125134713e+02
4.650000000000000000e+02 2.382117368813581493e+02
4.675000000000000000e+02 2.382298207763318203e+02
4.700000000000000000e+02 2.382476764604987238e+02
4.725000000000000000e+02 2.382656122545412245e+02
4.750000000000000000e+02 2.382835564367380528e+02
4.775000000000000000e+02 2.383011664694953140e+02
4.800000000000000000e+02 2.383184055775073205e+02
4.825000000000000000e+02 2.383346978561124274e+02
4.850000000000000000e+02 2.383508031333725796e+02
4.875000000000000000e+02 2.383655151989368051e+02
4.900000000000000000e+02 2.383807364896957495e+02
4.925000000000000000e+02 2.383938064348575381e+02
4.950000000000000000e+02 2.384082808357564431e+02
4.975000000000000000e+02 2.384194000346976452e+02
5.000000000000000000e+02 2.384334100343313594e+02
5.025000000000000000e+02 2.384422925174927173e+02
5.050000000000000000e+02 2.384561695279720936e+02
5.075000000000000000e+02 2.384618082519102131e+02
5.100000000000000000e+02 2.384762699204785008e+02
5.125000000000000000e+02 2.384778692776852722e+02
5.150000000000000000e+02 2.384938338879503021e+02
5.175000000000000000e+02 2.384898383708286644e+02
5.200000000000000000e+02 2.385088719170209686e+02
5.225000000000000000e+02 2.384977732283915941e+02
5.250000000000000000e+02 2.385221010322004247e+02
5.275000000000000000e+02 2.385018620687723399e+02
5.300000000000000000e+02 2.385342007931233468e+02
5.325000000000000000e+02 2.385025084681274166e+02
5.350000000000000000e+02 2.385460580152465297e+02
5.375000000000000000e+02 2.385002706424882035e+02
5.400000000000000000e+02 2.385583086740063266e+02
5.425000000000000000e+02 2.384958472770331923e+02
5.450000000000000000e+02 2.385711154354391113e+02
5.475000000000000000e+02 2.384899659362059197e+02
5.500000000000000000e+02 2.385841246694524784e+02
5.525000000000000000e+02 2.384832211687611334e+02
5.550000000000000000e+02 2.385965435884580472e+02
5.575000000000000000e+02 2.384762457135193756e+02
5.600000000000000000e+02 2.386076260534241555e+02
5.625000000000000000e+02 2.384697176065827762e+02
5.650000000000000000e+02 2.386169451992009272e+02
5.675000000000000000e+02 2.384640768357764955e+02
5.700000000000000000e+02 2.386245977677218093e+02
5.725000000000000000e+02 2.384594002084751594e+02
5.750000000000000000e+02 2.386308119333423576e+02
5.775000000000000000e+02 2.384553997342272567e+02
5.800000000000000000e+02 2.386358473724448857e+02
5.825000000000000000e+02 2.384517824318873522e+02
5.850000000000000000e+02 2.386401456429484540e+02
5.875000000000000000e+02 2.384483829209456474e+02
5.900000000000000000e+02 2.386440888118232238e+02
5.925000000000000000e+02 2.384450226211860695e+02
5.950000000000000000e+02 2.386478701314630086e+02
5.975000000000000000e+02 2.384416139515686268e+02
6.000000000000000000e+02 2.386515980684060878e+02
6.025000000000000000e+02 2.384381385800869282e+02
6.050000000000000000e+02 2.386553358549467703e+02
6.075000000000000000e+02 2.384345907766451660e+02
6.100000000000000000e+02 2.386591121442494909e+02
6.125000000000000000e+02 2.384309702105012150e+02
6.150000000000000000e+02 2.386629387512978155e+02
6.175000000000000000e+02 2.384272791384646268e+02
6.200000000000000000e+02 2.386668202113621078e+02
6.225000000000000000e+02 2.384235195519199806e+02
6.250000000000000000e+02 2.386707582384518105e+02
6.275000000000000000e+02 2.384196929913947258e+02
6.300000000000000000e+02 2.386747536869774535e+02
6.325000000000000000e+02 2.384158004868348542e+02
6.350000000000000000e+02 2.386788085702656019e+02
6.375000000000000000e+02 2.384118412458239504e+02
6.400000000000000000e+02 2.386829247583708593e+02
6.425000000000000000e+02 2.384078132803151959e+02
6.450000000000000000e+02 2.386869962507461196e+02
6.475000000000000000e+02 2.384035722736287823e+02
6.500000000000000000e+02 2.386912870380163838e+02
6.525000000000000000e+02 2.384116610366797886e+02
6.550000000000000000e+02 2.386689149972379482e+02
6.575000000000000000e+02 2.384284245609019308e+02
6.600000000000000000e+02 2.386543139125453195e+02
6.625000000000000000e+02 2.384454597795034374e+02
6.650000000000000000e+02 2.386383822454874917e+02
6.675000000000000000e+02 2.384621236349751427e+02
6.700000000000000000e+02 2.386222215377020177e+02
6.725000000000000000e+02 2.384786402434999957e+02
6.750000000000000000e+02 2.386058822427986854e+02
6.775000000000000000e+02 2.384950848878274883e+02
6.800000000000000000e+02 2.385894165382166250e+02
6.825000000000000000e+02 2.385115669265985048e+02
6.850000000000000000e+02 2.385729839908909184e+02
6.875000000000000000e+02 2.385280675528833854e+02
6.900000000000000000e+02 2.385565781210597436e+02
6.925000000000000000e+02 2.385445118933077708e+02
6.950000000000000000e+02 2.385401477738652716e+02
6.975000000000000000e+02 2.385609019846306467e+02
7.000000000000000000e+02 2.385237226729262545e+02
7.025000000000000000e+02 2.385773276408426682e+02
7.050000000000000000e+02 2.385073342824790927e+02
7.075000000000000000e+02 2.385938458669392048e+02
7.100000000000000000e+02 2.384909365009932003e+02
7.125000000000000000e+02 2.386104059853149408e+02
7.150000000000000000e+02 2.384744387687780716e+02
7.175000000000000000e+02 2.386269161731707129e+02
7.200000000000000000e+02 2.384578094983039591e+02
7.225000000000000000e+02 2.386434028589904699e+02
7.250000000000000000e+02 2.384411227284805932e+02
7.275000000000000000e+02 2.386600102252087652e+02
7.300000000000000000e+02 2.384244571694131025e+02
7.325000000000000000e+02 2.386768353702312879e+02
7.350000000000000000e+02 2.384077782062373672e+02
7.375000000000000000e+02 2.386937821452900721e+02
7.400000000000000000e+02 2.383909573282133181e+02
7.425000000000000000e+02 2.387107423588960273e+02
7.450000000000000000e+02 2.383741202965298669e+02
7.475000000000000000e+02 2.387272156665835610e+02
7.500000000000000000e+02 2.383534785716821034e+02
7.525000000000000000e+02 2.387361885319315888e+02
7.550000000000000000e+02 2.383590347672593452e+02
7.575000000000000000e+02 2.387332661136742047e+02
7.600000000000000000e+02 2.383622241273846498e+02
7.625000000000000000e+02 2.387301161115707657e+02
7.650000000000000000e+02 2.383652900837724928e+02
7.675000000000000000e+02 2.387270839818054924e+02
7.700000000000000000e+02 2.383682574883795837e+02
7.725000000000000000e+02 2.387241581024625532e+02
7.750000000000000000e+02 2.383711208507680510e+02
7.775000000000000000e+02 2.387213364243701506e+02
7.800000000000000000e+02 2.383738817137407580e+02
7.825000000000000000e+02 2.387186178175457201e+02
7.850000000000000000e+02 2.383765412500586365e+02
7.875000000000000000e+02 2.387160009102480558e+02
7.900000000000000000e+02 2.383791005539108880e+02
7.925000000000000000e+02 2.387134844417333284e+02
7.950000000000000000e+02 2.383815607659012699e+02
7.975000000000000000e+02 2.387110672022154461e+02
8.000000000000000000e+02 2.383839230319964031e+02
8.025000000000000000e+02 2.387087480372707944e+02
8.050000000000000000e+02 2.383861884700577889e+02
8.075000000000000000e+02 2.387065258450606109e+02
8.100000000000000000e+02 2.383883581174433743e+02
8.125000000000000000e+02 2.387043995776932377e+02
8.150000000000000000e+02 2.383904329307278545e+02
8.175000000000000000e+02 2.387023682586271036e+02
8.200000000000000000e+02 2.383924137969035542e+02
8.225000000000000000e+02 2.387004309766222718e+02
8.250000000000000000e+02 2.383943015379936696e+02
8.275000000000000000e+02 2.386985868845717675e+02
8.300000000000000000e+02 2.383960969240905001e+02
8.325000000000000000e+02 2.386968351809725277e+02
8.350000000000000000e+02 2.383978006842153263e+02
8.375000000000000000e+02 2.386951751135366635e+02
8.400000000000000000e+02 2.383994135067141258e+02
8.425000000000000000e+02 2.386936059756514510e+02
8.450000000000000000e+02 2.384009360153316948e+02
8.475000000000000000e+02 2.386921271098625823e+02
8.500000000000000000e+02 2.384023687937961427e+02
8.525000000000000000e+02 2.386907378873657706e+02
8.550000000000000000e+02 2.384037123765381807e+02
8.575000000000000000e+02 2.386894377510312779e+02
8.600000000000000000e+02 2.384049672307129981e+02
8.625000000000000000e+02 2.386882261960239191e+02
8.650000000000000000e+02 2.384061337632066966e+02
8.675000000000000000e+02 2.386871027676840242e+02
8.700000000000000000e+02 2.384072123523763764e+02
8.725000000000000000e+02 2.386860670378841860e+02
8.750000000000000000e+02 2.384082033489700621e+02
8.775000000000000000e+02 2.386851186687707127e+02
8.800000000000000000e+02 2.384091070089701532e+02
8.825000000000000000e+02 2.386842573834167069e+02
8.850000000000000000e+02 2.384099235557289376e+02
8.875000000000000000e+02 2.386834829315059778e+02
8.900000000000000000e+02 2.384106532090663961e+02
8.925000000000000000e+02 2.386827951246469297e+02
8.950000000000000000e+02 2.384112961313821870e+02
8.975000000000000000e+02 2.386821938389418278e+02
9.000000000000000000e+02 2.384118524262135850e+02
9.025000000000000000e+02 2.386816789896088267e+02
9.050000000000000000e+02 2.384123221858563682e+02
9.075000000000000000e+02 2.386812505549126229e+02
9.100000000000000000e+02 2.384127054584438667e+02
9.125000000000000000e+02 2.386809085590601853e+02
9.150000000000000000e+02 2.384130022215606459e+02
9.175000000000000000e+02 2.386806530603928422e+02
9.200000000000000000e+02 2.384132124526882421e+02
9.225000000000000000e+02 2.386804841804444663e+02
9.250000000000000000e+02 2.384133360700939761e+02
9.275000000000000000e+02 2.386804020692572124e+02
9.300000000000000000e+02 2.384133729350047304e+02
9.325000000000000000e+02 2.386804068941173398e+02
9.350000000000000000e+02 2.384133228850566582e+02
9.375000000000000000e+02 2.386804989058813362e+02
9.400000000000000000e+02 2.384131857111640045e+02
9.425000000000000000e+02 2.386806783567456307e+02
9.450000000000000000e+02 2.384129611303168303e+02
9.475000000000000000e+02 2.386809455167478404e+02
9.500000000000000000e+02 2.384126488199456162e+02
9.525000000000000000e+02 2.386813007425579372e+02
9.550000000000000000e+02 2.384122484381001925e+02
9.575000000000000000e+02 2.386817444005876325e+02
9.600000000000000000e+02 2.384117595484579510e+02
9.625000000000000000e+02 2.386822768649593343e+02
9.650000000000000000e+02 2.384111816654558424e+02
9.675000000000000000e+02 2.386828985966192818e+02
9.700000000000000000e+02 2.384105143014778037e+02
9.725000000000000000e+02 2.386836100994684955e+02
9.750000000000000000e+02 2.384097568758598698e+02
9.775000000000000000e+02 2.386844118789024662e+02
9.800000000000000000e+02 2.384089087381022694e+02
9.825000000000000000e+02 2.386853045222377716e+02
9.850000000000000000e+02 2.384079692467434768e+02
9.875000000000000000e+02 2.386862886886635238e+02
9.900000000000000000e+02 2.384069376855090354e+02
9.925000000000000000e+02 2.386873650867975698e+02
9.950000000000000000e+02 2.384058133431598208e+02
9.975000000000000000e+02 2.386885292210757825e+02
1.000000000000000000e+03 2.384044715781580521e+02
