# z, T
0.000000000000000000e+00 3.000000000000000000e+02
2.500000000000000000e+00 3.000000000000000000e+02
5.000000000000000000e+00 3.000000000000000000e+02
7.500000000000000000e+00 3.000000000000000000e+02
1.000000000000000000e+01 3.000000000000000568e+02
1.250000000000000000e+01 3.000000000000000000e+02
1.500000000000000000e+01 3.000000000000000000e+02
1.750000000000000000e+01 3.000000000000000000e+02
2.000000000000000000e+01 3.000000000000000000e+02
2.250000000000000000e+01 3.000000000000000000e+02
2.500000000000000000e+01 3.000000000000000000e+02
2.750000000000000000e+01 3.000000000000000000e+02
3.000000000000000000e+01 3.000000000000000000e+02
3.250000000000000000e+01 3.000000000000000000e+02
3.500000000000000000e+01 3.000000000000000000e+02
3.750000000000000000e+01 3.000000000000000000e+02
4.000000000000000000e+01 3.000000000000000000e+02
4.250000000000000000e+01 3.000000000000000000e+02
4.500000000000000000e+01 3.000000000000000000e+02
4.750000000000000000e+01 3.000000000000000000e+02
5.000000000000000000e+01 3.000000000000000000e+02
5.250000000000000000e+01 3.000000000000000000e+02
5.500000000000000000e+01 3.000000000000000000e+02
5.750000000000000000e+01 3.000000000000000000e+02
6.000000000000000000e+01 3.000000000000000000e+02
6.250000000000000000e+01 3.000000000000000000e+02
6.500000000000000000e+01 3.000000000000000000e+02
6.750000000000000000e+01 3.000000000000000000e+02
7.000000000000000000e+01 3.000000000000000000e+02
7.250000000000000000e+01 3.000000000000000000e+02
7.500000000000000000e+01 3.000000000000000568e+02
7.750000000000000000e+01 3.000000000000000568e+02
8.000000000000000000e+01 2.999999999999999432e+02
8.250000000000000000e+01 3.000000000000000000e+02
8.500000000000000000e+01 3.000000000000000000e+02
8.750000000000000000e+01 3.000000000000000568e+02
9.000000000000000000e+01 2.999999999999999432e+02
9.250000000000000000e+01 3.000000000000000000e+02
9.500000000000000000e+01 3.000000000000000000e+02
9.750000000000000000e+01 3.000000000000000000e+02
1.000000000000000000e+02 3.000000000000000000e+02
1.025000000000000000e+02 3.000000000000000000e+02
1.050000000000000000e+02 2.999999999999999432e+02
1.075000000000000000e+02 3.000000000000000000e+02
1.100000000000000000e+02 3.000000000000000000e+02
1.125000000000000000e+02 3.000000000000000000e+02
1.150000000000000000e+02 3.000000000000000568e+02
1.175000000000000000e+02 3.000000000000000000e+02
1.200000000000000000e+02 3.000000000000000000e+02
1.225000000000000000e+02 3.000000000000000000e+02
1.250000000000000000e+02 2.999999999999999432e+02
1.275000000000000000e+02 3.000000000000000000e+02
1.300000000000000000e+02 3.000000000000000000e+02
1.325000000000000000e+02 3.000000000000000000e+02
1.350000000000000000e+02 3.000000000000000000e+02
1.375000000000000000e+02 3.000000000000000568e+02
1.400000000000000000e+02 3.000000000000000000e+02
1.425000000000000000e+02 3.000000000000000000e+02
1.450000000000000000e+02 2.999999999999999432e+02
1.475000000000000000e+02 3.000000000000000000e+02
1.500000000000000000e+02 2.999999999999999432e+02
1.525000000000000000e+02 3.000000000000000568e+02
1.550000000000000000e+02 3.000000000000000000e+02
1.575000000000000000e+02 3.000000000000000000e+02
1.600000000000000000e+02 3.000000000000000568e+02
1.625000000000000000e+02 3.000000000000000000e+02
1.650000000000000000e+02 3.000000000000000000e+02
1.675000000000000000e+02 3.000000000000000000e+02
1.700000000000000000e+02 3.000000000000000568e+02
1.725000000000000000e+02 3.000000000000000000e+02
1.750000000000000000e+02 3.000000000000000000e+02
1.775000000000000000e+02 2.999999999999999432e+02
1.800000000000000000e+02 3.000000000000000000e+02
1.825000000000000000e+02 3.000000000000000000e+02
1.850000000000000000e+02 3.000000000000000000e+02
1.875000000000000000e+02 3.000000000000000000e+02
1.900000000000000000e+02 3.000000000000000000e+02
1.925000000000000000e+02 3.000000000000000000e+02
1.950000000000000000e+02 3.000000000000000000e+02
1.975000000000000000e+02 3.000000000000000568e+02
2.000000000000000000e+02 3.000000000000000000e+02
2.025000000000000000e+02 3.000000000000000000e+02
2.050000000000000000e+02 3.000000000000000568e+02
2.075000000000000000e+02 3.000000000000000000e+02
2.100000000000000000e+02 3.000000000000000568e+02
2.125000000000000000e+02 3.000000000000000000e+02
2.150000000000000000e+02 3.000000000000000000e+02
2.175000000000000000e+02 3.000000000000000568e+02
2.200000000000000000e+02 3.000000000000000000e+02
2.225000000000000000e+02 3.000000000000000000e+02
2.250000000000000000e+02 3.000000000000000000e+02
2.275000000000000000e+02 3.000000000000000000e+02
2.300000000000000000e+02 3.000000000000000568e+02
2.325000000000000000e+02 2.999999999999999432e+02
2.350000000000000000e+02 3.000000000000000000e+02
2.375000000000000000e+02 3.000000000000000000e+02
2.400000000000000000e+02 3.000000000000000000e+02
2.425000000000000000e+02 3.000000000000000000e+02
2.450000000000000000e+02 3.000000000000000000e+02
2.475000000000000000e+02 3.000000000000000568e+02
2.500000000000000000e+02 3.000000000000000000e+02
2.525000000000000000e+02 3.000000000000000000e+02
2.550000000000000000e+02 3.000000000000000568e+02
2.575000000000000000e+02 3.000000000000000000e+02
2.600000000000000000e+02 3.000000000000000000e+02
2.625000000000000000e+02 3.000000000000000000e+02
2.650000000000000000e+02 3.000000000000000568e+02
2.675000000000000000e+02 3.000000000000000000e+02
2.700000000000000000e+02 3.000000000000000000e+02
2.725000000000000000e+02 3.000000000000000000e+02
2.750000000000000000e+02 3.000000000000000000e+02
2.775000000000000000e+02 3.000000000000000000e+02
2.800000000000000000e+02 3.000000000000000568e+02
2.825000000000000000e+02 2.999999999999999432e+02
2.850000000000000000e+02 3.000000000000000000e+02
2.875000000000000000e+02 3.000000000000000000e+02
2.900000000000000000e+02 2.999999999999999432e+02
2.925000000000000000e+02 3.000000000000000000e+02
2.950000000000000000e+02 3.000000000000000000e+02
2.975000000000000000e+02 3.000000000000000000e+02
3.000000000000000000e+02 3.000000000000000000e+02
3.025000000000000000e+02 3.000000000000000568e+02
3.050000000000000000e+02 3.000000000000000000e+02
3.075000000000000000e+02 3.000000000000000000e+02
3.100000000000000000e+02 3.000000000000000000e+02
3.125000000000000000e+02 3.000000000000000000e+02
3.150000000000000000e+02 3.000000000000000000e+02
3.175000000000000000e+02 3.000000000000000000e+02
3.200000000000000000e+02 3.000000000000000000e+02
3.225000000000000000e+02 3.000000000000000568e+02
3.250000000000000000e+02 2.999999999999999432e+02
3.275000000000000000e+02 3.000000000000000000e+02
3.300000000000000000e+02 3.000000000000000000e+02
3.325000000000000000e+02 3.000000000000000000e+02
3.350000000000000000e+02 3.000000000000000568e+02
3.375000000000000000e+02 3.000000000000000000e+02
3.400000000000000000e+02 3.000000000000000000e+02
3.425000000000000000e+02 2.999999999999999432e+02
3.450000000000000000e+02 3.000000000000000568e+02
3.475000000000000000e+02 3.000000000000000568e+02
3.500000000000000000e+02 3.000000000000000000e+02
3.525000000000000000e+02 3.000000000000000568e+02
3.550000000000000000e+02 3.000000000000000000e+02
3.575000000000000000e+02 3.000000000000000000e+02
3.600000000000000000e+02 3.000000000000000568e+02
3.625000000000000000e+02 3.000000000000000000e+02
3.650000000000000000e+02 3.000000000000000000e+02
3.675000000000000000e+02 3.000000000000000000e+02
3.700000000000000000e+02 3.000000000000000000e+02
3.725000000000000000e+02 3.000000000000000000e+02
3.750000000000000000e+02 2.999999999999999432e+02
3.775000000000000000e+02 3.000000000000000000e+02
3.800000000000000000e+02 3.000000000000000000e+02
3.825000000000000000e+02 3.000000000000000000e+02
3.850000000000000000e+02 2.999999999999999432e+02
3.875000000000000000e+02 2.999999999999999432e+02
3.900000000000000000e+02 3.000000000000000000e+02
3.925000000000000000e+02 2.999999999999999432e+02
3.950000000000000000e+02 3.000000000000002274e+02
3.975000000000000000e+02 3.000000000000020464e+02
4.000000000000000000e+02 3.000000000000038085e+02
4.025000000000000000e+02 3.000000000000055707e+02
4.050000000000000000e+02 3.000000000000075602e+02
4.075000000000000000e+02 3.000000000000094929e+02
4.100000000000000000e+02 3.000000000000116529e+02
4.125000000000000000e+02 3.000000000000150635e+02
4.150000000000000000e+02 3.000000000000199520e+02
4.175000000000000000e+02 3.000000000000247837e+02
4.200000000000000000e+02 3.000000000000318323e+02
4.225000000000000000e+02 3.000000000000387104e+02
4.250000000000000000e+02 3.000000000000472369e+02
4.275000000000000000e+02 3.000000000000563318e+02
4.300000000000000000e+02 3.000000000000657678e+02
4.325000000000000000e+02 3.000000000000777618e+02
4.350000000000000000e+02 3.000000000000895284e+02
4.375000000000000000e+02 3.000000000001041940e+02
4.400000000000000000e+02 3.000000000001201101e+02
4.425000000000000000e+02 3.000000000001377884e+02
4.450000000000000000e+02 3.000000000001584226e+02
4.475000000000000000e+02 3.000000000001824674e+02
4.500000000000000000e+02 3.000000000002111165e+02
4.525000000000000000e+02 3.000000000002454499e+02
4.550000000000000000e+02 3.000000000002860929e+02
4.575000000000000000e+02 3.000000000003341825e+02
4.600000000000000000e+02 3.000000000003908553e+02
4.625000000000000000e+02 3.000000000004595790e+02
4.650000000000000000e+02 3.000000000005454126e+02
4.675000000000000000e+02 3.000000000006544383e+02
4.700000000000000000e+02 3.000000000007931362e+02
4.725000000000000000e+02 3.000000000009695782e+02
4.750000000000000000e+02 3.000000000011895054e+02
4.775000000000000000e+02 3.000000000014586590e+02
4.800000000000000000e+02 3.000000000017855655e+02
4.825000000000000000e+02 3.000000000021825599e+02
4.850000000000000000e+02 3.000000000026618636e+02
4.875000000000000000e+02 3.000000000032307526e+02
4.900000000000000000e+02 3.000000000038946268e+02
4.925000000000000000e+02 3.000000000046582613e+02
4.950000000000000000e+02 3.000000000055260330e+02
4.975000000000000000e+02 3.000000000065007839e+02
5.000000000000000000e+02 3.000000000075952471e+02
5.025000000000000000e+02 3.000000000088368779e+02
5.050000000000000000e+02 3.000000000102558033e+02
5.075000000000000000e+02 3.000000000118844810e+02
5.100000000000000000e+02 3.000000000137623601e+02
5.125000000000000000e+02 3.000000000159406000e+02
5.150000000000000000e+02 3.000000000184928126e+02
5.175000000000000000e+02 3.000000000215185878e+02
5.200000000000000000e+02 3.000000000251283723e+02
5.225000000000000000e+02 3.000000000294472216e+02
5.250000000000000000e+02 3.000000000345705189e+02
5.275000000000000000e+02 3.000000000406241725e+02
5.300000000000000000e+02 3.000000000478271431e+02
5.325000000000000000e+02 3.000000000565278810e+02
5.350000000000000000e+02 3.000000000671556109e+02
5.375000000000000000e+02 3.000000000801292117e+02
5.400000000000000000e+02 3.000000000958813757e+02
5.425000000000000000e+02 3.000000001150048092e+02
5.450000000000000000e+02 3.000000001383002086e+02
5.475000000000000000e+02 3.000000001667408469e+02
5.500000000000000000e+02 3.000000002012678237e+02
5.525000000000000000e+02 3.000000002427935328e+02
5.550000000000000000e+02 3.000000002922058115e+02
5.575000000000000000e+02 3.000000003508797590e+02
5.600000000000000000e+02 3.000000004208271775e+02
5.625000000000000000e+02 3.000000005044225304e+02
5.650000000000000000e+02 3.000000006046029171e+02
5.675000000000000000e+02 3.000000007255300716e+02
5.700000000000000000e+02 3.000000008716509114e+02
5.725000000000000000e+02 3.000000010475158092e+02
5.750000000000000000e+02 3.000000012569848877e+02
5.775000000000000000e+02 3.000000015037059597e+02
5.800000000000000000e+02 3.000000017898291276e+02
5.825000000000000000e+02 3.000000021208340968e+02
5.850000000000000000e+02 3.000000025014867902e+02
5.875000000000000000e+02 3.000000029408247428e+02
5.900000000000000000e+02 3.000000034454637898e+02
5.925000000000000000e+02 3.000000040278331994e+02
5.950000000000000000e+02 3.000000046935656997e+02
5.975000000000000000e+02 3.000000054609764106e+02
6.000000000000000000e+02 3.000000063413891098e+02
6.025000000000000000e+02 3.000000073694396860e+02
6.050000000000000000e+02 3.000000085696016185e+02
6.075000000000000000e+02 3.000000100035866808e+02
6.100000000000000000e+02 3.000000117202145020e+02
6.125000000000000000e+02 3.000000138292892871e+02
6.150000000000000000e+02 3.000000164284896300e+02
6.175000000000000000e+02 3.000000197073524077e+02
6.200000000000000000e+02 3.000000239108626943e+02
6.225000000000000000e+02 3.000000294265684602e+02
6.250000000000000000e+02 3.000000368685912235e+02
6.275000000000000000e+02 3.000000471467508874e+02
6.300000000000000000e+02 3.000000620577005748e+02
6.325000000000000000e+02 3.000000842111097654e+02
6.350000000000000000e+02 3.000001197548098730e+02
6.375000000000000000e+02 3.000001782957654655e+02
6.400000000000000000e+02 3.000002965447880001e+02
6.425000000000000000e+02 3.000005855352029016e+02
6.450000000000000000e+02 3.000019351785671233e+02
6.475000000000000000e+02 3.000095070148873333e+02
6.500000000000000000e+02 3.000527312476799580e+02
6.525000000000000000e+02 3.001762902346105761e+02
6.550000000000000000e+02 3.003800173388003145e+02
6.575000000000000000e+02 3.005950957118845395e+02
6.600000000000000000e+02 3.008003280022768422e+02
6.625000000000000000e+02 3.009996729639631212e+02
6.650000000000000000e+02 3.011996343739208442e+02
6.675000000000000000e+02 3.013994762751005965e+02
6.700000000000000000e+02 3.015997933411309759e+02
6.725000000000000000e+02 3.017997412939052424e+02
6.750000000000000000e+02 3.019998593861078575e+02
6.775000000000000000e+02 3.021999055084382917e+02
6.800000000000000000e+02 3.023999359010569492e+02
6.825000000000000000e+02 3.026000721185865814e+02
6.850000000000000000e+02 3.028000015049433955e+02
6.875000000000000000e+02 3.030001259768108071e+02
6.900000000000000000e+02 3.031998688101638777e+02
6.925000000000000000e+02 3.033999328553454120e+02
6.950000000000000000e+02 3.035996170185583765e+02
6.975000000000000000e+02 3.037997615082419429e+02
7.000000000000000000e+02 3.039995821333872641e+02
7.025000000000000000e+02 3.041998843152692871e+02
7.050000000000000000e+02 3.043998442242145757e+02
7.075000000000000000e+02 3.046002005518593592e+02
7.100000000000000000e+02 3.048001051331102076e+02
7.125000000000000000e+02 3.050003407262900623e+02
7.150000000000000000e+02 3.052000763961873417e+02
7.175000000000000000e+02 3.054001286362585006e+02
7.200000000000000000e+02 3.055998029651976822e+02
7.225000000000000000e+02 3.057997831149118042e+02
7.250000000000000000e+02 3.059995593974018675e+02
7.275000000000000000e+02 3.061996590819574067e+02
7.300000000000000000e+02 3.063996041894976656e+02
7.325000000000000000e+02 3.065998998429670905e+02
7.350000000000000000e+02 3.067999246093021952e+02
7.375000000000000000e+02 3.070001278367312239e+02
7.400000000000000000e+02 3.071997433038461622e+02
7.425000000000000000e+02 3.074024447535196600e+02
7.450000000000000000e+02 3.076125158382387212e+02
7.475000000000000000e+02 3.078169351972500749e+02
7.500000000000000000e+02 3.079568303271854575e+02
7.525000000000000000e+02 3.080044764661737418e+02
7.550000000000000000e+02 3.080162011305494616e+02
7.575000000000000000e+02 3.080230079324412600e+02
7.600000000000000000e+02 3.080300204915220661e+02
7.625000000000000000e+02 3.080374696847368909e+02
7.650000000000000000e+02 3.080449861048314233e+02
7.675000000000000000e+02 3.080525037294651725e+02
7.700000000000000000e+02 3.080599953066246712e+02
7.725000000000000000e+02 3.080675032976459988e+02
7.750000000000000000e+02 3.080749950362893514e+02
7.775000000000000000e+02 3.080825030680912846e+02
7.800000000000000000e+02 3.080899955579985772e+02
7.825000000000000000e+02 3.080975028188113924e+02
7.850000000000000000e+02 3.081049961258753456e+02
7.875000000000000000e+02 3.081125025387792675e+02
7.900000000000000000e+02 3.081199967387317429e+02
7.925000000000000000e+02 3.081275022760588627e+02
7.950000000000000000e+02 3.081349973682559948e+02
7.975000000000000000e+02 3.081425020511157982e+02
8.000000000000000000e+02 3.081499980027439847e+02
8.025000000000000000e+02 3.081575018575420017e+02
8.050000000000000000e+02 3.081649986287940237e+02
8.075000000000000000e+02 3.081725016930712968e+02
8.100000000000000000e+02 3.081799992447677710e+02
8.125000000000000000e+02 3.081875015511311062e+02
8.150000000000000000e+02 3.081949998488378810e+02
8.175000000000000000e+02 3.082025014215849978e+02
8.200000000000000000e+02 3.082100004409310259e+02
8.225000000000000000e+02 3.082175012986953675e+02
8.250000000000000000e+02 3.082250010131716067e+02
8.275000000000000000e+02 3.082325011735601947e+02
8.300000000000000000e+02 3.082400015574401664e+02
8.325000000000000000e+02 3.082475010445718908e+02
8.350000000000000000e+02 3.082550020642538016e+02
8.375000000000000000e+02 3.082625009024175142e+02
8.400000000000000000e+02 3.082700025286773098e+02
8.425000000000000000e+02 3.082775007444415110e+02
8.450000000000000000e+02 3.082850029473460722e+02
8.475000000000000000e+02 3.082925005622259960e+02
8.500000000000000000e+02 3.083000033218806379e+02
8.525000000000000000e+02 3.083075003595812404e+02
8.550000000000000000e+02 3.083150036406266850e+02
8.575000000000000000e+02 3.083225001215955672e+02
8.600000000000000000e+02 3.083300039001948676e+02
8.625000000000000000e+02 3.083374998595637067e+02
8.650000000000000000e+02 3.083450040830647936e+02
8.675000000000000000e+02 3.083524995594337383e+02
8.700000000000000000e+02 3.083600041876679825e+02
8.725000000000000000e+02 3.083674992369470260e+02
8.750000000000000000e+02 3.083750042000514213e+02
8.775000000000000000e+02 3.083824988841254253e+02
8.800000000000000000e+02 3.083900041229916269e+02
8.825000000000000000e+02 3.083974985152739805e+02
8.850000000000000000e+02 3.084050039481048202e+02
8.875000000000000000e+02 3.084124981200621960e+02
8.900000000000000000e+02 3.084200036807936272e+02
8.925000000000000000e+02 3.084274977132295703e+02
8.950000000000000000e+02 3.084350033201574774e+02
8.975000000000000000e+02 3.084424972870364172e+02
9.000000000000000000e+02 3.084500028643946621e+02
9.025000000000000000e+02 3.084574968538981352e+02
9.050000000000000000e+02 3.084650023289280512e+02
9.075000000000000000e+02 3.084724964136682956e+02
9.100000000000000000e+02 3.084800017216908259e+02
9.125000000000000000e+02 3.084874959760274464e+02
9.150000000000000000e+02 3.084950010751816762e+02
9.175000000000000000e+02 3.085024955475002457e+02
9.200000000000000000e+02 3.085100004051499809e+02
9.225000000000000000e+02 3.085174951423329048e+02
9.250000000000000000e+02 3.085249997360106704e+02
9.275000000000000000e+02 3.085324947670698066e+02
9.300000000000000000e+02 3.085399990842436182e+02
9.325000000000000000e+02 3.085474944421478085e+02
9.350000000000000000e+02 3.085549984726281423e+02
9.375000000000000000e+02 3.085624941805949106e+02
9.400000000000000000e+02 3.085699979243407256e+02
9.425000000000000000e+02 3.085774940020677377e+02
9.450000000000000000e+02 3.085849974580799540e+02
9.475000000000000000e+02 3.085924939226019887e+02
9.500000000000000000e+02 3.085999970930979543e+02
9.525000000000000000e+02 3.086074939574697282e+02
9.550000000000000000e+02 3.086149968415854801e+02
9.575000000000000000e+02 3.086224941183722308e+02
9.600000000000000000e+02 3.086299967148029850e+02
9.625000000000000000e+02 3.086374944122296142e+02
9.650000000000000000e+02 3.086449967168024955e+02
9.675000000000000000e+02 3.086524948433959139e+02
9.700000000000000000e+02 3.086599968503402351e+02
9.725000000000000000e+02 3.086674954015074945e+02
9.750000000000000000e+02 3.086749971144436131e+02
9.775000000000000000e+02 3.086824960875891861e+02
9.800000000000000000e+02 3.086899974988658073e+02
9.825000000000000000e+02 3.086974968638832593e+02
9.850000000000000000e+02 3.087049979994541218e+02
9.875000000000000000e+02 3.087124976759577066e+02
9.900000000000000000e+02 3.087199984418064673e+02
9.925000000000000000e+02 3.087275007744613049e+02
9.950000000000000000e+02 3.087350162923364110e+02
9.975000000000000000e+02 3.087424160993452915e+02
1.000000000000000000e+03 3.087481979444607418e+02
