# z, u, v, w, u_mag
0.000000000000000000e+00 2.478465002672050943e+00 2.518994503639310434e+00 1.779781735763173234e-04 3.533853719455780418e+00
2.500000000000000000e+00 2.840758651510451926e+00 2.881889110402857668e+00 -6.667258574034911527e-05 4.046627554549008465e+00
5.000000000000000000e+00 3.077066372327291521e+00 3.114732097399748323e+00 -1.085198916634461822e-05 4.378343693498425893e+00
7.500000000000000000e+00 3.237688313390579609e+00 3.269825273717365199e+00 2.589665417661540116e-06 4.601563096961019284e+00
1.000000000000000000e+01 3.344511273628876236e+00 3.370112952789463989e+00 -1.974757498065532135e-05 4.747990835540853993e+00
1.250000000000000000e+01 3.416315052257095530e+00 3.435154380110541528e+00 1.071295999424289951e-05 4.844738811492917741e+00
1.500000000000000000e+01 3.467331727670646124e+00 3.479598988133520976e+00 -2.401506811104841375e-05 4.912229476368959347e+00
1.750000000000000000e+01 3.505433149341806054e+00 3.511353383435917408e+00 1.309814211502948733e-05 4.961619105498006554e+00
2.000000000000000000e+01 3.535703178498942112e+00 3.535307233888163481e+00 -1.418918760163458930e-05 4.999959420298411672e+00
2.250000000000000000e+01 3.560984404315659990e+00 3.554330629783472251e+00 1.177984540529408785e-05 5.031289710773481083e+00
2.500000000000000000e+01 3.583124430212201172e+00 3.570303928005529315e+00 -7.887433384267952143e-06 5.058245824470914087e+00
2.750000000000000000e+01 3.603085092980129467e+00 3.584194318731074524e+00 8.940298347979352004e-06 5.082191564842835518e+00
3.000000000000000000e+01 3.621520834387073506e+00 3.596753035574989266e+00 -3.917370845194377100e-06 5.104120448503628893e+00
3.250000000000000000e+01 3.638754655278037653e+00 3.608266902378659324e+00 6.417596978519715723e-06 5.124463433389886191e+00
3.500000000000000000e+01 3.654965376366429819e+00 3.618885169624793452e+00 -2.170022971714089832e-06 5.143452320511231690e+00
3.750000000000000000e+01 3.670322592636954706e+00 3.628839039942660882e+00 3.946993672654762808e-06 5.161370042135015268e+00
4.000000000000000000e+01 3.685058201651405962e+00 3.638477198590749140e+00 -1.575581055628652176e-06 5.178626292196180536e+00
4.250000000000000000e+01 3.699317255877610844e+00 3.647902731260647791e+00 3.040742474448112700e-06 5.195396279051482935e+00
4.500000000000000000e+01 3.713165205613049302e+00 3.657111516493272152e+00 -8.895476714925079856e-07 5.211723370272439482e+00
4.750000000000000000e+01 3.726642073153090262e+00 3.666077596541686301e+00 1.151629590851061957e-06 5.227617629978396963e+00
5.000000000000000000e+01 3.739914060219009073e+00 3.674767656328556953e+00 -3.913884155280115208e-07 5.243174086926970290e+00
5.250000000000000000e+01 3.753054787558107730e+00 3.683149531449798175e+00 8.450305670683758703e-07 5.258422834789193701e+00
5.500000000000000000e+01 3.766033524698878310e+00 3.691274841714333732e+00 -7.602106996679951668e-07 5.273378278317383483e+00
5.750000000000000000e+01 3.778788714485011635e+00 3.699123407282028264e+00 6.970637173038298247e-07 5.287982425369960993e+00
6.000000000000000000e+01 3.791314630901848393e+00 3.706688290309572587e+00 -1.426259116355915711e-07 5.302226391998793531e+00
6.250000000000000000e+01 3.803692045403211708e+00 3.714068338383739842e+00 9.657855465635879935e-07 5.316237090127673426e+00
6.500000000000000000e+01 3.815995406758025510e+00 3.721227536967943283e+00 -6.627629327735354832e-08 5.330042713364205653e+00
6.750000000000000000e+01 3.828217618291128943e+00 3.728042920312924835e+00 8.250395828509849388e-08 5.343552577517127311e+00
7.000000000000000000e+01 3.840333874388150548e+00 3.734504342910425656e+00 -2.127430060776017008e-07 5.356742195961084363e+00
7.250000000000000000e+01 3.852327145073039638e+00 3.740708173124095648e+00 2.074282252242279037e-07 5.369666848990171992e+00
7.500000000000000000e+01 3.864172465880150398e+00 3.746803141716380736e+00 -5.277593439721952551e-07 5.382412342885139367e+00
7.750000000000000000e+01 3.875844057060638281e+00 3.752876917514341049e+00 6.099511731118964660e-08 5.395021066934234888e+00
8.000000000000000000e+01 3.887328635154116530e+00 3.758896411879188104e+00 -1.478536300454776782e-07 5.407460231284869856e+00
8.250000000000000000e+01 3.898648627572900871e+00 3.764766642038207767e+00 1.135887826229030189e-08 5.419679786692172208e+00
8.500000000000000000e+01 3.909883494723577435e+00 3.770487831032331538e+00 3.153342236164101467e-07 5.431737054228126915e+00
8.750000000000000000e+01 3.921134388260889558e+00 3.776013480888363638e+00 2.072988663109252536e-07 5.443672721486183974e+00
9.000000000000000000e+01 3.932348725927343303e+00 3.781331807367283915e+00 1.782053840526295881e-07 5.455441021559114922e+00
9.250000000000000000e+01 3.943382237225743214e+00 3.786521261900120727e+00 2.806146464291811204e-08 5.466992476278816682e+00
9.500000000000000000e+01 3.954289993885988341e+00 3.791659163211134054e+00 -3.611815862560586604e-08 5.478420261873838015e+00
9.750000000000000000e+01 3.965183096810350083e+00 3.796757117427622674e+00 2.549967482772918022e-07 5.489812528672349146e+00
1.000000000000000000e+02 3.976110791918505694e+00 3.801870968499781345e+00 -1.332287263302334433e-07 5.501243485861381899e+00
1.025000000000000000e+02 3.987130110732231891e+00 3.807032254865351018e+00 -3.898668792379633094e-07 5.512776170813842747e+00
1.050000000000000000e+02 3.998163694340355345e+00 3.812053734423251239e+00 -3.628984101825592672e-07 5.524225429946872268e+00
1.075000000000000000e+02 4.009146000569410617e+00 3.816792467624365415e+00 9.038401249381109048e-08 5.535445455859519193e+00
1.100000000000000000e+02 4.020128435815845336e+00 3.821357264667097464e+00 1.554085691055272395e-07 5.546548835508363418e+00
1.125000000000000000e+02 4.031076544598332312e+00 3.825859580594615394e+00 1.806022598065697115e-07 5.557587573654459767e+00
1.150000000000000000e+02 4.041972292101756459e+00 3.830261293945302015e+00 -1.859022768686585864e-07 5.568522388391188294e+00
1.175000000000000000e+02 4.052902018381751681e+00 3.834496929265626353e+00 1.781255948655399812e-07 5.579371064120975277e+00
1.200000000000000000e+02 4.063928321459236770e+00 3.838570555907132142e+00 -2.600964815854238036e-07 5.590182225530376137e+00
1.225000000000000000e+02 4.075025525141890981e+00 3.842552207354685390e+00 4.691188970526605979e-07 5.600985671897807272e+00
1.250000000000000000e+02 4.086072635018816790e+00 3.846439603088748882e+00 -2.118284801873309284e-08 5.611692008553137434e+00
1.275000000000000000e+02 4.097068715666220662e+00 3.850192142183634036e+00 1.414657892721949441e-07 5.622272813784784162e+00
1.300000000000000000e+02 4.108068369161054889e+00 3.853836882303316003e+00 -2.232843185863896249e-07 5.632786560939706533e+00
1.325000000000000000e+02 4.119002659212651629e+00 3.857402184375799514e+00 1.037597715462492585e-07 5.643202505548431169e+00
1.350000000000000000e+02 4.129824928596038447e+00 3.860864306349719666e+00 -4.242408233365553729e-07 5.653470361901506536e+00
1.375000000000000000e+02 4.140625726607621182e+00 3.864232737374373450e+00 1.265465612845861401e-08 5.663662777429526507e+00
1.400000000000000000e+02 4.151472411915099414e+00 3.867575882042761926e+00 3.978580651461175367e-07 5.673875782060370021e+00
1.425000000000000000e+02 4.162216260354434816e+00 3.870837152194766428e+00 -2.562278082334857981e-07 5.683962038646124704e+00
1.450000000000000000e+02 4.172799085510321859e+00 3.873966099789859285e+00 -1.384605396265255021e-07 5.693844531628594829e+00
1.475000000000000000e+02 4.183278566957384648e+00 3.876970004410941861e+00 -6.131326957161156612e-07 5.703570459270893345e+00
1.500000000000000000e+02 4.193633516441352960e+00 3.879830083441054622e+00 4.143404206609421163e-07 5.713111546836334931e+00
1.525000000000000000e+02 4.203915001155755782e+00 3.882566094912122345e+00 2.065616899737528651e-07 5.722518747745926504e+00
1.550000000000000000e+02 4.214203444244844832e+00 3.885140191544969923e+00 1.456784843639137278e-07 5.731825623433010719e+00
1.575000000000000000e+02 4.224456025258655600e+00 3.887463234896041619e+00 1.854120719742230563e-07 5.740940612130785325e+00
1.600000000000000000e+02 4.234617384878713864e+00 3.889558275130896803e+00 1.482717888127611019e-08 5.749838951827804578e+00
1.625000000000000000e+02 4.244688002347204225e+00 3.891535045556641315e+00 1.076324032033352618e-07 5.758595423197035323e+00
1.650000000000000000e+02 4.254690186042108024e+00 3.893464072986366098e+00 6.014535966663837397e-08 5.767274145282033970e+00
1.675000000000000000e+02 4.264677767341439996e+00 3.895427433847309384e+00 6.611615538604263855e-08 5.775970165403091272e+00
1.700000000000000000e+02 4.274672738641550396e+00 3.897460844813901204e+00 -1.274725793518851745e-07 5.784723680465883255e+00
1.725000000000000000e+02 4.284587129118720306e+00 3.899511914806875534e+00 -1.717861912709163729e-07 5.793434218210353315e+00
1.750000000000000000e+02 4.294351255499990749e+00 3.901548622619813056e+00 -4.151069988320626775e-07 5.802028469447653158e+00
1.775000000000000000e+02 4.303982995650518895e+00 3.903513888271992638e+00 1.464412323535714330e-07 5.810481073265893137e+00
1.800000000000000000e+02 4.313487522532045482e+00 3.905379540719008169e+00 -1.342136480397672773e-07 5.818776844329594411e+00
1.825000000000000000e+02 4.322883309068103586e+00 3.907126554430854437e+00 9.672561915743357660e-08 5.826916681758743444e+00
1.850000000000000000e+02 4.332198001411716959e+00 3.908732427325454672e+00 1.347068017879752253e-07 5.834906058529240269e+00
1.875000000000000000e+02 4.341436540290325219e+00 3.910280254466155903e+00 4.643188024089565728e-07 5.842804369635881123e+00
1.900000000000000000e+02 4.350576988883063656e+00 3.911876611478173338e+00 -1.686781258671314246e-08 5.850666522681734705e+00
1.925000000000000000e+02 4.359621637150478790e+00 3.913536307968876748e+00 -4.008835272926936210e-08 5.858503840819880182e+00
1.950000000000000000e+02 4.368677540895130385e+00 3.915255438247415398e+00 -7.612634994263252174e-09 5.866393151080780299e+00
1.975000000000000000e+02 4.377833566864361536e+00 3.916953288500053088e+00 -1.468242985472206567e-08 5.874346755466152814e+00
2.000000000000000000e+02 4.386967540827257039e+00 3.918462618410921472e+00 -1.774241017940115735e-08 5.882162314672702230e+00
2.025000000000000000e+02 4.395953007719279881e+00 3.919785491421054591e+00 -1.599116781448861729e-09 5.889747120618268106e+00
2.050000000000000000e+02 4.404856909370316487e+00 3.921052005594847234e+00 1.330963922052857226e-07 5.897237762088858304e+00
2.075000000000000000e+02 4.413756225677964551e+00 3.922347783320383918e+00 -9.827052067984903793e-08 5.904748610485405891e+00
2.100000000000000000e+02 4.422616596548837542e+00 3.923602488138476563e+00 -4.838549973036852829e-08 5.912207205857695769e+00
2.125000000000000000e+02 4.431384766986128376e+00 3.924761564979198702e+00 -6.319646140422029243e-08 5.919537506850909736e+00
2.150000000000000000e+02 4.440055415981470688e+00 3.925849971506607972e+00 -3.279669297523001158e-07 5.926752069706048509e+00
2.175000000000000000e+02 4.448656925230443981e+00 3.926929411176840024e+00 5.729619128649346618e-08 5.933912961846210976e+00
2.200000000000000000e+02 4.457157790823123023e+00 3.928117151998625989e+00 -9.640807667513988912e-08 5.941073971271613630e+00
2.225000000000000000e+02 4.465493575178034469e+00 3.929413049131743385e+00 2.318541955950290504e-07 5.948186259747014759e+00
2.250000000000000000e+02 4.473694896345064009e+00 3.930747980481000603e+00 -8.583703467660897250e-08 5.955226755686079620e+00
2.275000000000000000e+02 4.481829919332634304e+00 3.932095873067434244e+00 1.070740940149419590e-07 5.962229229140651121e+00
2.300000000000000000e+02 4.489892554312810979e+00 3.933404424569108215e+00 7.137141483852049503e-08 5.969154505999443749e+00
2.325000000000000000e+02 4.497853716980419136e+00 3.934578661223832707e+00 1.925859419225923352e-07 5.975918113621750294e+00
2.350000000000000000e+02 4.505728083660061500e+00 3.935599876527525520e+00 -2.493960183993034059e-07 5.982518863489400651e+00
2.375000000000000000e+02 4.513513554098746106e+00 3.936461242071340738e+00 9.084467750172087841e-08 5.988950802382913885e+00
2.400000000000000000e+02 4.521254666099945752e+00 3.937225237352493412e+00 -2.622741448240411671e-07 5.995288677401281241e+00
2.425000000000000000e+02 4.529034002545816229e+00 3.937929653713672984e+00 2.397459096726641698e-07 6.001619694200368116e+00
2.450000000000000000e+02 4.536842320754431945e+00 3.938564577147380064e+00 -1.051521111226752323e-07 6.007930523212514196e+00
2.475000000000000000e+02 4.544555798826046988e+00 3.939057307410126718e+00 9.506146735789047183e-08 6.014080135790059067e+00
2.500000000000000000e+02 4.552126617418432275e+00 3.939321357976290905e+00 -1.730077036527762816e-07 6.019975872245467485e+00
2.525000000000000000e+02 4.559558654212234607e+00 3.939364483452345134e+00 -6.062499051591435331e-08 6.025625913935202860e+00
2.550000000000000000e+02 4.566842918936075080e+00 3.939238530464777455e+00 -9.933043334885485950e-08 6.031057489871479937e+00
2.575000000000000000e+02 4.573995671120752782e+00 3.939014300502248656e+00 2.329793548262070590e-08 6.036329187427786458e+00
2.600000000000000000e+02 4.581051327786133776e+00 3.938770252992434884e+00 -2.213867236199430139e-07 6.041518217606335561e+00
2.625000000000000000e+02 4.587995887525329941e+00 3.938557871451703107e+00 1.207608160581137388e-07 6.046647366162799742e+00
2.650000000000000000e+02 4.594792240192415278e+00 3.938367800139065178e+00 1.438498921577514555e-07 6.051682134721277251e+00
2.675000000000000000e+02 4.601484832728338858e+00 3.938142458839326565e+00 -4.008412254556211181e-08 6.056618585641826868e+00
2.700000000000000000e+02 4.608141459275454821e+00 3.937870698097552857e+00 1.634481264100201974e-07 6.061500915089319541e+00
2.725000000000000000e+02 4.614764103923193694e+00 3.937556391729858163e+00 3.671910628174696798e-08 6.066333165340550337e+00
2.750000000000000000e+02 4.621399135921164358e+00 3.937202035037459247e+00 9.081039627044721516e-08 6.071152266102044948e+00
2.775000000000000000e+02 4.628120960912657011e+00 3.936844509669195524e+00 -2.788218416414099611e-08 6.076038867728841275e+00
2.800000000000000000e+02 4.634953390316282729e+00 3.936497874130965080e+00 -8.673963408210307922e-08 6.081020345586916065e+00
2.825000000000000000e+02 4.641811220922310355e+00 3.936089951914712781e+00 6.426706823205912595e-08 6.085985172529115417e+00
2.850000000000000000e+02 4.648608119324580734e+00 3.935559768198567898e+00 4.272770845672829477e-08 6.090828197881925199e+00
2.875000000000000000e+02 4.655368513755015591e+00 3.934978186478430118e+00 -1.327085259449658360e-07 6.095613941755389398e+00
2.900000000000000000e+02 4.662132451116506537e+00 3.934413361848403401e+00 4.136254449801350252e-08 6.100416993423061207e+00
2.925000000000000000e+02 4.668926996616059810e+00 3.933820358431736608e+00 9.871405525229331022e-08 6.105229063036231807e+00
2.950000000000000000e+02 4.675761042341875395e+00 3.933186482758993296e+00 -1.032090997453074796e-08 6.110048873228432598e+00
2.975000000000000000e+02 4.682538012732374355e+00 3.932515441223984887e+00 2.353240143503948668e-07 6.114804979404394381e+00
3.000000000000000000e+02 4.689245877684601993e+00 3.931795926350201587e+00 -1.953919710309558589e-07 6.119480869146181945e+00
3.025000000000000000e+02 4.695984785648018800e+00 3.931097014181270666e+00 7.705043616812136097e-08 6.124197648830627116e+00
3.050000000000000000e+02 4.702706236248290317e+00 3.930404663129913434e+00 -1.064734522537580033e-08 6.128909100353987505e+00
3.075000000000000000e+02 4.709314276076544736e+00 3.929688419840066338e+00 1.182636743785091146e-07 6.133521992125199773e+00
3.100000000000000000e+02 4.715842781919140414e+00 3.929015708395667161e+00 -1.177408111738934533e-07 6.138105373859166214e+00
3.125000000000000000e+02 4.722385554212312542e+00 3.928378336439877661e+00 -2.360234939975342479e-08 6.142725915816468429e+00
3.150000000000000000e+02 4.728945432298050200e+00 3.927711689796199224e+00 -3.797079502067629444e-07 6.147344468940588946e+00
3.175000000000000000e+02 4.735482771012616610e+00 3.926996240755639356e+00 3.360448264605284319e-08 6.151918119535260132e+00
3.200000000000000000e+02 4.741895086772914603e+00 3.926197559183809638e+00 3.668669266739689705e-08 6.156346017541737936e+00
3.225000000000000000e+02 4.748141782824578883e+00 3.925269891293199365e+00 2.439005422918358657e-08 6.160567677519458663e+00
3.250000000000000000e+02 4.754290539640150470e+00 3.924235877579770548e+00 7.969663122172723265e-09 6.164649686575556231e+00
3.275000000000000000e+02 4.760401948057534582e+00 3.923123378273102535e+00 3.219709729098557094e-08 6.168656559431958897e+00
3.300000000000000000e+02 4.766468096415011679e+00 3.921965675985009003e+00 1.581235693278709875e-07 6.172603411668913687e+00
3.325000000000000000e+02 4.772403491513209417e+00 3.920789064154399206e+00 -7.831163708082715299e-08 6.176440882207180572e+00
3.350000000000000000e+02 4.778166224300374409e+00 3.919629471727512193e+00 1.730264151948586063e-07 6.180159193959313235e+00
3.375000000000000000e+02 4.783882748653251582e+00 3.918524157473326941e+00 -7.063873565317882271e-08 6.183879504450603193e+00
3.400000000000000000e+02 4.789688225872450467e+00 3.917467865072860267e+00 2.077240010825885163e-08 6.187702948181958540e+00
3.425000000000000000e+02 4.795572965161165158e+00 3.916462407516528188e+00 -1.332140247627472182e-10 6.191623200233910218e+00
3.450000000000000000e+02 4.801463659796647576e+00 3.915500736943187121e+00 5.798290251968806407e-08 6.195579012275644892e+00
3.475000000000000000e+02 4.807281392052112245e+00 3.914522041685994047e+00 -1.295747708378695927e-07 6.199470719119172912e+00
3.500000000000000000e+02 4.813031338281240856e+00 3.913526343653753514e+00 -1.907162209754170587e-08 6.203302274252741277e+00
3.525000000000000000e+02 4.818732163625414344e+00 3.912532878505646128e+00 -7.456856701209044423e-08 6.207100223948841311e+00
3.550000000000000000e+02 4.824297210029002692e+00 3.911495548155223378e+00 1.045353425312593284e-07 6.210768148460523719e+00
3.575000000000000000e+02 4.829746182508562136e+00 3.910393403514855759e+00 -4.576615481293156337e-08 6.214308067492995136e+00
3.600000000000000000e+02 4.835189862394263294e+00 3.909229383904073707e+00 7.575108524059678884e-08 6.217807924130439368e+00
3.625000000000000000e+02 4.840635435838647638e+00 3.907968339785964140e+00 -9.232564169970548626e-08 6.221251318462089230e+00
3.650000000000000000e+02 4.845989130182317695e+00 3.906555613982281017e+00 2.100633330567435676e-07 6.224531100009196294e+00
3.675000000000000000e+02 4.851218872589384112e+00 3.905010488665018986e+00 -2.504340120769947075e-07 6.227634500061101974e+00
3.700000000000000000e+02 4.856386074047183143e+00 3.903430490842073830e+00 3.413329208711960751e-08 6.230670533500789254e+00
3.725000000000000000e+02 4.861516566266122830e+00 3.901893834040407683e+00 -2.153203472429969044e-07 6.233708271663227940e+00
3.750000000000000000e+02 4.866559540802604111e+00 3.900451789724259211e+00 2.327667355142555934e-07 6.236740008060307261e+00
3.775000000000000000e+02 4.871497448621244786e+00 3.899122216999394652e+00 -1.496389728542161160e-07 6.239762932597807676e+00
3.800000000000000000e+02 4.876411064046607180e+00 3.897873122138957314e+00 3.286498434078889087e-07 6.242819854989376083e+00
3.825000000000000000e+02 4.881385596019707229e+00 3.896652284671612065e+00 -4.331092691483309145e-07 6.245944633493428100e+00
3.850000000000000000e+02 4.886417939852216286e+00 3.895409232147519774e+00 3.499346330841786458e-07 6.249103405194206928e+00
3.875000000000000000e+02 4.891460656438987087e+00 3.894103607831035152e+00 -5.132361231084263320e-07 6.252234021692844479e+00
3.900000000000000000e+02 4.896481384870160269e+00 3.892716381444360163e+00 6.509723789684444881e-07 6.255299415595204415e+00
3.925000000000000000e+02 4.901484222766044674e+00 3.891283778468785925e+00 -4.646823426701695311e-07 6.258325417441872318e+00
3.950000000000000000e+02 4.906539356896127302e+00 3.889861870075295158e+00 6.423907269521536637e-07 6.261401906046021537e+00
3.975000000000000000e+02 4.911658673396511965e+00 3.888462743374909714e+00 -6.445139909546652785e-07 6.264545748142184678e+00
4.000000000000000000e+02 4.916706807221993714e+00 3.887033776159965814e+00 8.816767937887289740e-07 6.267618160449172748e+00
4.025000000000000000e+02 4.921600865826614601e+00 3.885537134853858987e+00 -9.493601479599382332e-07 6.270530592289182081e+00
4.050000000000000000e+02 4.926385712399575567e+00 3.883995185667994399e+00 1.185420305973684044e-06 6.273332032471120812e+00
4.075000000000000000e+02 4.931110220350329421e+00 3.882446555162891944e+00 -1.370311061224530465e-06 6.276084707757022763e+00
4.100000000000000000e+02 4.935743274658668689e+00 3.880915741090665616e+00 1.529739568117051807e-06 6.278779233480496380e+00
4.125000000000000000e+02 4.940220398965244009e+00 3.879421132959994356e+00 -2.000986545503771774e-06 6.281376116521994568e+00
4.150000000000000000e+02 4.944599644221948864e+00 3.877963861723987105e+00 2.239148014779170975e-06 6.283921494933085050e+00
4.175000000000000000e+02 4.948977935723865684e+00 3.876500958081480874e+00 -2.507630506372227197e-06 6.286465007163770657e+00
4.200000000000000000e+02 4.953352995862201347e+00 3.874988149167139628e+00 2.921294466215955632e-06 6.288977584457695613e+00
4.225000000000000000e+02 4.957695378019415955e+00 3.873457068852373730e+00 -3.382682838725459186e-06 6.291455564930021893e+00
4.250000000000000000e+02 4.962075156453482627e+00 3.872002311165411825e+00 3.734229330004203883e-06 6.294012373357483092e+00
4.275000000000000000e+02 4.966586511135354876e+00 3.870672118191361921e+00 -4.317960757245431867e-06 6.296751878481024356e+00
4.300000000000000000e+02 4.971192334347367847e+00 3.869407392637170595e+00 4.982353019072184018e-06 6.299608463650264945e+00
4.325000000000000000e+02 4.975809897093066425e+00 3.868155986033594562e+00 -5.725622194793843207e-06 6.302484816667917045e+00
4.350000000000000000e+02 4.980386450489855399e+00 3.866866391711613726e+00 6.473173279651552431e-06 6.305307675888119689e+00
4.375000000000000000e+02 4.984902725793102007e+00 3.865510160467976686e+00 -7.419095505028473795e-06 6.308044386840957252e+00
4.400000000000000000e+02 4.989398787559384374e+00 3.864144900774559410e+00 8.409305169257473992e-06 6.310761925120594640e+00
4.425000000000000000e+02 4.993906214567455315e+00 3.862804274048308617e+00 -9.562477317547145289e-06 6.313505851711295414e+00
4.450000000000000000e+02 4.998403842824148846e+00 3.861455598199427186e+00 1.083852985793998281e-05 6.316239412256503982e+00
4.475000000000000000e+02 5.002860118738552409e+00 3.860113530665047588e+00 -1.239448227310321948e-05 6.318946576561771167e+00
4.500000000000000000e+02 5.007291183895187459e+00 3.858809561361486118e+00 1.398901876328650869e-05 6.321659294154104991e+00
4.525000000000000000e+02 5.011672185305299898e+00 3.857527800055954081e+00 -1.585675776709222681e-05 6.324348094580086510e+00
4.550000000000000000e+02 5.015981393772253050e+00 3.856271883763734643e+00 1.817785929466851058e-05 6.326997880867874180e+00
4.575000000000000000e+02 5.020253126209837546e+00 3.855072588645943377e+00 -2.041009322601991738e-05 6.329654502053453591e+00
4.600000000000000000e+02 5.024525124022908962e+00 3.853911901044784649e+00 2.325004565963039653e-05 6.332336824861152458e+00
4.625000000000000000e+02 5.028824229059547513e+00 3.852765493800979435e+00 -2.621826659436452648e-05 6.335051308212684695e+00
4.650000000000000000e+02 5.033154389417322072e+00 3.851645281172413338e+00 2.955549862022132193e-05 6.337808334161116441e+00
4.675000000000000000e+02 5.037434078923523018e+00 3.850579016849605463e+00 -3.346710419720398249e-05 6.340559980445150678e+00
4.700000000000000000e+02 5.041574497943815736e+00 3.849510663622445428e+00 3.760605231006178495e-05 6.343201539370681097e+00
4.725000000000000000e+02 5.045511432149962339e+00 3.848398691064391475e+00 -4.245133758798590369e-05 6.345656632622363347e+00
4.750000000000000000e+02 5.049307995815532024e+00 3.847253810882212743e+00 4.772992396009277877e-05 6.347981815052127885e+00
4.775000000000000000e+02 5.053056030345885574e+00 3.846154998493648058e+00 -5.363089455927054440e-05 6.350297908061389940e+00
4.800000000000000000e+02 5.056819375775953418e+00 3.845099643416101109e+00 6.022862248280701284e-05 6.352654049344196530e+00
4.825000000000000000e+02 5.060571473238186790e+00 3.844034960360937170e+00 -6.747091151025659951e-05 6.354997121697345541e+00
4.850000000000000000e+02 5.064340441796761461e+00 3.842904110505686699e+00 7.557176233184482496e-05 6.357315165906973320e+00
4.875000000000000000e+02 5.068097720240061221e+00 3.841784100494177956e+00 -8.446255082580482769e-05 6.359632032110527966e+00
4.900000000000000000e+02 5.071834261510194786e+00 3.840671762907010844e+00 9.428410611715468939e-05 6.361938570554529271e+00
4.925000000000000000e+02 5.075480888360837106e+00 3.839578703177074281e+00 -1.050792026551452570e-04 6.364186584085094189e+00
4.950000000000000000e+02 5.079071079642947240e+00 3.838462377431128836e+00 1.170684455059847892e-04 6.366377028477391953e+00
4.975000000000000000e+02 5.082562812995270463e+00 3.837376994019786824e+00 -1.301928797105249692e-04 6.368509005978158832e+00
5.000000000000000000e+02 5.086088925308019704e+00 3.836286928820288544e+00 1.444817696170312791e-04 6.370666996261323156e+00
5.025000000000000000e+02 5.089643066042095043e+00 3.835293992087335013e+00 -1.602621397146296951e-04 6.372907230702133496e+00
5.050000000000000000e+02 5.093255647096964545e+00 3.834343904796222446e+00 1.774305904395875899e-04 6.375221274466845500e+00
5.075000000000000000e+02 5.096794919938886004e+00 3.833452778269931027e+00 -1.962029547600060845e-04 6.377513519988482926e+00
5.100000000000000000e+02 5.100293880842850847e+00 3.832514436064232921e+00 2.166688998954816926e-04 6.379746438578040468e+00
5.125000000000000000e+02 5.103596510988555046e+00 3.831634495727725298e+00 -2.389522569288442060e-04 6.381858687946905917e+00
5.150000000000000000e+02 5.106832737904460906e+00 3.830659129036148247e+00 2.631921709409793452e-04 6.383861687495341997e+00
5.175000000000000000e+02 5.109933107425654875e+00 3.829750301629249787e+00 -2.894212130008814651e-04 6.385797038659996261e+00
5.200000000000000000e+02 5.113071754356016463e+00 3.828778288445543243e+00 3.180095551475094076e-04 6.387726203305474471e+00
5.225000000000000000e+02 5.116063637252787899e+00 3.827969347677786516e+00 -3.487223251921103134e-04 6.389636655459227654e+00
5.250000000000000000e+02 5.119121514872023937e+00 3.827080409679959772e+00 3.820205013010225621e-04 6.391552995330746612e+00
5.275000000000000000e+02 5.122007682409578599e+00 3.826399189296845194e+00 -4.178330465460669096e-04 6.393457095273163304e+00
5.300000000000000000e+02 5.125021404982192053e+00 3.825556534471407311e+00 4.564003508914286325e-04 6.395367652313962203e+00
5.325000000000000000e+02 5.127732149205776579e+00 3.824948444334994591e+00 -4.978415439684175711e-04 6.397176552485118961e+00
5.350000000000000000e+02 5.130538771445316115e+00 3.824016819610318585e+00 5.421634887162612732e-04 6.398869667051164001e+00
5.375000000000000000e+02 5.132976938144861556e+00 3.823499696811567983e+00 -5.896082281646998447e-04 6.400515801611852851e+00
5.400000000000000000e+02 5.135737008347511789e+00 3.822497187564457999e+00 6.402328697496465632e-04 6.402130877898902561e+00
5.425000000000000000e+02 5.138031528852643248e+00 3.822132101325825371e+00 -6.941466288809561855e-04 6.403753764262703818e+00
5.450000000000000000e+02 5.140799599911433759e+00 3.821041938288160633e+00 7.514395688847062826e-04 6.405324549565613701e+00
5.475000000000000000e+02 5.142882960384834057e+00 3.820956233101611588e+00 -8.122185108538740360e-04 6.406945632607915719e+00
5.500000000000000000e+02 5.145730089054945999e+00 3.819706379767579207e+00 8.766831354023818610e-04 6.408486228869957557e+00
5.525000000000000000e+02 5.147623101044573879e+00 3.819955826725443870e+00 -9.446756983669417134e-04 6.410154990400279473e+00
5.550000000000000000e+02 5.150655427907103068e+00 3.818430546730146258e+00 1.016479376349203791e-03 6.411681855056526658e+00
5.575000000000000000e+02 5.152331489572183010e+00 3.819092154713709331e+00 -1.092067045454472385e-03 6.413422320200295346e+00
5.600000000000000000e+02 5.155582889786863632e+00 3.817065414469219320e+00 1.171422263245738447e-03 6.414828499970226083e+00
5.625000000000000000e+02 5.156866282428848258e+00 3.818171403705338030e+00 -1.254696917509786703e-03 6.416518082043334736e+00
5.650000000000000000e+02 5.160264958534586555e+00 3.815426557242450389e+00 1.341703411756016082e-03 6.417617630878219792e+00
5.675000000000000000e+02 5.161011054602280268e+00 3.817178892014322589e+00 -1.432582683286584384e-03 6.419259447292949616e+00
5.700000000000000000e+02 5.164647660209594093e+00 3.813621310574266676e+00 1.527276522575412568e-03 6.420069726034772550e+00
5.725000000000000000e+02 5.164773486815827042e+00 3.816339440979625852e+00 -1.625778823955596492e-03 6.421785930880067994e+00
5.750000000000000000e+02 5.168714786053493881e+00 3.811843250322533905e+00 1.728074059126307165e-03 6.422286546926836870e+00
5.775000000000000000e+02 5.168152357879157499e+00 3.815650365969394553e+00 -1.834083686128414525e-03 6.424094478869160518e+00
5.800000000000000000e+02 5.172424110021712096e+00 3.810039444616030391e+00 1.943834027736876351e-03 6.424202325733107344e+00
5.825000000000000000e+02 5.171226204388760017e+00 3.815092160232941954e+00 -2.057356516193826167e-03 6.426236292009785522e+00
5.850000000000000000e+02 5.175946841120405040e+00 3.808276806701647921e+00 2.174517700801503577e-03 6.425994294044559574e+00
5.875000000000000000e+02 5.174093745768863606e+00 3.814629942745060731e+00 -2.295365127412842595e-03 6.428269826227950290e+00
5.900000000000000000e+02 5.179243086082794711e+00 3.806514575009755763e+00 2.419790547608089305e-03 6.427605931440136366e+00
5.925000000000000000e+02 5.176684192719487321e+00 3.814291996386013572e+00 -2.547808627618971915e-03 6.430154675913715145e+00
5.950000000000000000e+02 5.182262512764993723e+00 3.804872445296282102e+00 2.679317198960242882e-03 6.429067292766883490e+00
5.975000000000000000e+02 5.179006870588003686e+00 3.814192114143612589e+00 -2.814316198387652960e-03 6.431965606995169615e+00
6.000000000000000000e+02 5.185051135289110213e+00 3.803367885866684617e+00 2.952728563948517175e-03 6.430425434558033615e+00
6.025000000000000000e+02 5.181132819695515757e+00 3.814247924310469440e+00 -3.094482252995727628e-03 6.433710756573778333e+00
6.050000000000000000e+02 5.187735232715216860e+00 3.801857438225427099e+00 3.239570015824786136e-03 6.431697079321964772e+00
6.075000000000000000e+02 5.183237805258862352e+00 3.814334529811678642e+00 -3.387892666523853891e-03 6.435457522895719151e+00
6.100000000000000000e+02 5.190392366811427571e+00 3.800305328110419101e+00 3.539461538592816869e-03 6.432923599430258932e+00
6.125000000000000000e+02 5.185343503504217466e+00 3.814493500271924020e+00 -3.694178250254680912e-03 6.437247980302070793e+00
6.150000000000000000e+02 5.192975921890550239e+00 3.798629863516941985e+00 3.852043711511414330e-03 6.434019164066773655e+00
6.175000000000000000e+02 5.187367191549138390e+00 3.814640883608356070e+00 -4.012977138596880537e-03 6.438965720893554234e+00
6.200000000000000000e+02 5.195527810154797699e+00 3.796764795445945584e+00 4.176939776448036247e-03 6.434978600186289199e+00
6.225000000000000000e+02 5.189405053656932054e+00 3.814904366235291722e+00 -4.343873940011593569e-03 6.440763852500881903e+00
6.250000000000000000e+02 5.198148641495877520e+00 3.794836284463894760e+00 4.513723990874331238e-03 6.435957745252329332e+00
6.275000000000000000e+02 5.191522515857051268e+00 3.815415205159611745e+00 -4.686433948275672660e-03 6.442772786857925205e+00
6.300000000000000000e+02 5.200871557097650921e+00 3.792837142118351768e+00 4.861957439079423078e-03 6.436979274371635640e+00
6.325000000000000000e+02 5.193713690510931791e+00 3.816140979596962968e+00 -5.040230007252290492e-03 6.444968524289197198e+00
6.350000000000000000e+02 5.203606304050331310e+00 3.790691536787219373e+00 5.221125573295930765e-03 6.437925764931967443e+00
6.375000000000000000e+02 5.195888515889278025e+00 3.817130726502263816e+00 -5.404729667205364352e-03 6.447307473966210623e+00
6.400000000000000000e+02 5.206426556692349550e+00 3.788228524866819491e+00 5.590241300665375543e-03 6.438756409248900248e+00
6.425000000000000000e+02 5.197910282649437441e+00 3.818952774157418961e+00 -5.779210325257920326e-03 6.450015891219911701e+00
6.450000000000000000e+02 5.209500362814643459e+00 3.783592658228592143e+00 5.959330412951865073e-03 6.438517138843863563e+00
6.475000000000000000e+02 5.200133987724705698e+00 3.821413408851802362e+00 -6.197796495130480227e-03 6.453265246704447122e+00
6.500000000000000000e+02 5.211197624852539789e+00 3.780293485198476855e+00 6.101453592622328552e-03 6.437952838227284147e+00
6.525000000000000000e+02 5.202722252266179126e+00 3.816136932008625582e+00 -6.756308637593298402e-03 6.452229503495073182e+00
6.550000000000000000e+02 5.208834205615043622e+00 3.782840531527281502e+00 6.658602411943212625e-03 6.437536843043074164e+00
6.575000000000000000e+02 5.204537891109493053e+00 3.812562142241343821e+00 -6.665524777296468438e-03 6.451580362800025448e+00
6.600000000000000000e+02 5.210537975484907491e+00 3.783099338785373522e+00 6.762816789478902878e-03 6.439067660521949676e+00
6.625000000000000000e+02 5.206857015399775079e+00 3.810254086365789217e+00 -6.803154723823859849e-03 6.452088225094201768e+00
6.650000000000000000e+02 5.210362531231110594e+00 3.784709192535163247e+00 6.835943419356754758e-03 6.439871746319151491e+00
6.675000000000000000e+02 5.208478157813039466e+00 3.808045738415661408e+00 -6.865852643400094900e-03 6.452093009730541340e+00
6.700000000000000000e+02 5.209733853312171092e+00 3.786662942183184555e+00 6.889582481185065749e-03 6.440511666505780219e+00
6.725000000000000000e+02 5.209914145363084614e+00 3.805838720625451366e+00 -6.908151795109937487e-03 6.451950208427492228e+00
6.750000000000000000e+02 5.208882753853482761e+00 3.788671903649742934e+00 6.923460830150636805e-03 6.441004756340976023e+00
6.775000000000000000e+02 5.211218675490554730e+00 3.803573403141230713e+00 -6.936462662997838931e-03 6.451667910810287232e+00
6.800000000000000000e+02 5.207871355851639628e+00 3.790695632109439828e+00 6.948019944667154987e-03 6.441377625118304806e+00
6.825000000000000000e+02 5.212444685445016823e+00 3.801284130673635797e+00 -6.959016957922032655e-03 6.451309097295853334e+00
6.850000000000000000e+02 5.206729337407432823e+00 3.792743569186086017e+00 6.970442700327547994e-03 6.441659938377148897e+00
6.875000000000000000e+02 5.213579556007108096e+00 3.799003028651827485e+00 -6.982232825472692479e-03 6.450882462895775049e+00
6.900000000000000000e+02 5.205569616250490306e+00 3.794823754673344762e+00 6.996172911628084808e-03 6.441947788138210562e+00
6.925000000000000000e+02 5.214745484741028392e+00 3.796769208014979746e+00 -7.011745242649904293e-03 6.450509751494760025e+00
6.950000000000000000e+02 5.204544700823793058e+00 3.796941274624318741e+00 7.029537564532022456e-03 6.442367422013210998e+00
6.975000000000000000e+02 5.216070039373912337e+00 3.794575156573854358e+00 -7.050347103249721484e-03 6.450289682017074533e+00
7.000000000000000000e+02 5.203616219845569546e+00 3.799088428586639310e+00 7.072944353600837258e-03 6.442883258154117776e+00
7.025000000000000000e+02 5.217444066676232950e+00 3.792370107795315359e+00 -7.098846827639449832e-03 6.450104186524490579e+00
7.050000000000000000e+02 5.202591304475316925e+00 3.801248463949726375e+00 7.126806384154017043e-03 6.443329648361285855e+00
7.075000000000000000e+02 5.218661759258986343e+00 3.790140322510649362e+00 -7.157376707744540940e-03 6.449778713251684614e+00
7.100000000000000000e+02 5.201372132000453341e+00 3.803396960353351286e+00 7.191129724624609545e-03 6.443613288049086840e+00
7.125000000000000000e+02 5.219709448149703945e+00 3.787897053742606879e+00 -7.226991459044074771e-03 6.449308725922550778e+00
7.150000000000000000e+02 5.200077452948276502e+00 3.805534732714405344e+00 7.266592964300898350e-03 6.443830609344882276e+00
7.175000000000000000e+02 5.220776218786022937e+00 3.785660726725788017e+00 -7.308278310073060627e-03 6.448859191783268940e+00
7.200000000000000000e+02 5.198890885072573020e+00 3.807704790052615973e+00 7.352673148485934160e-03 6.444155201799747879e+00
7.225000000000000000e+02 5.222030422435285146e+00 3.783445799680685173e+00 -7.399161602324688843e-03 6.448574927807963597e+00
7.250000000000000000e+02 5.197871134303670537e+00 3.809937094175987138e+00 7.446847011609942536e-03 6.444652081061932769e+00
7.275000000000000000e+02 5.223455216811029977e+00 3.781239519582797914e+00 -7.496904783036673244e-03 6.448434919425521272e+00
7.300000000000000000e+02 5.196904341383393522e+00 3.812210273565493246e+00 7.547819198088545449e-03 6.445216743674529347e+00
7.325000000000000000e+02 5.224870391310123097e+00 3.779009956965039496e+00 -7.601480677695849827e-03 6.448274547763812592e+00
7.350000000000000000e+02 5.195812113329871806e+00 3.814477985754942235e+00 7.657213100413082750e-03 6.445677966959485694e+00
7.375000000000000000e+02 5.226098522612711683e+00 3.776734554994905846e+00 -7.714209122171544232e-03 6.447936815444899494e+00
7.400000000000000000e+02 5.194493804491810529e+00 3.816712374404075625e+00 7.776368481358669586e-03 6.445938233162007869e+00
7.425000000000000000e+02 5.227096232444365498e+00 3.774423981094587432e+00 -7.867153608525998681e-03 6.447392752454429221e+00
7.450000000000000000e+02 5.193032873356237644e+00 3.818894385688901938e+00 7.888714113909053860e-03 6.446053597715049044e+00
7.475000000000000000e+02 5.228107802857188346e+00 3.772101380981082386e+00 -7.857208713328601990e-03 6.446853632775011889e+00
7.500000000000000000e+02 5.191607159071096156e+00 3.821470982047175280e+00 8.429816572988258969e-03 6.446432844802954421e+00
7.525000000000000000e+02 5.229303584860175214e+00 3.771148216569376377e+00 -8.138521747376194909e-03 6.447266171758545994e+00
7.550000000000000000e+02 5.192231649243829850e+00 3.820721707779752396e+00 8.183583964402003919e-03 6.446491358774571800e+00
7.575000000000000000e+02 5.229183438702817099e+00 3.771703332317252411e+00 -8.182577534854060253e-03 6.447493498809595103e+00
7.600000000000000000e+02 5.192423307703412760e+00 3.820150443830589104e+00 8.179648941739085452e-03 6.446307169731947617e+00
7.625000000000000000e+02 5.228992424924821414e+00 3.772267807434984022e+00 -8.180829753510128130e-03 6.447668812594747223e+00
7.650000000000000000e+02 5.192607621745511715e+00 3.819595071840770295e+00 8.181417957413167699e-03 6.446126539390898635e+00
7.675000000000000000e+02 5.228811360788764517e+00 3.772814383580321618e+00 -8.182070537013296299e-03 6.447841775814795007e+00
7.700000000000000000e+02 5.192787820520035957e+00 3.819057393220062657e+00 8.183035635231136751e-03 6.445953124536529799e+00
7.725000000000000000e+02 5.228635304186544097e+00 3.773343077451265515e+00 -8.184238241401320738e-03 6.448008382911028846e+00
7.750000000000000000e+02 5.192962491704015804e+00 3.818537632515798030e+00 8.185691561290914936e-03 6.445785917693084066e+00
7.775000000000000000e+02 5.228464664720193333e+00 3.773853711806612221e+00 -8.187410407789877387e-03 6.448168858058338060e+00
7.800000000000000000e+02 5.193131664261472658e+00 3.818035742679343869e+00 8.189401681311971049e-03 6.445624910048058709e+00
7.825000000000000000e+02 5.228299529085926878e+00 3.774346431756387954e+00 -8.191671845170171024e-03 6.448323352332753444e+00
7.850000000000000000e+02 5.193295228444888778e+00 3.817551538920949561e+00 8.194226440662593855e-03 6.445469899662329638e+00
7.875000000000000000e+02 5.228139897253399226e+00 3.774821491111802096e+00 -8.197070495890197706e-03 6.448472010249949982e+00
7.900000000000000000e+02 5.193453124066558679e+00 3.817084792419942030e+00 8.200208140442246871e-03 6.445320698600950138e+00
7.925000000000000000e+02 5.227985748569976998e+00 3.775279182519709842e+00 -8.203643459630824766e-03 6.448614982535667117e+00
7.950000000000000000e+02 5.193605331730750230e+00 3.816635248959439064e+00 8.207379923180354100e-03 6.445177136934791662e+00
7.975000000000000000e+02 5.227837062338529961e+00 3.775719804956624071e+00 -8.211421162805159976e-03 6.448752423790167221e+00
8.000000000000000000e+02 5.193751846240076020e+00 3.816202640903253673e+00 8.215770323729606334e-03 6.445039048418649941e+00
8.025000000000000000e+02 5.227693827977178742e+00 3.776143646410207388e+00 -8.220430667638617059e-03 6.448884490582477369e+00
8.050000000000000000e+02 5.193892663545060628e+00 3.815786697425624041e+00 8.225405112195128057e-03 6.444906266034193365e+00
8.075000000000000000e+02 5.227556046400976264e+00 3.776550977592814995e+00 -8.230696687273312065e-03 6.449011338878899657e+00
8.100000000000000000e+02 5.194027771749428979e+00 3.815387158213021213e+00 8.236308108942724110e-03 6.444778622849076655e+00
8.125000000000000000e+02 5.227423729535039421e+00 3.776942052461698118e+00 -8.242242161803624637e-03 6.449133123941190426e+00
8.150000000000000000e+02 5.194157151267484451e+00 3.815003776608224761e+00 8.248501348227686367e-03 6.444655953995733988e+00
8.175000000000000000e+02 5.227296897245685692e+00 3.777317111355754431e+00 -8.255088161665874100e-03 6.449249999664759869e+00
8.200000000000000000e+02 5.194280780385382990e+00 3.814636317051308900e+00 8.262004829599527839e-03 6.444538099629140149e+00
8.225000000000000000e+02 5.227175574245872092e+00 3.777676385759769051e+00 -8.269253533062015382e-03 6.449362118851261982e+00
8.250000000000000000e+02 5.194398639538630569e+00 3.814284551739755891e+00 8.276836277823095347e-03 6.444424906390025853e+00
8.275000000000000000e+02 5.227059788542708141e+00 3.778020100288544736e+00 -8.284754954584255468e-03 6.449469633105428201e+00
8.300000000000000000e+02 5.194510712086594317e+00 3.813948257449358614e+00 8.293011372437117043e-03 6.444316226142304593e+00
8.325000000000000000e+02 5.226949568210337738e+00 3.778348473076099001e+00 -8.301607223775285538e-03 6.449572690441842227e+00
8.350000000000000000e+02 5.194616985391407482e+00 3.813627216253839158e+00 8.310544226381744518e-03 6.444211917264535572e+00
8.375000000000000000e+02 5.226844942240033376e+00 3.778661713907782715e+00 -8.319823906508322028e-03 6.449671434875001275e+00
8.400000000000000000e+02 5.194717450505864420e+00 3.813321216550634052e+00 8.329447880096756129e-03 6.444111845001399885e+00
8.425000000000000000e+02 5.226745939791497264e+00 3.778960024299089060e+00 -8.339417557011374535e-03 6.449766005853442508e+00
8.450000000000000000e+02 5.194812099142274597e+00 3.813030056255992672e+00 8.349734487207587791e-03 6.444015880906296623e+00
8.475000000000000000e+02 5.226652593465207275e+00 3.779243596157658480e+00 -8.360399943673164913e-03 6.449856540122614668e+00
8.500000000000000000e+02 5.194900925471976905e+00 3.812753541303446347e+00 8.371415343265541098e-03 6.443923903398179220e+00
8.525000000000000000e+02 5.226564936134427519e+00 3.779512613188262371e+00 -8.382781866636830614e-03 6.449943169975287383e+00
8.550000000000000000e+02 5.194983923623844646e+00 3.812491488221721347e+00 8.394500965797767333e-03 6.443835797265455412e+00
8.575000000000000000e+02 5.226483007273809100e+00 3.779767246589242013e+00 -8.406573722288795264e-03 6.450026025853883738e+00
8.600000000000000000e+02 5.195061087167527347e+00 3.812243725883363243e+00 8.419001535086652679e-03 6.443751454279266433e+00
8.625000000000000000e+02 5.226406849881635175e+00 3.780007656990426845e+00 -8.431785544161313900e-03 6.450105234986743596e+00
8.650000000000000000e+02 5.195132409579264809e+00 3.812010095846986246e+00 8.444927383101730536e-03 6.443670773766977611e+00
8.675000000000000000e+02 5.226336513335342993e+00 3.780233994079048809e+00 -8.458428302697329482e-03 6.450180923479776673e+00
8.700000000000000000e+02 5.195197886684294275e+00 3.811790450193976110e+00 8.472290070168198017e-03 6.443593663298297969e+00
8.725000000000000000e+02 5.226272048599049924e+00 3.780446401278952706e+00 -8.486514224830325054e-03 6.450253215171819043e+00
8.750000000000000000e+02 5.195257516177293589e+00 3.811584649868845709e+00 8.501102961952384032e-03 6.443520037313769322e+00
8.775000000000000000e+02 5.226213516581371010e+00 3.780645010524700034e+00 -8.516058182073146451e-03 6.450322235342207833e+00
8.800000000000000000e+02 5.195311290732615994e+00 3.811392572980935256e+00 8.531382424337881354e-03 6.443449816478289627e+00
8.825000000000000000e+02 5.226160981880163980e+00 3.780829944300935885e+00 -8.547078073212283078e-03 6.450388106834568092e+00
8.850000000000000000e+02 5.195359206077180048e+00 3.811214107558407616e+00 8.563148241754726941e-03 6.443382929900328904e+00
8.875000000000000000e+02 5.226114511840951771e+00 3.781001320664797660e+00 -8.579595797448030109e-03 6.450450952236407964e+00
8.900000000000000000e+02 5.195401259436824404e+00 3.811049148924918750e+00 8.596424297576458345e-03 6.443319312325735737e+00
8.925000000000000000e+02 5.226074176814779371e+00 3.781159249043096526e+00 -8.613637196532551027e-03 6.450510891622475818e+00
8.950000000000000000e+02 5.195437445616721384e+00 3.810897605759071105e+00 8.631238661621876487e-03 6.443258904558891942e+00
8.975000000000000000e+02 5.226040050575907259e+00 3.781303830025010360e+00 -8.649232689297892823e-03 6.450568042770447263e+00
9.000000000000000000e+02 5.195467756510089963e+00 3.810759399557619442e+00 8.667624020679366714e-03 6.443201652746783914e+00
9.025000000000000000e+02 5.226012205601990424e+00 3.781435157397321944e+00 -8.686417346421268504e-03 6.450622518528565053e+00
9.050000000000000000e+02 5.195492182842056827e+00 3.810634458701316341e+00 8.705617975988452079e-03 6.443147506273555258e+00
9.075000000000000000e+02 5.225990714070401388e+00 3.781553314847774239e+00 -8.725231167995726664e-03 6.450674425689548741e+00
9.100000000000000000e+02 5.195510712068010406e+00 3.810522722307048582e+00 8.745262748261747876e-03 6.443096418342061149e+00
9.125000000000000000e+02 5.225975643854895658e+00 3.781658377089264000e+00 -8.765718579534283877e-03 6.450723862404606379e+00
9.150000000000000000e+02 5.195523324053914038e+00 3.810424140665580328e+00 8.786604816994397424e-03 6.443048342747356827e+00
9.175000000000000000e+02 5.225967055695216246e+00 3.781750411312180926e+00 -8.807927704610661601e-03 6.450770916740264482e+00
9.200000000000000000e+02 5.195529996245372928e+00 3.810338668215195401e+00 8.829693666759695636e-03 6.443003233886479997e+00
9.225000000000000000e+02 5.225965003522065722e+00 3.781829471782719221e+00 -8.851909336734992140e-03 6.450815663773121322e+00
9.250000000000000000e+02 5.195530696674879323e+00 3.810266267528505058e+00 8.874581339768160965e-03 6.442961043476091554e+00
9.275000000000000000e+02 5.225969531102490961e+00 3.781895603758801627e+00 -8.897716555188601648e-03 6.450858165166991398e+00
9.300000000000000000e+02 5.195525384233027566e+00 3.810206909241697470e+00 8.921321741934783861e-03 6.442921720727681212e+00
9.325000000000000000e+02 5.225980667129835666e+00 3.781948843407950900e+00 -8.945404087548904440e-03 6.450898465146062577e+00
9.350000000000000000e+02 5.195514010184310472e+00 3.810160567031010359e+00 8.969970489219422638e-03 6.442885210598594981e+00
9.375000000000000000e+02 5.225998431958436719e+00 3.781989210803117896e+00 -8.995028377583161316e-03 6.450936591844532053e+00
9.400000000000000000e+02 5.195496515247191915e+00 3.810127219585628389e+00 9.020584719273631868e-03 6.442851452604018370e+00
9.425000000000000000e+02 5.226022828902855188e+00 3.782016717464476763e+00 -9.046647181536223228e-03 6.450972554678853221e+00
9.450000000000000000e+02 5.195472828705644197e+00 3.810106853026633988e+00 9.073222835558092045e-03 6.442820381531039864e+00
9.475000000000000000e+02 5.226053846605315023e+00 3.782031364711198496e+00 -9.100319587988927456e-03 6.451006345299473033e+00
9.500000000000000000e+02 5.195442869864433710e+00 3.810099457330538897e+00 9.127944609810943744e-03 6.442791926498049548e+00
9.525000000000000000e+02 5.226091465822138460e+00 3.782033136862878120e+00 -9.156106038095674846e-03 6.451037939102949537e+00
9.550000000000000000e+02 5.195406551939593776e+00 3.810105024239832883e+00 9.184811196872299036e-03 6.442766012857458868e+00
9.575000000000000000e+02 5.226135653918139390e+00 3.782022009302941079e+00 -9.214068478003710136e-03 6.451067295499570697e+00
9.600000000000000000e+02 5.195363776255177868e+00 3.810123555602750400e+00 9.243885386344040389e-03 6.442742562449661925e+00
9.625000000000000000e+02 5.226186369075199067e+00 3.781997949154309868e+00 -9.274270557294969977e-03 6.451094361719505343e+00
9.650000000000000000e+02 5.195314438329631912e+00 3.810155059355276208e+00 9.305231725761267669e-03 6.442721496136893933e+00
9.675000000000000000e+02 5.226243567943782864e+00 3.781960908241903230e+00 -9.336777803216855104e-03 6.451119074886420890e+00
9.700000000000000000e+02 5.195258433257408548e+00 3.810199545942583921e+00 9.368916791208230579e-03 6.442702736028966370e+00
9.725000000000000000e+02 5.226307207606284422e+00 3.781910828532667690e+00 -9.401657783912468688e-03 6.451141366798524679e+00
9.750000000000000000e+02 5.195195650892307171e+00 3.810257038652097972e+00 9.435008982130720437e-03 6.442686207712020163e+00
9.775000000000000000e+02 5.226377244072636152e+00 3.781847647549740010e+00 -9.468979709823074215e-03 6.451161165884365722e+00
9.800000000000000000e+02 5.195125980738353633e+00 3.810327572467385515e+00 9.503578491908519499e-03 6.442671843517407737e+00
9.825000000000000000e+02 5.226453645290164651e+00 3.781771291707153981e+00 -9.538814652974902941e-03 6.451178403836948405e+00
9.850000000000000000e+02 5.195049320275246352e+00 3.810411187072062056e+00 9.574696744746655566e-03 6.442659585099462127e+00
9.875000000000000000e+02 5.226536391297791795e+00 3.781681677482677362e+00 -9.611233646213178730e-03 6.451193016425763815e+00
9.900000000000000000e+02 5.194965571759491141e+00 3.810507935925872225e+00 9.648435075101885125e-03 6.442649386224573504e+00
9.925000000000000000e+02 5.226625480728686490e+00 3.781578715385223166e+00 -9.686332199108724922e-03 6.451204951130323551e+00
9.950000000000000000e+02 5.194874656655001921e+00 3.810617889381131107e+00 9.724793429434991712e-03 6.442641226145933153e+00
9.975000000000000000e+02 5.226720255689975225e+00 3.781462710366465085e+00 -9.762865239453471719e-03 6.451213852808606042e+00
1.000000000000000000e+03 5.194764167100804464e+00 3.810752261257967621e+00 9.816721990473413831e-03 6.442631753911430614e+00
