# z, uu, uv, uw, vv, vw, ww, tke
0.000000000000000000e+00 8.827791236002782704e-02 6.190188600307770794e-02 8.791925390410609001e-06 8.022876073651016848e-02 1.780218443586725752e-05 1.081650561510804948e-05 8.425874480107654885e-02
2.500000000000000000e+00 1.337090422129069700e-01 1.009781519742083966e-01 -4.371544806900897438e-03 1.215753318022220614e-01 -4.068440995762086926e-03 6.631919376299830280e-04 1.279737829763795132e-01
5.000000000000000000e+00 1.534444960213847131e-01 1.156746535260995690e-01 -9.686771264996518055e-03 1.386268091553143622e-01 -8.939332387751438083e-03 2.884576937921700182e-03 1.474779410573104077e-01
7.500000000000000000e+00 1.561741339714339261e-01 1.133826508796430266e-01 -1.298567031963135908e-02 1.398668280674608411e-01 -1.181648572447428248e-02 5.596379795338456836e-03 1.508186709171165929e-01
1.000000000000000000e+01 1.492088725752768186e-01 1.030236689472970313e-01 -1.521271842355706623e-02 1.335515112269775595e-01 -1.362766388400937431e-02 8.800569686305603767e-03 1.457804767442799909e-01
1.250000000000000000e+01 1.379490569297467106e-01 9.052618285317269586e-02 -1.633893882881103099e-02 1.241897852852112683e-01 -1.439414548701632018e-02 1.202874833078528514e-02 1.370837952728716225e-01
1.500000000000000000e+01 1.262597301477315914e-01 7.899503360405413233e-02 -1.706915334182813535e-02 1.144487489371004973e-01 -1.478511790346060187e-02 1.534218612542533229e-02 1.280253326051287166e-01
1.750000000000000000e+01 1.158971342570707941e-01 6.927502054601135384e-02 -1.744509576649505567e-02 1.054184938333923849e-01 -1.485795668625929621e-02 1.838146356506892981e-02 1.198485458277660509e-01
2.000000000000000000e+01 1.073066509287968484e-01 6.138034010125936746e-02 -1.769928376512974744e-02 9.759837597000020626e-02 -1.482559461850650566e-02 2.111788030572921485e-02 1.130114536022631400e-01
2.250000000000000000e+01 1.004495695494863755e-01 5.505700123970419524e-02 -1.783584550613653494e-02 9.111620114341177634e-02 -1.468594079906738667e-02 2.343162986607960283e-02 1.074987002794888791e-01
2.500000000000000000e+01 9.494364164840005116e-02 4.995058679402265833e-02 -1.793563029958760921e-02 8.578355283540198273e-02 -1.452086314019113665e-02 2.536464645962437786e-02 1.030459204717132093e-01
2.750000000000000000e+01 9.037124420022971116e-02 4.563886008137047617e-02 -1.799196925396092175e-02 8.124955348726763116e-02 -1.431935319455383826e-02 2.691141339401329977e-02 9.926610554075530890e-02
3.000000000000000000e+01 8.648740542541095977e-02 4.191682199861471170e-02 -1.803361560196905036e-02 7.735030497729791787e-02 -1.411114716079055718e-02 2.813470273456783813e-02 9.598620656863836309e-02
3.250000000000000000e+01 8.316938222565260774e-02 3.873199709483296505e-02 -1.805667173264558292e-02 7.402381527982480891e-02 -1.389200235126460473e-02 2.907176143500619231e-02 9.313247947024180795e-02
3.500000000000000000e+01 8.033540782552993365e-02 3.603496622300728786e-02 -1.807151537846620609e-02 7.115181008795412598e-02 -1.367182590207142480e-02 2.978762014197827712e-02 9.063741902773117531e-02
3.750000000000000000e+01 7.792261405278022579e-02 3.371712488040846251e-02 -1.807348723260714107e-02 6.862983588201441998e-02 -1.344226816281959315e-02 3.032329015356216226e-02 8.843787004417841269e-02
4.000000000000000000e+01 7.589715893334109120e-02 3.170786478880872894e-02 -1.806946824435819166e-02 6.640813928741524930e-02 -1.321363742898971037e-02 3.072288841982383570e-02 8.651409332029008636e-02
4.250000000000000000e+01 7.419542615440624655e-02 2.995615560655779872e-02 -1.805874847386060300e-02 6.444435132242795627e-02 -1.298556528785575759e-02 3.100805655568954211e-02 8.482391701626187941e-02
4.500000000000000000e+01 7.274486896871977526e-02 2.843402636798285713e-02 -1.804539630147497520e-02 6.269777178254512529e-02 -1.276126578077974028e-02 3.121164654883099368e-02 8.332714365004793844e-02
4.750000000000000000e+01 7.152385128073666942e-02 2.714988005875333676e-02 -1.802560424939791961e-02 6.117629665406353751e-02 -1.253859675357474161e-02 3.135648217880580846e-02 8.202831505680299728e-02
5.000000000000000000e+01 7.044962833112096423e-02 2.603733290201744668e-02 -1.800052009075903819e-02 5.983192867806114840e-02 -1.232021238805058871e-02 3.145365640717198014e-02 8.086760670817705332e-02
5.250000000000000000e+01 6.940913990172190018e-02 2.497817077318646717e-02 -1.797069553675539888e-02 5.854265195347788109e-02 -1.210306572753129355e-02 3.150835651397435738e-02 7.973007418458706586e-02
5.500000000000000000e+01 6.839296125165940377e-02 2.399626217877343787e-02 -1.793930680151122059e-02 5.731886252259078829e-02 -1.188947747566827286e-02 3.153150932541900348e-02 7.862166654983460123e-02
5.750000000000000000e+01 6.742185879385470537e-02 2.314158509399032518e-02 -1.790645269527463973e-02 5.620580393908172767e-02 -1.167914595357943432e-02 3.152167836303428755e-02 7.757467054798536377e-02
6.000000000000000000e+01 6.652539979359174682e-02 2.240898677322399404e-02 -1.786912133177565726e-02 5.515385346023017610e-02 -1.147066979388523984e-02 3.148058123977158507e-02 7.657991724679674705e-02
6.250000000000000000e+01 6.572701667709003603e-02 2.175555749156221283e-02 -1.782719950274323090e-02 5.416481875567188964e-02 -1.126387432722886391e-02 3.141468501174327077e-02 7.565326022225260516e-02
6.500000000000000000e+01 6.500236740960649295e-02 2.112448966843740242e-02 -1.778283753485880581e-02 5.325635449931939713e-02 -1.106179431051258766e-02 3.133800230064908571e-02 7.479836210478749137e-02
6.750000000000000000e+01 6.434464132739325937e-02 2.048480563233399596e-02 -1.773742268723723162e-02 5.239821422189573641e-02 -1.086328332417090849e-02 3.126163093007440497e-02 7.400224323968170037e-02
7.000000000000000000e+01 6.374606485976910819e-02 1.983525922069650366e-02 -1.769004832009450287e-02 5.158537748762939690e-02 -1.066817578745514992e-02 3.118743188824256440e-02 7.325943711782054169e-02
7.250000000000000000e+01 6.318042466169349058e-02 1.919300328812936079e-02 -1.764022795858072312e-02 5.081643342452262652e-02 -1.047530372175906228e-02 3.111254238315902532e-02 7.255470023468757468e-02
7.500000000000000000e+01 6.262458888654881539e-02 1.859951492363140502e-02 -1.758680599372002343e-02 5.008718847713759803e-02 -1.028329814132935595e-02 3.103689714088270213e-02 7.187433725228456471e-02
7.750000000000000000e+01 6.207862409281274252e-02 1.809179064340293158e-02 -1.753110714855937377e-02 4.943794856734972515e-02 -1.009422316425197252e-02 3.095599949993102853e-02 7.123628608004674290e-02
8.000000000000000000e+01 6.155506889255966257e-02 1.770612334384507117e-02 -1.747453058118880048e-02 4.894155914385572848e-02 -9.909999601776077818e-03 3.086315106656063734e-02 7.067988955148801766e-02
8.250000000000000000e+01 6.105086364797157605e-02 1.741505333277034925e-02 -1.741522737700170256e-02 4.854377782936846603e-02 -9.730083065018706179e-03 3.075658895140014060e-02 7.017561521437010175e-02
8.500000000000000000e+01 6.056477087021319011e-02 1.711485565762981345e-02 -1.735101874086273505e-02 4.811695637362266992e-02 -9.551782014410701779e-03 3.063464518111808782e-02 6.965818621247697739e-02
8.750000000000000000e+01 6.009806781646618440e-02 1.676490316980117426e-02 -1.728358063463655836e-02 4.765577715012912080e-02 -9.375469535202912361e-03 3.050160730278913060e-02 6.912772613469221616e-02
9.000000000000000000e+01 5.966713145459313222e-02 1.640645963570149315e-02 -1.721605982370112350e-02 4.720868901158621622e-02 -9.200837697947213817e-03 3.036518590386209568e-02 6.862050318502072033e-02
9.250000000000000000e+01 5.923102196306546247e-02 1.603974318375572805e-02 -1.714690567972263283e-02 4.675349887913662905e-02 -9.026389629459887973e-03 3.023116245623281781e-02 6.810784164921744599e-02
9.500000000000000000e+01 5.878164859964203626e-02 1.565415411706629067e-02 -1.707278524752444543e-02 4.628000966650227394e-02 -8.852682551290434049e-03 3.010255964223786801e-02 6.758210895419108910e-02
9.750000000000000000e+01 5.836138336032071355e-02 1.527900564368139813e-02 -1.699689261603966675e-02 4.580616489018517201e-02 -8.681273583633819860e-03 2.997977702750189224e-02 6.707366263900389758e-02
1.000000000000000000e+02 5.794345602200971779e-02 1.493130217897763352e-02 -1.691881727530333487e-02 4.535139508359888744e-02 -8.510654962210885063e-03 2.986599665621794686e-02 6.658042388091327257e-02
1.025000000000000000e+02 5.747343959825595983e-02 1.459878328104301758e-02 -1.683812728804449585e-02 4.493727147075825962e-02 -8.341098693225678165e-03 2.976273933248813758e-02 6.608672520075117851e-02
1.050000000000000000e+02 5.696407304918941344e-02 1.426407573284688493e-02 -1.675701742579052342e-02 4.454226492457043218e-02 -8.174510385722472475e-03 2.966236038095284439e-02 6.558434917735635195e-02
1.075000000000000000e+02 5.644752527664664149e-02 1.393362767786738080e-02 -1.667479337318041044e-02 4.414660044343457490e-02 -8.009348260366342537e-03 2.955357733433532433e-02 6.507385152720827903e-02
1.100000000000000000e+02 5.592649449918198068e-02 1.362710962933088611e-02 -1.659248275131242414e-02 4.376489725024355903e-02 -7.844430955032724237e-03 2.943203789018756372e-02 6.456171481980654825e-02
1.125000000000000000e+02 5.539712587694301665e-02 1.334930909391239366e-02 -1.651203206708488913e-02 4.342408981577265681e-02 -7.681073394833589502e-03 2.930168726693193129e-02 6.406145147982381105e-02
1.150000000000000000e+02 5.488666842896152559e-02 1.307889010728381131e-02 -1.643012696290859637e-02 4.308976447188272996e-02 -7.520067079777899635e-03 2.916729962272204824e-02 6.357186626178315536e-02
1.175000000000000000e+02 5.443143112099752684e-02 1.280664256640044046e-02 -1.634582150520480504e-02 4.275975536855264325e-02 -7.362162561641114045e-03 2.902898490060242670e-02 6.311008569507629840e-02
1.200000000000000000e+02 5.399759898928690321e-02 1.253829641577356574e-02 -1.625910421409363163e-02 4.244867223412519125e-02 -7.207546041511480456e-03 2.888697912902926657e-02 6.266662517622068052e-02
1.225000000000000000e+02 5.354092328958913460e-02 1.227701972403701970e-02 -1.617172692545981727e-02 4.211732147056237302e-02 -7.054998314500984975e-03 2.873964490139548078e-02 6.219894483077349073e-02
1.250000000000000000e+02 5.308789007976377067e-02 1.205749463851177143e-02 -1.608236856995698058e-02 4.175199764931811913e-02 -6.905270944940583924e-03 2.859031309450936476e-02 6.171510041179562728e-02
1.275000000000000000e+02 5.265505403763336145e-02 1.186507851491313756e-02 -1.598915295804845260e-02 4.135444155363081353e-02 -6.757509884016965618e-03 2.844567010802569532e-02 6.122758284964493342e-02
1.300000000000000000e+02 5.223164732986521064e-02 1.165758750227366587e-02 -1.589415525523862546e-02 4.094302263801339464e-02 -6.609696426870145976e-03 2.830728433660547813e-02 6.074097715224203997e-02
1.325000000000000000e+02 5.184251623290885014e-02 1.144596110398035486e-02 -1.579901691011729656e-02 4.052474119382162843e-02 -6.462301665791780371e-03 2.817439910106244241e-02 6.027082826389645875e-02
1.350000000000000000e+02 5.149528544365702259e-02 1.125116087403015518e-02 -1.570328405377937470e-02 4.006632563063841634e-02 -6.315571143399222910e-03 2.804416623280356347e-02 5.980288865354950467e-02
1.375000000000000000e+02 5.114726608871827951e-02 1.103772903100453881e-02 -1.560699851404548887e-02 3.954461796506566346e-02 -6.169617386944822174e-03 2.791217226789434111e-02 5.930202816083914724e-02
1.400000000000000000e+02 5.073161490968335768e-02 1.075381493400721054e-02 -1.551049631710621143e-02 3.898333254161686495e-02 -6.023701690036480441e-03 2.777286745005042717e-02 5.874390745067532837e-02
1.425000000000000000e+02 5.026177463936399442e-02 1.042217651375459790e-02 -1.541555089555910092e-02 3.844279172376850046e-02 -5.880085813236931962e-03 2.763170924979209062e-02 5.816813780646229448e-02
1.450000000000000000e+02 4.978310633980402578e-02 1.008029236273310335e-02 -1.532071697410750978e-02 3.795386577690242069e-02 -5.738539783478073183e-03 2.749103390346266038e-02 5.761400301008455516e-02
1.475000000000000000e+02 4.936046719883815936e-02 9.755845292063391669e-03 -1.522576099100532432e-02 3.753111674926726954e-02 -5.599117347578061628e-03 2.734486007484408093e-02 5.711822201147474798e-02
1.500000000000000000e+02 4.901500246073820649e-02 9.486287328319169959e-03 -1.512983170518582450e-02 3.718774832658237883e-02 -5.461737186128533955e-03 2.718254745051154955e-02 5.669264911891606917e-02
1.525000000000000000e+02 4.868945761139445438e-02 9.260227602680663403e-03 -1.503043430381807537e-02 3.687943235787224244e-02 -5.326377305112562147e-03 2.700072102245683336e-02 5.628480549586176857e-02
1.550000000000000000e+02 4.835482262169329276e-02 9.026675515434137709e-03 -1.492971266387920978e-02 3.656627340569496010e-02 -5.195129301855485639e-03 2.680830944599536456e-02 5.586470273669181391e-02
1.575000000000000000e+02 4.801860226481276944e-02 8.763681483104522260e-03 -1.482978511497005415e-02 3.626764715205012951e-02 -5.067792761540554358e-03 2.661053093230445268e-02 5.544839017458367408e-02
1.600000000000000000e+02 4.765626829574270279e-02 8.502829374222246883e-03 -1.473062885002728722e-02 3.602012850400874294e-02 -4.942053468374213616e-03 2.641315509873741821e-02 5.504477594924443024e-02
1.625000000000000000e+02 4.730818144823340649e-02 8.275667583976454439e-03 -1.463189153224748844e-02 3.578624910016219712e-02 -4.817422490903664097e-03 2.621860998417935296e-02 5.465652026628747828e-02
1.650000000000000000e+02 4.700145020424377484e-02 8.076550494782399128e-03 -1.453276997603340955e-02 3.553695494931224247e-02 -4.694402219270066810e-03 2.602867934272868472e-02 5.428354224814234408e-02
1.675000000000000000e+02 4.671169164470250629e-02 7.895950511984042505e-03 -1.443338208288946593e-02 3.527170039106136690e-02 -4.573250903831765565e-03 2.584603207454538171e-02 5.391471205515463438e-02
1.700000000000000000e+02 4.639803080341342589e-02 7.750162300098841286e-03 -1.433466092341027093e-02 3.499182653228097295e-02 -4.454898046648940457e-03 2.567205706802084403e-02 5.353095720185761797e-02
1.725000000000000000e+02 4.601524152862005584e-02 7.638517081287540117e-03 -1.423698283423178654e-02 3.471930642121088401e-02 -4.338816702293525965e-03 2.550599858594096783e-02 5.312027326788595211e-02
1.750000000000000000e+02 4.559434217172850246e-02 7.537936834056234089e-03 -1.413979817512883361e-02 3.447197117320879162e-02 -4.224836688395708535e-03 2.534332326327722387e-02 5.270481830410726071e-02
1.775000000000000000e+02 4.519970363364253507e-02 7.429826985723819895e-03 -1.404130332738589247e-02 3.423854177168253465e-02 -4.113726821991042781e-03 2.517567228880060459e-02 5.230695884706283716e-02
1.800000000000000000e+02 4.484348317672115503e-02 7.305473807656618496e-03 -1.394175867868295560e-02 3.399126488816835157e-02 -4.005381712686407851e-03 2.499864760274892253e-02 5.191669783381921283e-02
1.825000000000000000e+02 4.453377396006388128e-02 7.196039126539609948e-03 -1.384119077381463364e-02 3.375158878345300983e-02 -3.899718786353088915e-03 2.481284530182037429e-02 5.154910402266862923e-02
1.850000000000000000e+02 4.425856361280697954e-02 7.110030272532280420e-03 -1.374027108256704530e-02 3.352530657099458966e-02 -3.795528197896943026e-03 2.461716548016376974e-02 5.120051783198266426e-02
1.875000000000000000e+02 4.400590310278330169e-02 7.024655815258833841e-03 -1.364029210885082943e-02 3.328037610393422968e-02 -3.692593384644323427e-03 2.441544654790360827e-02 5.085086287731056809e-02
1.900000000000000000e+02 4.374216902406526802e-02 6.923534778070190160e-03 -1.354051945015765507e-02 3.302052872777035825e-02 -3.590184571853178696e-03 2.421670419384094539e-02 5.048970097283828756e-02
1.925000000000000000e+02 4.343307083979872779e-02 6.787934394977363124e-03 -1.343987096724297628e-02 3.276486909506955147e-02 -3.487877053802204783e-03 2.402685064633024864e-02 5.011239529059927089e-02
1.950000000000000000e+02 4.310859514295575790e-02 6.617355095069501862e-03 -1.333788311328237136e-02 3.253653077282876033e-02 -3.385603916003358284e-03 2.384537769478199676e-02 4.974525180528325402e-02
1.975000000000000000e+02 4.280523701798302771e-02 6.440785707021146576e-03 -1.323585829142001798e-02 3.232447958872905480e-02 -3.285944189659615114e-03 2.367175160287442182e-02 4.940073410479325217e-02
2.000000000000000000e+02 4.251983517611692548e-02 6.261073857286443035e-03 -1.313538818444765811e-02 3.208993099992794862e-02 -3.189970049574418660e-03 2.350533326181079505e-02 4.905754971892783284e-02
2.025000000000000000e+02 4.223383366521373666e-02 6.055558547162907812e-03 -1.303442602130938655e-02 3.181601080265846621e-02 -3.096149287523319252e-03 2.334599495901023766e-02 4.869791971344122200e-02
2.050000000000000000e+02 4.195650334236934731e-02 5.842694448467229337e-03 -1.293257447802455967e-02 3.151312006997224885e-02 -3.003706054048285029e-03 2.319331196858443953e-02 4.833146769046301611e-02
2.075000000000000000e+02 4.168632956169938952e-02 5.667707169383534235e-03 -1.283099382531795521e-02 3.119500993073505771e-02 -2.913620022765126601e-03 2.304928792719043371e-02 4.796531370981244047e-02
2.100000000000000000e+02 4.142265403673119767e-02 5.528767209992231473e-03 -1.273003268903411152e-02 3.085516681834769154e-02 -2.827353536748323636e-03 2.291418515051730012e-02 4.759600300279809293e-02
2.125000000000000000e+02 4.115571677656681970e-02 5.407299457304142430e-03 -1.262862661272877787e-02 3.049449859671799629e-02 -2.743125803302766223e-03 2.278593874951456016e-02 4.721807706139968808e-02
2.150000000000000000e+02 4.086800579374102321e-02 5.305882240906777646e-03 -1.252669241790363951e-02 3.012197011468033606e-02 -2.661037768570552031e-03 2.266267333629001096e-02 4.682632462235568338e-02
2.175000000000000000e+02 4.059034118391501716e-02 5.224685411739520696e-03 -1.242503446917502148e-02 2.977632529001279088e-02 -2.580092002056517259e-03 2.253894570144115289e-02 4.645280608768448394e-02
2.200000000000000000e+02 4.034413679232218969e-02 5.133069854225628253e-03 -1.232397898470040734e-02 2.947744289711337271e-02 -2.499875939686925855e-03 2.241074586216931439e-02 4.611616277580243839e-02
2.225000000000000000e+02 4.007942714408033874e-02 5.010497220707152248e-03 -1.222243520271568129e-02 2.920379705107782956e-02 -2.420290990020335532e-03 2.227706022622904028e-02 4.578014221069360429e-02
2.250000000000000000e+02 3.976201333611290023e-02 4.851506513230120950e-03 -1.212062370710051754e-02 2.893447409797672565e-02 -2.342482138217642090e-03 2.213983130058629414e-02 4.541815936733795828e-02
2.275000000000000000e+02 3.939451601592541818e-02 4.641944543281046297e-03 -1.201917908531844464e-02 2.867205315514303327e-02 -2.266840906821388380e-03 2.200105711545929932e-02 4.503381314326387885e-02
2.300000000000000000e+02 3.900788638424061011e-02 4.388351198149212720e-03 -1.191793717596327171e-02 2.842978511789803070e-02 -2.192920342225449914e-03 2.186141818670338591e-02 4.464954484442101162e-02
2.325000000000000000e+02 3.861595408255173029e-02 4.123923065187411717e-03 -1.181670478024805272e-02 2.820543586589080789e-02 -2.119650265709668076e-03 2.172382964711566666e-02 4.427260979777910416e-02
2.350000000000000000e+02 3.822349625957448260e-02 3.888516785077312035e-03 -1.171621560151897036e-02 2.799243498077684175e-02 -2.047725134575548861e-03 2.159161315573745327e-02 4.390377219804439402e-02
2.375000000000000000e+02 3.786512471925618933e-02 3.705312052472766685e-03 -1.161665780417967322e-02 2.778270532938348011e-02 -1.976751052390646624e-03 2.146414030858427233e-02 4.355598517861197089e-02
2.400000000000000000e+02 3.752818630008931261e-02 3.542241844194823647e-03 -1.151818131304784866e-02 2.756754380706913712e-02 -1.906600007314942537e-03 2.133906501786215701e-02 4.321739756251030684e-02
2.425000000000000000e+02 3.715948690769418916e-02 3.370968536459429191e-03 -1.142057105873408619e-02 2.737347928059632660e-02 -1.837661989561746980e-03 2.121383716701503996e-02 4.287340167765277960e-02
2.450000000000000000e+02 3.672002634926763154e-02 3.212984243162699070e-03 -1.132292809244509965e-02 2.721605502438810206e-02 -1.769518952790808362e-03 2.108826632361186434e-02 4.251217384863380244e-02
2.475000000000000000e+02 3.625586981732660530e-02 3.102105121862795863e-03 -1.122530292124849366e-02 2.706209437953643882e-02 -1.702970255127961557e-03 2.096413211572074886e-02 4.214104815629189649e-02
2.500000000000000000e+02 3.581383018724260126e-02 3.048357194657389836e-03 -1.112725062822618460e-02 2.687969548847914808e-02 -1.636723268819233017e-03 2.084144331449712395e-02 4.176748449510944011e-02
2.525000000000000000e+02 3.539432744108512302e-02 3.002036638610827007e-03 -1.103037296760896353e-02 2.665589588167349699e-02 -1.570692149242679464e-03 2.071849670064345242e-02 4.138436001170103795e-02
2.550000000000000000e+02 3.497982848797360350e-02 2.931001421825305941e-03 -1.093503798144188077e-02 2.642343563120514924e-02 -1.505694221467003503e-03 2.059193935910530113e-02 4.099760173914202693e-02
2.575000000000000000e+02 3.458970132511369339e-02 2.859318523138639195e-03 -1.084037193380127037e-02 2.619696715186408884e-02 -1.441621294190755876e-03 2.045973024466234830e-02 4.062319936082006699e-02
2.600000000000000000e+02 3.423851415499822026e-02 2.795229319117990916e-03 -1.074579022452417515e-02 2.595898753455242597e-02 -1.378161349031344117e-03 2.032070146356471096e-02 4.025910157655768207e-02
2.625000000000000000e+02 3.390709142521421832e-02 2.741219604064152465e-03 -1.065174470700451168e-02 2.573398396451789805e-02 -1.315028491364376691e-03 2.017167267649710299e-02 3.990637403311460968e-02
2.650000000000000000e+02 3.356508179394086799e-02 2.692127238397505617e-03 -1.055738814961027817e-02 2.554648636204595244e-02 -1.252005226926835657e-03 2.001102685684199092e-02 3.956129750641440568e-02
2.675000000000000000e+02 3.320570085085452344e-02 2.628679731795797222e-03 -1.046197533676282779e-02 2.536164062583900689e-02 -1.189378391041067849e-03 1.984252786702805221e-02 3.920493467186078607e-02
2.700000000000000000e+02 3.284677828196812255e-02 2.538655120859836800e-03 -1.036709899463672362e-02 2.514171306379499662e-02 -1.128047752895532671e-03 1.966794290515035126e-02 3.882821712545673348e-02
2.725000000000000000e+02 3.253643410406207442e-02 2.439656856169231981e-03 -1.027283172151765081e-02 2.490985046483762053e-02 -1.067561147659201997e-03 1.948917440559939929e-02 3.846772948724954538e-02
2.750000000000000000e+02 3.226430320309992689e-02 2.346664453464143880e-03 -1.017820873564733060e-02 2.470470025416901180e-02 -1.006699210302639891e-03 1.930915590787552621e-02 3.813907968257222725e-02
2.775000000000000000e+02 3.195933246184037152e-02 2.256462131887688148e-03 -1.008408081891082157e-02 2.452552940405895027e-02 -9.451742909472296474e-04 1.912959971684478899e-02 3.780723079137205539e-02
2.800000000000000000e+02 3.163506165456263231e-02 2.179020238810038413e-03 -9.990869608516788486e-03 2.435976943702699085e-02 -8.836690196246250713e-04 1.895166030959759620e-02 3.747324570059360621e-02
2.825000000000000000e+02 3.134494738619988258e-02 2.118831912910481424e-03 -9.899994486168536487e-03 2.419552546703349072e-02 -8.243446276967634568e-04 1.877376794816125460e-02 3.715712040069731048e-02
2.850000000000000000e+02 3.107710376656538237e-02 2.051814600864620541e-03 -9.810220625463019622e-03 2.400480639332263147e-02 -7.670752342147991228e-04 1.859549038940554178e-02 3.683870027464677954e-02
2.875000000000000000e+02 3.080757991173150093e-02 1.954299801509058396e-03 -9.720360769364604081e-03 2.377235752816716716e-02 -7.109565792545165328e-04 1.841820119368912240e-02 3.649906931679389177e-02
2.900000000000000000e+02 3.053132528391420270e-02 1.831632314153890974e-03 -9.629989502610285246e-03 2.351150520270946578e-02 -6.566514108461616282e-04 1.824068038595686586e-02 3.614175543629026544e-02
2.925000000000000000e+02 3.026891943743796262e-02 1.715748820109124721e-03 -9.539554039125918219e-03 2.324368364271427526e-02 -6.043943312740275922e-04 1.806160590087432793e-02 3.578710449051328291e-02
2.950000000000000000e+02 3.002734590715935500e-02 1.627233844100934614e-03 -9.449622407720729977e-03 2.298537906022058569e-02 -5.541232335017172092e-04 1.788297007652365350e-02 3.544784752195179189e-02
2.975000000000000000e+02 2.978584202252383337e-02 1.572638959912579446e-03 -9.360418617055358756e-03 2.276006325484383058e-02 -5.063746790116457116e-04 1.770634877202652974e-02 3.512612702469709858e-02
3.000000000000000000e+02 2.951216538691033009e-02 1.543333351638667868e-03 -9.270467701332109692e-03 2.255878068041735837e-02 -4.595886407023592004e-04 1.753502900721584309e-02 3.480298753727176925e-02
3.025000000000000000e+02 2.919863288561344236e-02 1.519654230020215822e-03 -9.180923212438530864e-03 2.235592530696239519e-02 -4.134192606160258781e-04 1.736951939289190991e-02 3.446203879273387199e-02
3.050000000000000000e+02 2.886692434610127825e-02 1.503135439048048630e-03 -9.092327127511548937e-03 2.214552796696717812e-02 -3.686387522876011539e-04 1.720818134704918748e-02 3.411031683005882192e-02
3.075000000000000000e+02 2.854776082904664919e-02 1.493862607891229205e-03 -9.003887354809185853e-03 2.192037280239900188e-02 -3.246374735878114525e-04 1.705170246638525525e-02 3.375991804891545489e-02
3.100000000000000000e+02 2.824306953429486441e-02 1.467697617107745342e-03 -8.913125158513423782e-03 2.166901755723697406e-02 -2.810635203800678286e-04 1.690162453214107477e-02 3.340685581183645836e-02
3.125000000000000000e+02 2.794388799878446891e-02 1.419419523854814884e-03 -8.820049823259734634e-03 2.139912106916508350e-02 -2.382913163491254564e-04 1.675794306983251214e-02 3.305047606889103401e-02
3.150000000000000000e+02 2.764619601502533303e-02 1.363969486407931109e-03 -8.725523311005485907e-03 2.112884127680540736e-02 -1.968253812846023883e-04 1.661876119789535908e-02 3.269689924486304800e-02
3.175000000000000000e+02 2.734749143059387808e-02 1.309344976636562900e-03 -8.630282961379544954e-03 2.086690964855302324e-02 -1.567445281571352436e-04 1.647802421519594870e-02 3.234621264717142675e-02
3.200000000000000000e+02 2.707522886645583743e-02 1.263221323643570412e-03 -8.534840452087331247e-03 2.061859754276146317e-02 -1.182705041323104999e-04 1.633102582979616135e-02 3.201242611950673445e-02
3.225000000000000000e+02 2.685209553363485449e-02 1.231088399205189712e-03 -8.438756345256761063e-03 2.037229448778959950e-02 -8.147613728193442721e-05 1.617834757354172023e-02 3.170136879748308711e-02
3.250000000000000000e+02 2.666949443379114729e-02 1.212287693128650439e-03 -8.341952902368044570e-03 2.011880662593944213e-02 -4.557033681365923745e-05 1.602074590627687242e-02 3.140452348300373092e-02
3.275000000000000000e+02 2.650887758035256475e-02 1.194828232447635568e-03 -8.244633369027398392e-03 1.987113901642063168e-02 -1.015607274011034113e-05 1.585869940912433898e-02 3.111935800294876597e-02
3.300000000000000000e+02 2.636634649407136599e-02 1.168808308500760224e-03 -8.147861201617610794e-03 1.964531370002555247e-02 2.460053733700515039e-05 1.569307912399202365e-02 3.085236965904446932e-02
3.325000000000000000e+02 2.623127825134329710e-02 1.122536671014277279e-03 -8.052339679055558683e-03 1.942655930121954533e-02 5.806242209944398731e-05 1.552632724329312819e-02 3.059208239792798531e-02
3.350000000000000000e+02 2.608702569079760641e-02 1.045832686158521072e-03 -7.957378657617367873e-03 1.920415830678966554e-02 9.053094552467852039e-05 1.535979485726624884e-02 3.032548942742676126e-02
3.375000000000000000e+02 2.591833538308505394e-02 9.495905005990648530e-04 -7.862117434784526154e-03 1.899614898161929716e-02 1.224491106025433248e-04 1.519479889038919708e-02 3.005464162754677496e-02
3.400000000000000000e+02 2.571488970746351604e-02 8.471770316533446150e-04 -7.767132747478066798e-03 1.881996387487364780e-02 1.539782053897305141e-04 1.503292717108774094e-02 2.978389037671245326e-02
3.425000000000000000e+02 2.548146176139301153e-02 7.404433886583203965e-04 -7.673461356084289135e-03 1.867708721196436467e-02 1.849403438103840538e-04 1.487361959488809129e-02 2.951608428412273027e-02
3.450000000000000000e+02 2.521890149506740911e-02 6.393130159255302862e-04 -7.581311348332728413e-03 1.855986244714080691e-02 2.153264084727444573e-04 1.471702885402298780e-02 2.924789639811559844e-02
3.475000000000000000e+02 2.493902951307491039e-02 5.471765719607189337e-04 -7.490046883704223717e-03 1.843725853700475467e-02 2.449950622507728092e-04 1.456388705543273238e-02 2.897008755275619699e-02
3.500000000000000000e+02 2.465632917294530504e-02 4.626284352967404692e-04 -7.398743724388887576e-03 1.829338441925982758e-02 2.743170632548748585e-04 1.441309647395447660e-02 2.868140503307980288e-02
3.525000000000000000e+02 2.436697335924352392e-02 3.961693714501349000e-04 -7.306447892309517710e-03 1.814520335373323578e-02 3.027919193164900751e-04 1.426256944943313058e-02 2.838737308120494601e-02
3.550000000000000000e+02 2.406826726542392325e-02 3.491516241801138096e-04 -7.212940661340745338e-03 1.799911096717399933e-02 3.305407926607927872e-04 1.411094160431387856e-02 2.808915991845590057e-02
3.575000000000000000e+02 2.376852206517543475e-02 3.136365245037728289e-04 -7.118803438767166633e-03 1.784506392913489184e-02 3.569236612736108316e-04 1.395856838471654787e-02 2.778607718951343550e-02
3.600000000000000000e+02 2.347986305767858425e-02 2.857305452955379889e-04 -7.024937258078571729e-03 1.768145173166500023e-02 3.818861750744744041e-04 1.380644895302581866e-02 2.748388187118469897e-02
3.625000000000000000e+02 2.321685044349557081e-02 2.721705205444187856e-04 -6.931959066687813815e-03 1.753510990019716345e-02 4.046812721500130799e-04 1.365477388162792891e-02 2.720336711266033158e-02
3.650000000000000000e+02 2.297641390723952071e-02 2.795351116800214313e-04 -6.839715071988890227e-03 1.741651370459122716e-02 4.257601829076571357e-04 1.350350063381038079e-02 2.694821412282056433e-02
3.675000000000000000e+02 2.273858768004457728e-02 3.000194622168370724e-04 -6.747840177813478092e-03 1.728136068546121118e-02 4.461470833655893707e-04 1.335401585614051298e-02 2.668698211082315419e-02
3.700000000000000000e+02 2.250754557764340219e-02 3.186293473701853657e-04 -6.656259806996520263e-03 1.709445935912459053e-02 4.663267329537325724e-04 1.320605217478456467e-02 2.640402855577627869e-02
3.725000000000000000e+02 2.229758903847726612e-02 3.256011734582827462e-04 -6.565641890806312060e-03 1.688067020118020137e-02 4.866144396306647311e-04 1.305614369253525753e-02 2.611720146609636251e-02
3.750000000000000000e+02 2.209139102407126423e-02 3.209677257181320917e-04 -6.476030799768240157e-03 1.666502556219704584e-02 5.070934704928190939e-04 1.290180360046356590e-02 2.582911009336593885e-02
3.775000000000000000e+02 2.185995105901832394e-02 3.041586945286310151e-04 -6.386785461854295985e-03 1.644810368568542028e-02 5.280378100090540525e-04 1.274277799087726419e-02 2.552541636779050507e-02
3.800000000000000000e+02 2.160729464801303470e-02 2.718041091802499121e-04 -6.297346777704241824e-03 1.621743600959185683e-02 5.489409478377390000e-04 1.258084784412195553e-02 2.520278925086342353e-02
3.825000000000000000e+02 2.135614752353295551e-02 2.265891264427308466e-04 -6.208130652898758567e-03 1.597381003361196539e-02 5.689317901690369231e-04 1.241805614293188011e-02 2.487400685003840137e-02
3.850000000000000000e+02 2.109914963641234750e-02 1.762464042859463202e-04 -6.119858835380460708e-03 1.574313615841788777e-02 5.873846378533545930e-04 1.225367461969789455e-02 2.454798020726406405e-02
3.875000000000000000e+02 2.082398865141116967e-02 1.390946681691207878e-04 -6.032257066332269609e-03 1.554259519484437260e-02 6.038947146582787379e-04 1.208559878123036113e-02 2.422609131374295344e-02
3.900000000000000000e+02 2.054353847589351217e-02 1.242478259100625543e-04 -5.945211453266653102e-03 1.535825486762184937e-02 6.191609736389643752e-04 1.191238027821503280e-02 2.390708681086519891e-02
3.925000000000000000e+02 2.027296542940925511e-02 1.312165052927730081e-04 -5.859103825823676857e-03 1.518799614113252108e-02 6.336098380993501582e-04 1.173487863454981441e-02 2.359792010254579617e-02
3.950000000000000000e+02 2.001717397126231979e-02 1.615608066356710368e-04 -5.774083415194231593e-03 1.502290701402508866e-02 6.470721489639164525e-04 1.155718283435219242e-02 2.329863190981979956e-02
3.975000000000000000e+02 1.978069148864444737e-02 1.936926202100048287e-04 -5.690439495215908472e-03 1.484439922730435013e-02 6.598754607359693216e-04 1.138064290521312999e-02 2.300286681058096375e-02
4.000000000000000000e+02 1.955065418026662866e-02 1.965615703070478068e-04 -5.608671351089408383e-03 1.465043050127339680e-02 6.721187995664057923e-04 1.120695167446609727e-02 2.270401817800306310e-02
4.025000000000000000e+02 1.931144147530172717e-02 1.746991325658223354e-04 -5.527944545541557154e-03 1.445948085934992654e-02 6.837955157226349072e-04 1.103748318874192558e-02 2.240420276169679051e-02
4.050000000000000000e+02 1.906742095920814853e-02 1.465758089202292744e-04 -5.447169668172069726e-03 1.429643542667403781e-02 6.958400023624212180e-04 1.087375590526901484e-02 2.211880614557559799e-02
4.075000000000000000e+02 1.882298215817400713e-02 1.306742836287691284e-04 -5.366887549605265685e-03 1.415948580902685536e-02 7.081162367130628419e-04 1.071632435933203738e-02 2.184939616326644907e-02
4.100000000000000000e+02 1.857143094850770282e-02 1.295351603844995577e-04 -5.287997630747244375e-03 1.401273738076387436e-02 7.196088273345356773e-04 1.056556272766583614e-02 2.157486552846870839e-02
4.125000000000000000e+02 1.830090820775780516e-02 1.384787134633278167e-04 -5.209892496279264901e-03 1.384997725131928252e-02 7.298836656667086762e-04 1.042022637059946376e-02 2.128555591483827572e-02
4.150000000000000000e+02 1.800751644920956657e-02 1.638573013392990811e-04 -5.131937092377616451e-03 1.369377216456917415e-02 7.387108400913799857e-04 1.027746616795182678e-02 2.098937739086528462e-02
4.175000000000000000e+02 1.769249072609642426e-02 1.988323202191983490e-04 -5.054690594217946253e-03 1.354679934187242620e-02 7.454619081104403577e-04 1.013587673162837099e-02 2.068758339979860986e-02
4.200000000000000000e+02 1.736716856845879967e-02 2.251292652747047013e-04 -4.978434140535703198e-03 1.340928505210752658e-02 7.502114289261894650e-04 9.997004912329847393e-03 2.038672926644808509e-02
4.225000000000000000e+02 1.704279031205358994e-02 2.326087899929568539e-04 -4.902922484425816831e-03 1.326261079747040154e-02 7.536321838504026318e-04 9.860815582517303696e-03 2.008310834602064499e-02
4.250000000000000000e+02 1.672542506731720252e-02 2.284706138288344272e-04 -4.827217532421352632e-03 1.307729936529362057e-02 7.564875059376085630e-04 9.727266167234510999e-03 1.976499529992266704e-02
4.275000000000000000e+02 1.640279197068106667e-02 2.190727533650390323e-04 -4.751246899971512880e-03 1.285599619173164940e-02 7.588832525550164151e-04 9.594066795726855987e-03 1.942642747906978690e-02
4.300000000000000000e+02 1.607509969071081041e-02 2.054438717831191146e-04 -4.675525575504730497e-03 1.261354121762664655e-02 7.603483930102981252e-04 9.461336240442553766e-03 1.907498857439000536e-02
4.325000000000000000e+02 1.576206208997965943e-02 1.931985565834539158e-04 -4.600513633052513707e-03 1.235241601189366635e-02 7.613557065693756171e-04 9.328951392362200279e-03 1.872171474711776390e-02
4.350000000000000000e+02 1.547241417909533262e-02 1.940375066735718719e-04 -4.525852277141901789e-03 1.208164392850522191e-02 7.616952933471348363e-04 9.197102736079192792e-03 1.837558042183987106e-02
4.375000000000000000e+02 1.518620454281402986e-02 1.968525052020229482e-04 -4.451287569959133661e-03 1.181414477610988334e-02 7.620026905524390293e-04 9.064135273819714372e-03 1.803224229637181292e-02
4.400000000000000000e+02 1.488887092771328143e-02 1.959977573711871150e-04 -4.376477901287658366e-03 1.156093544205370229e-02 7.621265097669039420e-04 8.930375901551062048e-03 1.769009113565902375e-02
4.425000000000000000e+02 1.458659939134731263e-02 1.992166305227859990e-04 -4.302239901331095934e-03 1.132072154573036775e-02 7.623762783883985357e-04 8.794339247964346948e-03 1.735083009252101280e-02
4.450000000000000000e+02 1.427304779883451641e-02 2.009317226966526621e-04 -4.227796758250806572e-03 1.108118906689221049e-02 7.625300369010079441e-04 8.657018521578640352e-03 1.700562769365268623e-02
4.475000000000000000e+02 1.395290202656994383e-02 1.972719320310181484e-04 -4.154233023255683201e-03 1.084461731063643408e-02 7.630857709066597326e-04 8.516738528331159463e-03 1.665712893276876869e-02
4.500000000000000000e+02 1.365027939896161502e-02 1.934595210400147011e-04 -4.080844716195341018e-03 1.061923027249243520e-02 7.635422248279741383e-04 8.373685346540787888e-03 1.632159750899742079e-02
4.525000000000000000e+02 1.338095377319526227e-02 1.898912931037859543e-04 -4.009392764842255145e-03 1.040290664523732360e-02 7.646389969592804229e-04 8.225542321641764187e-03 1.600470137003717416e-02
4.550000000000000000e+02 1.313503056857828061e-02 1.825165181005992596e-04 -3.938455921128306871e-03 1.019220459574211521e-02 7.657931447601565170e-04 8.073834646977912435e-03 1.570053490564915499e-02
4.575000000000000000e+02 1.289426848634863884e-02 1.630862195887610507e-04 -3.869542432760268713e-03 9.987699143444222702e-03 7.672320018653938688e-04 7.920033078636271040e-03 1.540100035421456542e-02
4.600000000000000000e+02 1.264148898555614992e-02 1.342276800950775858e-04 -3.800823687435708233e-03 9.780518850953776391e-03 7.672456688285313534e-04 7.767932096549489719e-03 1.509496996652970671e-02
4.625000000000000000e+02 1.235712062932874979e-02 9.677525419867283383e-05 -3.733595170308173089e-03 9.550641927371343251e-03 7.670775260947749639e-04 7.618365003214918989e-03 1.476306377995750645e-02
4.650000000000000000e+02 1.204228366403054841e-02 4.969478866347820840e-05 -3.665025154743171542e-03 9.292972013705569703e-03 7.658523420061195226e-04 7.473443242873305421e-03 1.440434946030471133e-02
4.675000000000000000e+02 1.172637300692963569e-02 3.823004113472805280e-07 -3.597533132936630001e-03 9.016756096933345802e-03 7.646698349545617010e-04 7.331246835941789344e-03 1.403718796990238368e-02
4.700000000000000000e+02 1.141810991750684748e-02 -3.498672355044760444e-05 -3.527788838802233418e-03 8.736451618301692076e-03 7.616723027941560897e-04 7.191096556006337445e-03 1.367282904590743850e-02
4.725000000000000000e+02 1.113689634063680899e-02 -4.718439644570153788e-05 -3.459976011037930142e-03 8.467038720124980128e-03 7.592173492223694116e-04 7.050454471981902616e-03 1.332719476637184500e-02
4.750000000000000000e+02 1.088552816347903088e-02 -3.989385462852883349e-05 -3.389485466116090411e-03 8.212064324948798594e-03 7.556901855536720877e-04 6.908479463109558870e-03 1.300303597576869460e-02
4.775000000000000000e+02 1.065785096057721669e-02 -3.088929712382917057e-05 -3.321843044415638806e-03 7.969187792617371882e-03 7.536295575150597434e-04 6.764528829559340178e-03 1.269578379137696438e-02
4.800000000000000000e+02 1.044714962164338713e-02 -2.946840645129267318e-05 -3.251371434481052560e-03 7.740757755813921018e-03 7.491186278697509887e-04 6.618542642776815976e-03 1.240322501011706206e-02
4.825000000000000000e+02 1.025603679226755154e-02 -4.373066325778065736e-05 -3.184707715084831789e-03 7.537173243317035233e-03 7.456501961427219015e-04 6.471587283056043013e-03 1.213239865932031619e-02
4.850000000000000000e+02 1.006456666490474633e-02 -7.205066240234838900e-05 -3.113609298473614135e-03 7.357856973525168758e-03 7.390935254334539276e-04 6.323081038237755337e-03 1.187275233833383521e-02
4.875000000000000000e+02 9.867225151861603455e-03 -1.180614382467013053e-04 -3.047146893926622972e-03 7.195402359622587833e-03 7.344316037606862108e-04 6.175248045588672963e-03 1.161893777853643256e-02
4.900000000000000000e+02 9.656217523844179765e-03 -1.669566456260573959e-04 -2.975412072003624613e-03 7.034112320300492209e-03 7.261398337270332610e-04 6.026144518162487515e-03 1.135823718115357844e-02
4.925000000000000000e+02 9.454986880348766401e-03 -2.096340209926488278e-04 -2.910202236230933874e-03 6.870275002361026645e-03 7.205757296107130920e-04 5.878535574051685364e-03 1.110189872838074007e-02
4.950000000000000000e+02 9.256412634404978523e-03 -2.326716143901162248e-04 -2.838195231462397813e-03 6.702256203666693939e-03 7.111790254911363714e-04 5.729335251000449054e-03 1.084400204453606076e-02
4.975000000000000000e+02 9.064801098973809118e-03 -2.422476092746993638e-04 -2.773673282509179182e-03 6.526219155880193072e-03 7.057087999142649124e-04 5.584137287488274808e-03 1.058757877117113937e-02
5.000000000000000000e+02 8.864335988780128184e-03 -2.375686898757202025e-04 -2.700127233494860248e-03 6.339388398204528867e-03 6.955168950840039587e-04 5.436848789946545878e-03 1.032028658846560233e-02
5.025000000000000000e+02 8.667427962043399922e-03 -2.346130317968931603e-04 -2.635822537721891658e-03 6.152139422264671191e-03 6.904216812527497237e-04 5.293115805735925175e-03 1.005634159502199684e-02
5.050000000000000000e+02 8.460909390542644196e-03 -2.336372285089366257e-04 -2.560983487320021759e-03 5.970397282241648139e-03 6.789121200422280509e-04 5.144317901714105974e-03 9.787812287249198287e-03
5.075000000000000000e+02 8.263104592182563685e-03 -2.462519426302220448e-04 -2.498377142820441214e-03 5.798605941959231180e-03 6.733612611917272426e-04 4.999118377480441314e-03 9.530414455811118957e-03
5.100000000000000000e+02 8.045445172815258658e-03 -2.554682305086661514e-04 -2.423530223071776023e-03 5.632565974399533250e-03 6.603705448093124316e-04 4.846996298858249896e-03 9.262503723036521336e-03
5.125000000000000000e+02 7.837936305142472262e-03 -2.643747063499229965e-04 -2.364083618983640282e-03 5.468667848596144715e-03 6.551207655473786657e-04 4.699852561551102516e-03 9.003228357644860180e-03
5.150000000000000000e+02 7.633386977140519357e-03 -2.526224747290640917e-04 -2.288844349547833334e-03 5.302451259043287381e-03 6.409960439209568374e-04 4.544148547896142108e-03 8.739993392039974857e-03
5.175000000000000000e+02 7.470059998425097186e-03 -2.341893858850772458e-04 -2.232231880098692594e-03 5.135459118985734664e-03 6.362051783859217413e-04 4.395385554095360657e-03 8.500452335753095820e-03
5.200000000000000000e+02 7.297747336867746633e-03 -2.025012245352508301e-04 -2.155954901098746691e-03 4.966863485461913905e-03 6.211085057656174193e-04 4.237482329614342645e-03 8.251046575972002459e-03
5.225000000000000000e+02 7.131484766057428863e-03 -1.886796936242358751e-04 -2.102943828322244909e-03 4.805164162057908549e-03 6.168329290184719526e-04 4.090632404496663023e-03 8.013640666306000651e-03
5.250000000000000000e+02 6.934109562943932721e-03 -1.800968354401506581e-04 -2.024745373445798260e-03 4.640112173458322414e-03 6.005780346822720776e-04 3.935890142051671689e-03 7.755055939226962979e-03
5.275000000000000000e+02 6.756457284627206787e-03 -1.900302808792112420e-04 -1.975028456770724309e-03 4.479284705136258454e-03 5.966187293400700403e-04 3.795739544918090048e-03 7.515740767340777645e-03
5.300000000000000000e+02 6.557157936149299662e-03 -1.935418067741522950e-04 -1.895118062993879316e-03 4.315903533513121108e-03 5.779051644790089487e-04 3.647214763216801575e-03 7.260138116439610739e-03
5.325000000000000000e+02 6.384856258221200016e-03 -2.080826398660098723e-04 -1.850246088905568289e-03 4.157318772202859072e-03 5.734952499256466222e-04 3.515434700014643046e-03 7.028804865219351501e-03
5.350000000000000000e+02 6.191555560668960539e-03 -2.097106405119179146e-04 -1.768790684647988378e-03 4.003849634832639011e-03 5.517845659638302052e-04 3.373055093676931033e-03 6.784230144589264641e-03
5.375000000000000000e+02 6.025341338501282590e-03 -2.190479867100460719e-04 -1.728845239297375222e-03 3.859666286379842028e-03 5.484772637280305304e-04 3.247857778374475379e-03 6.566432701627799781e-03
5.400000000000000000e+02 5.835816337074568524e-03 -2.202738314250377006e-04 -1.645822706522351384e-03 3.707386130939572567e-03 5.243020054419292785e-04 3.109601169589188644e-03 6.326401818801665085e-03
5.425000000000000000e+02 5.673832868074602832e-03 -2.301662664502812097e-04 -1.612066321938661383e-03 3.551899559790106051e-03 5.221546446150546281e-04 2.990094842163938411e-03 6.107913635014323647e-03
5.450000000000000000e+02 5.500911009555984298e-03 -2.385067443958385997e-04 -1.526930008630311870e-03 3.392144339861424308e-03 4.953492130591938400e-04 2.855895084646994497e-03 5.874475217032201768e-03
5.475000000000000000e+02 5.356447423582281521e-03 -2.503137550721563302e-04 -1.498407668830906234e-03 3.239021300268028238e-03 4.946133155728234905e-04 2.741981215561005783e-03 5.668724969705657771e-03
5.500000000000000000e+02 5.205165834431421841e-03 -2.653917886680096094e-04 -1.410283112199692702e-03 3.090052113027185517e-03 4.659940091826925406e-04 2.611689425064717737e-03 5.453453686261662547e-03
5.525000000000000000e+02 5.062967472483428065e-03 -2.738688420608250134e-04 -1.388467638536203946e-03 2.947821373058103281e-03 4.676731750020717460e-04 2.504925428475103348e-03 5.257857137008317347e-03
5.550000000000000000e+02 4.902959702104548248e-03 -2.972177170028334728e-04 -1.298752679590601047e-03 2.814449555143515042e-03 4.376503301589644438e-04 2.382093776273850813e-03 5.049751516760956835e-03
5.575000000000000000e+02 4.739592176755349877e-03 -2.986489741581989225e-04 -1.284171747134185866e-03 2.686366543953777782e-03 4.413251616421668354e-04 2.285536314278488555e-03 4.855747517493807890e-03
5.600000000000000000e+02 4.585868618107540734e-03 -3.174623917321017980e-04 -1.192864384687310512e-03 2.575466925235337344e-03 4.093948262478271463e-04 2.171419765845857604e-03 4.666377654594367624e-03
5.625000000000000000e+02 4.430267483398649987e-03 -2.904356824736543789e-04 -1.184140585202161878e-03 2.466998074474241204e-03 4.141416376283187204e-04 2.084425607541413872e-03 4.490845582707152749e-03
5.650000000000000000e+02 4.290684531220331950e-03 -2.986176041239373352e-04 -1.092625096622150665e-03 2.374243458728594013e-03 3.809767749698943478e-04 1.976893810528455083e-03 4.320910900238690740e-03
5.675000000000000000e+02 4.134494712366516313e-03 -2.600313239991473672e-04 -1.088354631120694478e-03 2.273924219697806906e-03 3.862569367143763900e-04 1.896548725487558987e-03 4.152483828775941320e-03
5.700000000000000000e+02 3.988299140833993610e-03 -2.739839991577332169e-04 -9.978227307412697832e-04 2.184607708426683070e-03 3.539214784259534104e-04 1.793252881907674012e-03 3.983079865584175129e-03
5.725000000000000000e+02 3.820249397272391587e-03 -2.295574383711805535e-04 -9.961397460231107438e-04 2.089045582648827067e-03 3.582889252048562594e-04 1.718829838559201304e-03 3.814062409240209870e-03
5.750000000000000000e+02 3.675110703239538746e-03 -2.462021387062879362e-04 -9.068854327672829082e-04 2.011295619434005574e-03 3.274650344076810598e-04 1.619529921254552873e-03 3.652968121964048596e-03
5.775000000000000000e+02 3.507134173572854299e-03 -1.990310105595613217e-04 -9.065124497758649327e-04 1.928643299158611362e-03 3.291007596369094497e-04 1.551063701441873647e-03 3.493420587086669762e-03
5.800000000000000000e+02 3.368243087322241383e-03 -2.218224040672057116e-04 -8.185951453533176847e-04 1.860939069372291588e-03 3.020408152168681877e-04 1.456498194002201103e-03 3.342840175348367037e-03
5.825000000000000000e+02 3.205536527031002756e-03 -1.740821032054148270e-04 -8.191287845105687257e-04 1.788267554685120386e-03 3.006015433670685202e-04 1.394639066381077102e-03 3.194221574048600014e-03
5.850000000000000000e+02 3.080269780422744286e-03 -1.966894935910293231e-04 -7.335335969283246667e-04 1.730996405328551809e-03 2.783062936205200162e-04 1.303874200046500854e-03 3.057570192898898583e-03
5.875000000000000000e+02 2.931217389251983361e-03 -1.516665522721755361e-04 -7.350029390551147089e-04 1.664597892666773698e-03 2.728003609010515198e-04 1.247017839462239309e-03 2.921416560690497967e-03
5.900000000000000000e+02 2.819330829913359922e-03 -1.796853455598649142e-04 -6.532368571859952172e-04 1.611270699460395353e-03 2.558940197925530131e-04 1.158740973137671040e-03 2.794671251255713158e-03
5.925000000000000000e+02 2.687276344121852269e-03 -1.421158914877448487e-04 -6.547478146616128114e-04 1.551474616280441778e-03 2.448486553936627189e-04 1.105846621450865767e-03 2.672298790926579473e-03
5.950000000000000000e+02 2.582972102461695597e-03 -1.754499729903956850e-04 -5.780816038197480371e-04 1.503900519135261543e-03 2.341592347128683416e-04 1.019108660705333666e-03 2.552990641151145403e-03
5.975000000000000000e+02 2.471461370240501769e-03 -1.448305224986318792e-04 -5.780653803728596227e-04 1.453694835302774381e-03 2.163712678110552392e-04 9.693029298453712840e-04 2.447229567694323392e-03
6.000000000000000000e+02 2.381313725070841828e-03 -1.751257247593141289e-04 -5.069077427953307948e-04 1.416290376709190488e-03 2.130619495947921611e-04 8.834117491156512000e-04 2.340507925447841975e-03
6.025000000000000000e+02 2.293888648753136719e-03 -1.460665047345077771e-04 -5.035428071643134130e-04 1.382777082951130521e-03 1.873076225736388018e-04 8.361357393830669282e-04 2.256400735543667192e-03
6.050000000000000000e+02 2.220332878873462496e-03 -1.721300909006799888e-04 -4.382999635350526475e-04 1.350138690674335508e-03 1.929348991137301572e-04 7.516029820316172437e-04 2.161037275789707678e-03
6.075000000000000000e+02 2.152746675661293928e-03 -1.449778275924897279e-04 -4.309833367712843791e-04 1.325348625801268942e-03 1.573979607989667924e-04 7.072973481092575260e-04 2.092696324785910198e-03
6.100000000000000000e+02 2.087323021698051645e-03 -1.651797074279384660e-04 -3.730827135762988019e-04 1.289906897255670972e-03 1.734874344933574181e-04 6.252037440787879072e-04 2.001216831516255262e-03
6.125000000000000000e+02 2.032521805665592641e-03 -1.413231029615460022e-04 -3.624352461445488980e-04 1.279562492424621625e-03 1.266506482449513045e-04 5.844936445067764556e-04 1.948288971298495469e-03
6.150000000000000000e+02 1.968775942654892377e-03 -1.553621370922972117e-04 -3.140247821530648504e-04 1.244784785724177643e-03 1.540134119737579413e-04 5.061349691522804440e-04 1.859847848765675341e-03
6.175000000000000000e+02 1.934656593016823240e-03 -1.428537637615345899e-04 -2.983750725276401185e-04 1.259001698382878265e-03 9.544332592366441424e-05 4.692836530170944181e-04 1.831470972208397961e-03
6.200000000000000000e+02 1.867838031807472375e-03 -1.513182158769032170e-04 -2.605861017899550880e-04 1.221638658803779259e-03 1.355810548513274342e-04 3.959496930586864903e-04 1.742713191834969035e-03
6.225000000000000000e+02 1.852203541256436338e-03 -1.590629101687365918e-04 -2.376880221467810505e-04 1.264352576440188171e-03 6.619257251129773416e-05 3.626547350768160542e-04 1.739605426386720173e-03
6.250000000000000000e+02 1.774874435110992662e-03 -1.586800748269649015e-04 -2.130762698880478683e-04 1.215653459448874695e-03 1.185857395028146194e-04 2.955701668308869864e-04 1.643049030695377171e-03
6.275000000000000000e+02 1.787722200574166486e-03 -1.868869028556014648e-04 -1.810763569629863362e-04 1.277594932073017678e-03 3.871735889477575751e-05 2.654999709615755597e-04 1.665408551804379916e-03
6.300000000000000000e+02 1.708176425001906983e-03 -1.644089943121169648e-04 -1.709421871550600763e-04 1.210290368694901366e-03 1.007840483082761917e-04 2.063058755249863293e-04 1.562386334610897393e-03
6.325000000000000000e+02 1.749014384447392665e-03 -2.119097926574580696e-04 -1.284889518588660942e-04 1.287482187871544009e-03 1.343543570978836234e-05 1.796768089600247868e-04 1.608086690639480825e-03
6.350000000000000000e+02 1.646182738728068891e-03 -1.570036349390392129e-04 -1.347890610947347534e-04 1.211391163618519588e-03 8.180225046097064866e-05 1.313893686248678385e-04 1.494481635485728254e-03
6.375000000000000000e+02 1.693194689683619756e-03 -2.337277395476673888e-04 -8.204503245549264387e-05 1.289335973040468038e-03 -8.601473057646763580e-06 1.087696603001230927e-04 1.545650161512105531e-03
6.400000000000000000e+02 1.532190756769685877e-03 -1.409321298716857782e-04 -1.039615346587533900e-04 1.223473601428899833e-03 6.272428030268905035e-05 7.577866195993384008e-05 1.415721510079259856e-03
6.425000000000000000e+02 1.595878170366753267e-03 -2.530902878638253105e-04 -4.246670722716142625e-05 1.262381201772192407e-03 -3.097922249068103297e-05 5.778104260865479878e-05 1.458020207373800182e-03
6.450000000000000000e+02 1.376458919079796752e-03 -8.222384381344731300e-05 -7.616865594509634183e-05 1.095426880346704861e-03 3.706390897997648056e-05 4.403642503565967283e-05 1.257961112231080697e-03
6.475000000000000000e+02 1.382523781802702089e-03 -2.486480112061189001e-04 -1.643091644174777288e-05 1.129804954233237877e-03 -4.404242176767298144e-05 3.184594233436471199e-05 1.272087339185152275e-03
6.500000000000000000e+02 1.002284698043720036e-03 -3.271941211902458524e-05 -6.543641510822322807e-05 6.927573202349981410e-04 2.066244010116833111e-05 3.795244854612263335e-05 8.664972334124205035e-04
6.525000000000000000e+02 9.750335496056039076e-04 -2.092064506949636654e-04 -5.433686852924287937e-05 4.744902189123536228e-04 9.107065030676421882e-06 3.111086210833514460e-05 7.403173153131463544e-04
6.550000000000000000e+02 7.092486810455083963e-04 -1.634076465620673026e-05 -1.353229214761298463e-05 2.255761836153344542e-04 7.145675226771068239e-06 2.665849606325392822e-05 4.807416803620483538e-04
6.575000000000000000e+02 5.617355600097253881e-04 -1.245489930912146645e-04 -3.825674167807284714e-05 1.831649307823221583e-04 1.022530161838331449e-05 2.616768302767718478e-05 3.855340869098623758e-04
6.600000000000000000e+02 5.178088936179641583e-04 -4.217369840817077802e-05 -2.393770084929308818e-05 1.355894238287396066e-04 3.495548109261355146e-06 2.404471376943695277e-05 3.387215156080703978e-04
6.625000000000000000e+02 4.508698259409784888e-04 -1.013617970003609928e-04 -2.133320365978363505e-05 1.435937059535339309e-04 7.158663049493200884e-06 2.239942717088837015e-05 3.084314795327004017e-04
6.650000000000000000e+02 4.292821872903712145e-04 -5.238144725766673293e-05 -2.273920169322042763e-05 1.057705167347885289e-04 1.053764338897307099e-06 2.096481203431423888e-05 2.780087580297369606e-04
6.675000000000000000e+02 3.925160139641590737e-04 -8.556511055224244816e-05 -1.824960822939021096e-05 1.118432613430510206e-04 9.930905826807386543e-06 2.013484768162608903e-05 2.622470614944180764e-04
6.700000000000000000e+02 3.816598978492317159e-04 -4.808824093162726701e-05 -1.680595473324201480e-05 8.900802100118889175e-05 -1.890033049105921721e-06 1.820280773996781035e-05 2.444353632951942073e-04
6.725000000000000000e+02 3.591852441298959159e-04 -6.515185048776661147e-05 -1.856277323177149153e-05 9.277832484923500731e-05 1.051146964494569499e-05 1.820294761328325169e-05 2.350832582962070942e-04
6.750000000000000000e+02 3.595565485092507398e-04 -4.305437812855998967e-05 -1.348373006295608607e-05 8.058652239958687656e-05 -2.401669611570549750e-06 1.635225142698779616e-05 2.282476611679127080e-04
6.775000000000000000e+02 3.374170908631404287e-04 -5.069275128530250556e-05 -1.745854165496002494e-05 8.045360032384003346e-05 7.530814898557644571e-06 1.637182236620788616e-05 2.171212567765941793e-04
6.800000000000000000e+02 3.376229579299794129e-04 -4.093965437759638950e-05 -1.249487322152750052e-05 7.604102001821431251e-05 3.773709031771392495e-07 1.514352104305779236e-05 2.144037494956257462e-04
6.825000000000000000e+02 3.001752601649272179e-04 -4.077444842985347110e-05 -1.640812184817437203e-05 7.124086401679301001e-05 2.866464180957891854e-06 1.490621716810129256e-05 1.931611706749107441e-04
6.850000000000000000e+02 2.929161325708631945e-04 -3.519204576239385180e-05 -1.175785963709988607e-05 6.766216627548650659e-05 3.257815387184569307e-06 1.415528046790272473e-05 1.873667896571262086e-04
6.875000000000000000e+02 2.472197563591817943e-04 -3.203547230155549813e-05 -1.544785922856792019e-05 5.773070643843780853e-05 1.595777356389207567e-07 1.377863877546948774e-05 1.593645507865445207e-04
6.900000000000000000e+02 2.503727495050130200e-04 -2.732684618018481587e-05 -1.108885004802056077e-05 4.955558720200805558e-05 4.019770682081325527e-06 1.321598942964728464e-05 1.565721630683341767e-04
6.925000000000000000e+02 2.295763372429151519e-04 -2.321838788377057435e-05 -1.442095932281183800e-05 4.099292771073539070e-05 -4.151577792807729030e-07 1.285176615411697882e-05 1.417105155538837607e-04
6.950000000000000000e+02 2.644189794318858432e-04 -1.976435435633341255e-05 -9.473106606371571774e-06 3.303348064745810037e-05 3.231192585705645967e-06 1.220939478282243794e-05 1.548309274310831908e-04
6.975000000000000000e+02 2.694607264502483297e-04 -1.513711266984269994e-05 -1.417368995794450973e-05 3.034960817362950623e-05 -6.874493956024043071e-08 1.205266212193325746e-05 1.559314983729055476e-04
7.000000000000000000e+02 3.211638299636146139e-04 -1.584217063321453672e-05 -6.570901021097824948e-06 2.698641072599015052e-05 1.503833086541464393e-06 1.121405301439933447e-05 1.796821468520020673e-04
7.025000000000000000e+02 3.096703057481624733e-04 -7.325380013028847839e-06 -1.489572064009253906e-05 2.728573945529761942e-05 5.869595127327426193e-07 1.140731502859945868e-05 1.741816801160297697e-04
7.050000000000000000e+02 3.397809161633869382e-04 -1.364831049880876825e-05 -3.912047685945306617e-06 2.669083337295221733e-05 -3.486511729835502052e-07 1.046065818157051257e-05 1.884662038589548171e-04
7.075000000000000000e+02 2.832720166611274416e-04 4.342348107645222197e-07 -1.540886135701924827e-05 2.513318222398517362e-05 9.593000874606642336e-07 1.096784154354161052e-05 1.596865202143271298e-04
7.100000000000000000e+02 2.747284272978543426e-04 -1.067046753994222996e-05 -3.232572383992272055e-06 2.375107057015064490e-05 -1.269776919546538824e-06 1.001565589453501732e-05 1.542475768812700100e-04
7.125000000000000000e+02 1.960971323449738773e-04 3.382769928904316732e-06 -1.375214688814157801e-05 1.985361822320728134e-05 7.671492385856244175e-07 1.059907301127567314e-05 1.132749117897284227e-04
7.150000000000000000e+02 1.747065479101392468e-04 -8.826323643636513065e-06 -4.846306062155707366e-06 1.850878285731880594e-05 -1.058995482031594821e-06 9.716718835488193687e-06 1.014660248014731249e-04
7.175000000000000000e+02 1.228121464194488878e-04 1.321255980863256318e-06 -9.542225459406823162e-06 1.479357293518601763e-05 3.931573794250549796e-07 1.008864739077182534e-05 7.384718337270336031e-05
7.200000000000000000e+02 1.296417160751193673e-04 -7.850229189228841761e-06 -7.314013097038435129e-06 1.535922967868517228e-05 -3.103606038929095733e-07 9.351247932626569916e-06 7.717609684321555643e-05
7.225000000000000000e+02 1.270788453417894936e-04 1.376388984837895075e-06 -4.816235698836300456e-06 1.302131205416436849e-05 1.433917313240917940e-07 9.363155402661411808e-06 7.473165639930764287e-05
7.250000000000000000e+02 1.779316861819511451e-04 -7.025276663700808000e-06 -8.563041389286731779e-06 1.443936801048444353e-05 4.205164017010128618e-07 8.848608311600384202e-06 1.006098312520179822e-04
7.275000000000000000e+02 1.968155295347337214e-04 6.688064796530745930e-06 -2.342990518399986287e-06 1.383791177595030674e-05 -1.469792231919206164e-07 8.560761994685592109e-06 1.096071016526848144e-04
7.300000000000000000e+02 2.667354844361863558e-04 -8.140381811655927283e-06 -7.476787348709758115e-06 1.472281140053297573e-05 8.316032119762233750e-07 8.322931097235027937e-06 1.448906134669771721e-04
7.325000000000000000e+02 2.540586751104797125e-04 1.239864048058194685e-05 -3.079509005566736473e-06 1.586357899288968112e-05 -6.074932239560040409e-07 7.912390576710018968e-06 1.389173223400397088e-04
7.350000000000000000e+02 2.985257610911802107e-04 -1.140073370231746755e-05 -4.644991794874038986e-06 1.584331237303731211e-05 7.915821475015858107e-07 7.969449516435484130e-06 1.611692614903265043e-04
7.375000000000000000e+02 2.270647164582772473e-04 1.298142423158434880e-05 -5.297015233983011328e-06 1.673291182508602925e-05 -1.081897853764284089e-06 7.618241197852502674e-06 1.257079347406078816e-04
7.400000000000000000e+02 2.210302973193876053e-04 -1.195615025767828901e-05 -2.121337736237181516e-06 1.449952774529998858e-05 6.285633690309521756e-07 7.908150367756087865e-06 1.217189877162218434e-04
7.425000000000000000e+02 1.196386204442772492e-04 8.106109772779035330e-06 -5.866027936451166113e-06 1.291832353238122652e-05 -1.716106145905336896e-06 7.698274243460580417e-06 7.012760911005953824e-05
7.450000000000000000e+02 7.968521278266927190e-05 -6.182543052712041722e-06 -1.663981396849760112e-06 7.663805511809051549e-06 3.701640417924345484e-07 8.028552690094003505e-06 4.768878549228616602e-05
7.475000000000000000e+02 2.120691809899000066e-05 1.044612264435329554e-06 -3.727737081534489277e-06 6.272275504789348458e-06 3.778529693632647127e-08 7.801349779507518007e-06 1.764027169164343356e-05
7.500000000000000000e+02 1.725551233249458132e-05 -8.291530028403216080e-07 -2.502799836937290057e-06 3.228049211935957166e-06 1.585060236462376058e-06 7.876473869131238298e-06 1.418001770678088755e-05
7.525000000000000000e+02 1.170312364569134822e-05 5.683797691249381213e-07 -1.549596533754322202e-06 3.736429618098391345e-06 -5.967444968362918142e-07 7.536595072697607752e-06 1.148807416824367408e-05
7.550000000000000000e+02 1.689464004321230593e-05 -8.825023316767044746e-07 -2.437518277912501475e-06 3.685724148476765687e-06 1.600183530585450664e-06 7.529230343758061780e-06 1.405479726772356522e-05
7.575000000000000000e+02 1.126418227892482780e-05 6.250668228201306358e-07 -1.624091157536394038e-06 2.820312708321814773e-06 -3.605009120948143849e-07 7.205114249841159803e-06 1.064480461854389992e-05
7.600000000000000000e+02 1.692241885598182497e-05 -8.517137311191191727e-07 -2.443630389592478165e-06 3.710205758770790234e-06 1.588110238837447248e-06 7.239561029027339772e-06 1.393609282188997706e-05
7.625000000000000000e+02 1.116056681988037931e-05 5.760238740423417640e-07 -1.623139304825020921e-06 2.577690596739401411e-06 -1.885462090301570895e-07 6.891881589688835201e-06 1.031506950315430881e-05
7.650000000000000000e+02 1.669048952177156920e-05 -8.127834721431526423e-07 -2.446372579937928628e-06 3.555188248481932952e-06 1.558162466909981653e-06 6.982479980005229866e-06 1.361407887512936601e-05
7.675000000000000000e+02 1.110538546012858108e-05 5.378366010212687415e-07 -1.580508703087603604e-06 2.398848292544641829e-06 -8.117372329578230097e-08 6.598981248546707676e-06 1.005160750060996635e-05
7.700000000000000000e+02 1.639317292997368594e-05 -7.434006320801600375e-07 -2.441241155073024321e-06 3.326501852080809680e-06 1.509663977921428494e-06 6.751034470667590001e-06 1.323535462636104175e-05
7.725000000000000000e+02 1.109320322888116605e-05 5.117867533897424439e-07 -1.529829990225794100e-06 2.258150116418633466e-06 -1.107274639094314109e-08 6.327684314930042234e-06 9.839518830114921509e-06
7.750000000000000000e+02 1.608632732075161346e-05 -6.725229855945258262e-07 -2.421800159417667382e-06 3.086201202230931364e-06 1.448353948403198479e-06 6.539822034931487782e-06 1.285617527895701694e-05
7.775000000000000000e+02 1.110026421281009515e-05 4.960341761513830880e-07 -1.482251016543229712e-06 2.134397995427406347e-06 3.398211948452177937e-08 6.078001734645839561e-06 9.656331971441671163e-06
7.800000000000000000e+02 1.579418824021825500e-05 -6.177404278361109191e-07 -2.388795194002498786e-06 2.863665473929178000e-06 1.380665678789336855e-06 6.345797528638291642e-06 1.250182562139286148e-05
7.825000000000000000e+02 1.110541856521702838e-05 4.882240411012261626e-07 -1.442986464196703514e-06 2.019422087930067442e-06 6.337009565261968684e-08 5.848352453674543144e-06 9.486596553410819909e-06
7.850000000000000000e+02 1.551789045583156179e-05 -5.831257006837730908e-07 -2.344988853873371971e-06 2.668296016085136431e-06 1.311278098259688664e-06 6.167180203317093011e-06 1.217668333761689562e-05
7.875000000000000000e+02 1.109178026488244552e-05 4.868511061351554726e-07 -1.413306776431310764e-06 1.911038335616055361e-06 8.296735044195038891e-08 5.636659878084947350e-06 9.319739239291725385e-06
7.900000000000000000e+02 1.524803916312045341e-05 -5.639352637610173087e-07 -2.293142351270424278e-06 2.498462466787199273e-06 1.243015218165537277e-06 6.002811649196949298e-06 1.187465663955230099e-05
7.925000000000000000e+02 1.104706382896356620e-05 4.903002546321033773e-07 -1.392748485755434842e-06 1.809690209565761858e-06 9.616603531457362073e-08 5.440896513636075394e-06 9.148825276082701090e-06
7.950000000000000000e+02 1.497189667929621429e-05 -5.522298841935224299e-07 -2.235500158401948438e-06 2.348698426256845446e-06 1.177226432016613163e-06 5.851761698623099673e-06 1.158617840208807907e-05
7.975000000000000000e+02 1.096253359461822919e-05 4.965861963189155744e-07 -1.380313459847025699e-06 1.716513422627841131e-06 1.050167677492125220e-07 5.259316200745511059e-06 8.969181608995791221e-06
8.000000000000000000e+02 1.467654715861232962e-05 -5.408240853476798040e-07 -2.173867236292957994e-06 2.213766055229893305e-06 1.114289240811417968e-06 5.713140134888358507e-06 1.130172667436528944e-05
8.025000000000000000e+02 1.083173590670174520e-05 5.036989785843104741e-07 -1.374758223202995386e-06 1.632497677942002047e-06 1.108383469179693500e-07 5.090516525741519243e-06 8.777375055192632928e-06
8.050000000000000000e+02 1.435025937165619363e-05 -5.248734025901313683e-07 -2.109799044882531283e-06 2.090326745113823919e-06 1.054061072368710505e-06 5.586040746922198403e-06 1.101331343184610819e-05
8.075000000000000000e+02 1.064969679287575084e-05 5.100472541426981411e-07 -1.374752542241260985e-06 1.558053070066467494e-06 1.145803223992660273e-07 4.933361441878177771e-06 8.570555652410197947e-06
8.100000000000000000e+02 1.398307338773445732e-05 -5.020548581981642770e-07 -2.044569422136727335e-06 1.976854284329831929e-06 9.961032791563449334e-07 5.469537847993386336e-06 1.071473276002883843e-05
8.125000000000000000e+02 1.041273668215172407e-05 5.146611568667580570e-07 -1.378906158601052399e-06 1.492868038013650601e-06 1.169031735999191352e-07 4.786907390756489979e-06 8.346256055460932007e-06
8.150000000000000000e+02 1.356725282075572709e-05 -4.720067984447240423e-07 -1.979287129134011675e-06 1.872855408100360191e-06 9.400373989271104130e-07 5.362696969074698817e-06 1.040140259896539347e-05
8.175000000000000000e+02 1.011858446365501149e-05 5.171383168201870483e-07 -1.385728889202298786e-06 1.436036745352709057e-06 1.181956091503183110e-07 4.650326685735966067e-06 8.102473947371843622e-06
8.200000000000000000e+02 1.309785141616295340e-05 -4.355969808322868048e-07 -1.914807847556964453e-06 1.778171099191361323e-06 8.855999606497937051e-07 5.264551598839404074e-06 1.007028705709685982e-05
8.225000000000000000e+02 9.766749655697992672e-06 5.174309898102080668e-07 -1.393802519175580433e-06 1.386246828062276400e-06 1.187731604325112610e-07 4.522868210857941903e-06 7.837932347309104853e-06
8.250000000000000000e+02 1.257292408001600092e-05 -3.943595897419882459e-07 -1.851890775332020293e-06 1.692485197023341135e-06 8.327959431559216064e-07 5.174091501668264655e-06 9.719750389353803142e-06
8.275000000000000000e+02 9.358659198443141673e-06 5.156528339007592891e-07 -1.401696818577651439e-06 1.341929501980754240e-06 1.188318918429262171e-07 4.403785056273819581e-06 7.552186878348858488e-06
8.300000000000000000e+02 1.199344699151190279e-05 -3.500570208068154413e-07 -1.791251630858200639e-06 1.615040276661527845e-06 7.818291439149434119e-07 5.090296267232742953e-06 9.349391767703086581e-06
8.325000000000000000e+02 8.897795555143161946e-06 5.118928204119299352e-07 -1.407956740777548183e-06 1.301432860722595469e-06 1.184842323858127990e-07 4.292316668225647328e-06 7.245772542045702371e-06
8.350000000000000000e+02 1.136302612795194719e-05 -3.044165503824913867e-07 -1.733544218812497401e-06 1.544586373429890411e-06 7.330082178436973990e-07 5.012138974608000221e-06 8.959875737994919758e-06
8.375000000000000000e+02 8.389668549080476237e-06 5.060954091845814837e-07 -1.411175875721502644e-06 1.263121400486166783e-06 1.178525384512242927e-07 4.187685228844037773e-06 6.920237589205340396e-06
8.400000000000000000e+02 1.068761580169450603e-05 -2.589886065685220993e-07 -1.679308898532524366e-06 1.479500178136827787e-06 6.866609049365079816e-07 4.938599011338087633e-06 8.552857495584709771e-06
8.425000000000000000e+02 7.841733895614666031e-06 4.980389855377964670e-07 -1.410086313263497830e-06 1.225425475322250434e-06 1.170883605565432147e-07 4.089095789859906391e-06 6.578127580398411534e-06
8.450000000000000000e+02 9.975309909230389011e-06 -2.151087303843724050e-07 -1.628925097644202932e-06 1.417990165932803103e-06 6.430826412038351536e-07 4.868671182415137981e-06 8.130985628789165048e-06
8.475000000000000000e+02 7.263249070673438303e-06 4.873631424500146357e-07 -1.403583717904212233e-06 1.186887983001305646e-06 1.163419544197665023e-07 3.995732575771010711e-06 6.222934814722877013e-06
8.500000000000000000e+02 9.236066236537077641e-06 -1.738939631128033547e-07 -1.582605984896288335e-06 1.358270610337974922e-06 6.025291644193022409e-07 4.801358148132878830e-06 7.697847497503966014e-06
8.525000000000000000e+02 6.665004473023295264e-06 4.736265615104429177e-07 -1.390748762204588254e-06 1.146193136013717926e-06 1.157438839881104071e-07 3.906758228440216683e-06 5.858977918738615148e-06
8.550000000000000000e+02 8.481474805988219791e-06 -1.362748072880393066e-07 -1.540383071552212545e-06 1.298705243889752858e-06 5.651972130871911963e-07 4.735652009257607402e-06 7.257916029567789920e-06
8.575000000000000000e+02 6.059082771185409169e-06 4.564027655145963467e-07 -1.370874261259361691e-06 1.102211772620620342e-06 1.154213706424088757e-07 3.821317795041427128e-06 5.491306169423728320e-06
8.600000000000000000e+02 7.724623748621617023e-06 -1.030023726483975116e-07 -1.502096468476957354e-06 1.237891663191081924e-06 5.312000598289577879e-07 4.670522691962141175e-06 6.816519051887420802e-06
8.625000000000000000e+02 5.458617715686386923e-06 4.353588479579784362e-07 -1.343501189764012818e-06 1.054053698027068804e-06 1.154858578430194305e-07 3.738545305034289367e-06 5.125608359373872759e-06
8.650000000000000000e+02 6.979948170049610623e-06 -7.467197884825082991e-08 -1.467396414208410590e-06 1.174765763865881508e-06 5.005641860523534335e-07 4.604906076999592229e-06 6.379810005457541862e-06
8.675000000000000000e+02 4.877497457510138173e-06 4.103407814993076396e-07 -1.308390561204519283e-06 1.001138729346706704e-06 1.160664842482240745e-07 3.657565806812895595e-06 4.768100996834870342e-06
8.700000000000000000e+02 6.262963021535128748e-06 -5.172165137974360700e-08 -1.435822287811267762e-06 1.108617449395588045e-06 4.732477583507411490e-07 4.537700613110333011e-06 5.954640542020524902e-06
8.725000000000000000e+02 4.330106344141526910e-06 3.814537066183731883e-07 -1.265556275351712324e-06 9.432348142137669777e-07 1.172600509824804922e-07 3.577498086519494298e-06 4.425419622437394516e-06
8.750000000000000000e+02 5.590006003037473286e-06 -3.443912704508278499e-08 -1.406823933367127287e-06 1.039218354522297690e-06 4.491986017827711314e-07 4.467771504401293499e-06 5.548497930980532343e-06
8.775000000000000000e+02 3.831044018214413310e-06 3.490983059707630881e-07 -1.215223360671496444e-06 8.805559886909009488e-07 1.191012377606406175e-07 3.497442653023911950e-06 4.104521329964612999e-06
8.800000000000000000e+02 4.977876241536271719e-06 -2.292359787432474048e-08 -1.379808924708439596e-06 9.667501583416005941e-07 4.282938855559208423e-07 4.393947235231054399e-06 5.169286817554463250e-06
8.825000000000000000e+02 3.394784078871282374e-06 3.140098761564402795e-07 -1.157840437483827331e-06 8.137563522651270341e-07 1.215993988793406801e-07 3.416480905981052940e-06 3.812510668558730962e-06
8.850000000000000000e+02 4.443405009920376210e-06 -1.702311178046755808e-08 -1.354181365228448963e-06 8.918499158953707798e-07 4.103756231482355870e-07 4.315044543046040146e-06 4.825149734430894097e-06
8.875000000000000000e+02 3.035354080777885475e-06 2.772161847882870480e-07 -1.094057196127982427e-06 7.439511448313673991e-07 1.247200039330943323e-07 3.333687642055552879e-06 3.556496433832402823e-06
8.900000000000000000e+02 4.003016397450665276e-06 -1.631033010536242610e-08 -1.329361714386930537e-06 8.155897651153764826e-07 3.952223037348678957e-07 4.229891189749368413e-06 4.524248676157705456e-06
8.925000000000000000e+02 2.765950009603379362e-06 2.400027663112425278e-07 -1.024731833942497237e-06 6.726809192074689256e-07 1.284051490120081233e-07 3.248155076704679924e-06 3.343393002757764000e-06
8.950000000000000000e+02 3.672154503370350750e-06 -2.017823792108686057e-08 -1.304797483592339946e-06 7.394916948830320762e-07 3.825716375213519815e-07 4.137362666805031410e-06 4.274504432529207012e-06
8.975000000000000000e+02 2.598488746374094457e-06 2.038720775928482087e-07 -9.509443397642340810e-07 6.018531248518144574e-07 1.325829614552973426e-07 3.159000527607638629e-06 3.179671199416773719e-06
9.000000000000000000e+02 3.464725261774859061e-06 -2.779164178008386315e-08 -1.279993046063959458e-06 6.654126245036806942e-07 3.721720462784433809e-07 4.036435110355196174e-06 4.083286498316867700e-06
9.025000000000000000e+02 2.543168002401685715e-06 1.704711059131724846e-07 -8.739222068638875147e-07 5.336950941923213311e-07 1.371218798210237813e-07 3.065404537710844615e-06 3.071133817152425565e-06
9.050000000000000000e+02 3.392535534848839313e-06 -3.811908037238964874e-08 -1.254492750655494209e-06 5.954365010017781371e-07 3.636937646637774138e-07 3.926231255640304577e-06 3.957101645745461543e-06
9.075000000000000000e+02 2.608000635769869233e-06 1.415033721880121109e-07 -7.950560348192797936e-07 4.706472921845339290e-07 1.418936701535361903e-07 2.966660147521813239e-06 3.022654037738108227e-06
9.100000000000000000e+02 3.464701552851501219e-06 -5.001935892678943827e-08 -1.227897544261243716e-06 5.317953541172925883e-07 3.567752992485479378e-07 3.806077124415622440e-06 3.901287015692208282e-06
9.125000000000000000e+02 2.798309342021809580e-06 1.186460081077811359e-07 -7.158141923763386591e-07 4.151867553013666286e-07 1.467166713964915703e-07 2.862216929800601347e-06 3.037856513561888910e-06
9.150000000000000000e+02 3.687023564214087102e-06 -6.230102717257323717e-08 -1.199883913950175224e-06 4.767013657009044663e-07 3.510594887187124491e-07 3.675571960304229611e-06 3.919648445109610299e-06
9.175000000000000000e+02 3.116302414963456561e-06 1.034301733593423451e-07 -6.377479697852484526e-07 3.697037724482044199e-07 1.513912379380330270e-07 2.751748350533052343e-06 3.118877268972356583e-06
9.200000000000000000e+02 4.061493249266234699e-06 -7.381403502364492107e-08 -1.170160593547724033e-06 4.322294284256678210e-07 3.461694015079806732e-07 3.534641474697601405e-06 4.014182076194751750e-06
9.225000000000000000e+02 3.560685283056486230e-06 9.715819293347748747e-08 -5.624691070917769429e-07 3.363381382508911870e-07 1.557240981722558860e-07 2.635206356828966966e-06 3.266114889068172244e-06
9.250000000000000000e+02 4.585881464797125869e-06 -8.352798863473509890e-08 -1.138510005289419472e-06 4.001643858022596619e-07 3.417255044441952738e-07 3.383598245375399897e-06 4.184822047987392423e-06
9.275000000000000000e+02 4.126342393796278450e-06 1.008134209824262991e-07 -4.915570104936794905e-07 3.168200962908151883e-07 1.595217148824983082e-07 2.512876508866383440e-06 3.478019499476738618e-06
9.300000000000000000e+02 5.253397644357526567e-06 -9.060322810601206349e-08 -1.104801751729512730e-06 3.818484423034895833e-07 3.373654810885914157e-07 3.223187822902615659e-06 4.429216954781815825e-06
9.325000000000000000e+02 4.804163152154217435e-06 1.149752774889378784e-07 -4.265009081607162158e-07 3.123325984125458014e-07 1.625747451379090734e-07 2.385429335393520777e-06 3.750962542980142086e-06
9.350000000000000000e+02 6.052498925338234111e-06 -9.444220935961311519e-08 -1.068978484917572515e-06 3.780463230881103553e-07 3.327321050731895774e-07 3.054611859794310944e-06 4.742578554110327785e-06
9.375000000000000000e+02 5.581032053230039461e-06 1.397529077117099057e-07 -3.686807822118057974e-07 3.233982423277659365e-07 1.646939997847580546e-07 2.253959350949042044e-06 4.079194823253424012e-06
9.400000000000000000e+02 6.966921747420507346e-06 -9.473973335776264025e-08 -1.031079141918543703e-06 3.888767572676421494e-07 3.274988763965674720e-07 2.879532325192461523e-06 5.117665414940305085e-06
9.425000000000000000e+02 6.439910609283217118e-06 1.747531862516638015e-07 -3.192462073516372133e-07 3.497911242887674665e-07 1.656981880686834396e-07 2.120001094328421755e-06 4.454851413950203408e-06
9.450000000000000000e+02 7.975892399178974892e-06 -9.150939339317432268e-08 -9.912608186880828733e-07 4.137482057703145885e-07 3.213843550447115921e-07 2.700059843414081279e-06 5.544850224181685089e-06
9.475000000000000000e+02 7.360155885116981411e-06 2.190645042809080584e-07 -2.790729596149739351e-07 3.905018962350403717e-07 1.654243987148447744e-07 1.985521591641569391e-06 4.868089686496795084e-06
9.500000000000000000e+02 9.054550567064190305e-06 -8.509027995486917089e-08 -9.498317002709552537e-07 4.513479835304145898e-07 3.141674492145470639e-07 2.518706622255808405e-06 6.012302586425207020e-06
9.525000000000000000e+02 8.318001699730182363e-06 2.712765282808504856e-07 -2.486992131558649686e-07 4.437497543070101564e-07 1.637372778735325894e-07 1.852890867312622165e-06 5.307321160674907051e-06
9.550000000000000000e+02 1.017457676314421715e-05 -7.612226105546681976e-08 -9.072591044532082257e-07 4.996748110181137552e-07 3.056909349512196736e-07 2.338314621758909452e-06 6.506283097960620763e-06
9.575000000000000000e+02 9.287208137925873050e-06 3.295223319055296122e-07 -2.282574987814308645e-07 5.070395584669817616e-07 1.605404041518293488e-07 1.724828070363408005e-06 5.759537883378130721e-06
9.600000000000000000e+02 1.130504055715775292e-05 -6.550960527267335778e-08 -8.641935774159394628e-07 5.561215178477851952e-07 2.958686621643223060e-07 2.161959533422420695e-06 7.011560804213979618e-06
9.625000000000000000e+02 1.023987882583412475e-05 3.915562127188465450e-07 -2.174292623840218735e-07 5.772694156608082828e-07 1.557921737104242563e-07 1.604320679961986525e-06 6.210734460728459935e-06
9.650000000000000000e+02 1.241340569853299690e-05 -5.435051157647308211e-08 -8.214810777665476223e-07 6.175964910443809277e-07 2.846775493490145608e-07 1.992833508864152123e-06 7.511917849220765454e-06
9.675000000000000000e+02 1.114741168738362454e-05 4.548458154072676678e-07 -2.154145086185799448e-07 6.508756612970679001e-07 1.495413902197932053e-07 1.494521830115561591e-06 6.646404589398126696e-06
9.700000000000000000e+02 1.346667917244808170e-05 -4.385125076478146914e-08 -7.801586847220592809e-07 6.806785741522603065e-07 2.721384573591417726e-07 1.834112101537809913e-06 7.990734924069076861e-06
9.725000000000000000e+02 1.198158160289413195e-05 5.166734132522776192e-07 -2.209379048544745407e-07 7.240150979992421171e-07 1.419674706469257289e-07 1.398629499527252817e-06 7.052113100210313494e-06
9.750000000000000000e+02 1.443265440764420688e-05 -3.521392100331866003e-08 -7.414348726503091023e-07 7.417982584195570900e-07 2.582748570002156086e-07 1.688812884518124309e-06 8.431632775290943824e-06
9.775000000000000000e+02 1.271570323969388735e-05 5.742386711384383589e-07 -2.322908784714371834e-07 7.927771145049611753e-07 1.334501428822177491e-07 1.319752646295719543e-06 7.414116500247283661e-06
9.800000000000000000e+02 1.528117032561784208e-05 -2.950451214847049772e-08 -7.066278220839109574e-07 7.974233253543516748e-07 2.430418731853492874e-07 1.559656204088704280e-06 8.819124927530447904e-06
9.825000000000000000e+02 1.332586314473385230e-05 6.247194186789429164e-07 -2.474473095917445637e-07 8.534263148110454910e-07 1.246961712666099252e-07 1.260772718520901115e-06 7.720031089032898975e-06
9.850000000000000000e+02 1.598537296499049582e-05 -2.750342892134938362e-08 -6.770643644962579200e-07 8.442393833146155981e-07 2.262037472940750565e-07 1.448941478406414790e-06 9.139276913355762628e-06
9.875000000000000000e+02 1.379221015296483515e-05 6.652672208618426844e-07 -2.642819832248236951e-07 9.026936265230211560e-07 1.169411567103447903e-07 1.224209142174624299e-06 7.959556460831240039e-06
9.900000000000000000e+02 1.652279014226731813e-05 -2.951955457231036980e-08 -6.538682306351698400e-07 8.792966635036591946e-07 2.071094714824578633e-07 1.358455794235392725e-06 9.380271300003184285e-06
9.925000000000000000e+02 1.410031070044972513e-05 6.928412800093042201e-07 -2.809804817492208282e-07 9.382148089638775481e-07 1.123854066212022512e-07 1.212102516608280435e-06 8.125314013010940975e-06
9.950000000000000000e+02 1.687787928476378532e-05 -3.536477532914972124e-08 -6.374430876303908744e-07 9.001740413510539044e-07 1.845005741058695450e-07 1.289441843114473273e-06 9.533747584614657623e-06
9.975000000000000000e+02 1.424914104047427776e-05 7.035214338969808384e-07 -2.969521411702192180e-07 9.583459217767042537e-07 1.127191612367947640e-07 1.225860097674007808e-06 8.216673529962494171e-06
1.000000000000000000e+03 1.702119960504422266e-05 -4.132824605651563658e-08 -6.258890583771613505e-07 9.042407824501274765e-07 1.530703720051790304e-07 1.242596190372515051e-06 9.584018288933432331e-06
