z Tu Tv Tw
0.000000000000000000e+00 1.393800630467012532e-14 1.458602127968333632e-14 1.188979470434503599e-18
2.500000000000000000e+00 2.741558091656770594e-14 2.880824467865750354e-14 -1.873501354054951761e-20
5.000000000000000000e+00 2.602291715447790834e-14 2.722799763432703806e-14 -4.035415563177508959e-18
7.500000000000000000e+00 3.222453415219206133e-14 3.058175934711471392e-14 -9.768031328642077993e-19
1.000000000000000000e+01 -1.625380718905944344e-13 -1.616797362657962396e-13 -5.333407326890693430e-19
1.250000000000000000e+01 3.009290594491176203e-14 2.909246177296154387e-14 -1.494331396260418761e-18
1.500000000000000000e+01 2.877413862734101618e-14 3.005879989359528098e-14 1.263746052249104031e-18
1.750000000000000000e+01 3.504965206957422407e-14 3.152536010020412402e-14 -4.070340616241111186e-18
2.000000000000000000e+01 2.919477992691099334e-14 2.983142621815204872e-14 -5.976556055609095087e-19
2.250000000000000000e+01 3.218474375898950010e-14 2.999058779096230625e-14 2.384429616135495842e-18
2.500000000000000000e+01 3.153672878397628437e-14 2.975184543174691364e-14 6.030373546926088643e-18
2.750000000000000000e+01 3.368541001691483050e-14 3.192326403222978047e-14 -5.405698751378475009e-18
3.000000000000000000e+01 3.163904693792574015e-14 3.342393029015511088e-14 3.305397110034264590e-18
3.250000000000000000e+01 3.088871380896307495e-14 3.172999640810303558e-14 6.332090485452782072e-18
3.500000000000000000e+01 3.238938006688840535e-14 3.124114300590008369e-14 -1.296043686997650015e-17
3.750000000000000000e+01 3.185505192959681206e-14 2.657998265931382864e-14 -6.984333791043985282e-18
4.000000000000000000e+01 3.213926902390085238e-14 2.726210368564352543e-14 1.423672689850103426e-17
4.250000000000000000e+01 3.240074875066056570e-14 3.212790034012869203e-14 -2.578395534139256418e-18
4.500000000000000000e+01 2.976321411551907399e-14 3.060449671465903462e-14 -5.766887263787938328e-19
4.750000000000000000e+01 3.059312803088687427e-14 3.087734512519091460e-14 3.720487805474919618e-18
5.000000000000000000e+01 2.721662895055487771e-14 2.831939127645455166e-14 -4.125014915464094225e-18
5.250000000000000000e+01 3.313971319585107055e-14 3.105924406554549914e-14 5.682145910813397368e-18
5.500000000000000000e+01 2.979732016683556135e-14 3.213926902390085238e-14 7.017470874022963595e-19
5.750000000000000000e+01 3.660716174636036254e-14 2.980868885060772171e-14 9.924001544300228796e-18
6.000000000000000000e+01 3.034301698789932131e-14 2.929709808086044912e-14 -1.284292653402777844e-17
6.250000000000000000e+01 2.986553226946852977e-14 3.050217856070957884e-14 8.902152512410256125e-18
6.500000000000000000e+01 3.556124283932149666e-14 3.276454663136974110e-14 1.282577712248935133e-17
6.750000000000000000e+01 3.519744495861232125e-14 3.285549610154703022e-14 2.960268280927940491e-18
7.000000000000000000e+01 3.086597644141875425e-14 2.958131517516448944e-14 -3.635634898261224572e-18
7.250000000000000000e+01 3.353761712787672701e-14 2.911519914050586457e-14 -2.117024671055366826e-18
7.500000000000000000e+01 -1.859120857261586907e-13 -1.814214556361548725e-13 2.894143381200443328e-18
7.750000000000000000e+01 -1.845705810410436178e-13 -1.805119609343819434e-13 3.331076167174342718e-18
8.000000000000000000e+01 4.766206984641030575e-13 4.612616066879126816e-13 3.272230180393551545e-18
8.250000000000000000e+01 3.644800017355009869e-14 3.449258656473830377e-14 -6.414480578197885958e-18
8.500000000000000000e+01 3.608420229284092960e-14 4.018829713459126434e-14 -2.309959098011647094e-17
8.750000000000000000e+01 -4.070670911460183567e-13 -3.986997398897074296e-13 -1.328712046229641227e-17
9.000000000000000000e+01 9.061977834790014080e-14 8.820961738820188135e-14 -7.364883713740360781e-19
9.250000000000000000e+01 3.319655661471187861e-14 2.985416358569636942e-14 1.661580973694750753e-17
9.500000000000000000e+01 3.698232831084169198e-14 3.504965206957422407e-14 7.242141472990385915e-19
9.750000000000000000e+01 3.499280865071341600e-14 3.182094587828032469e-14 -2.064783207952086990e-19
1.000000000000000000e+02 3.529976311256177703e-14 3.778950485866516525e-14 -9.133026685392161951e-18
1.025000000000000000e+02 2.073420546366833250e-13 1.994635567825753183e-13 -4.353214704337775077e-18
1.050000000000000000e+02 9.223413144354708733e-14 8.650431482237763939e-14 -1.838761176917046086e-17
1.075000000000000000e+02 3.627746991696767449e-14 3.186642061336897241e-14 2.420632410459097620e-18
1.100000000000000000e+02 3.606146492529660258e-14 3.024069883394986553e-14 -2.938995798048719992e-19
1.125000000000000000e+02 2.908109308918938352e-14 2.764863893389701838e-14 -5.205234811517174739e-18
1.150000000000000000e+02 -1.951889316842425720e-13 -1.841499397414736343e-13 -1.147516710597031962e-17
1.175000000000000000e+02 3.356035449542105402e-14 3.320792529848404528e-14 1.279834368409147538e-18
1.200000000000000000e+02 2.135038812411948915e-13 1.970420271391049111e-13 1.391217264245489134e-17
1.225000000000000000e+02 3.321929398225620563e-14 3.336708687129430281e-14 2.423091839442877543e-18
1.250000000000000000e+02 2.635715645737946052e-13 2.495426087989471671e-13 1.222450428787348302e-17
1.275000000000000000e+02 4.094999894732609620e-14 3.813056537183001364e-14 1.378348213069992327e-17
1.300000000000000000e+02 3.703917172970250005e-14 3.428795025683939221e-14 -1.271525277084419188e-17
1.325000000000000000e+02 3.122977432212792334e-14 2.943352228612639226e-14 -2.987780443593638704e-18
1.350000000000000000e+02 3.299192030681297337e-14 3.443574314587749570e-14 1.922180895715133503e-17
1.375000000000000000e+02 -1.970875018741935525e-13 -1.818307282519526703e-13 -9.933558413226796770e-18
1.400000000000000000e+02 4.010871634818613557e-14 3.726654540514573231e-14 8.407817404082019641e-18
1.425000000000000000e+02 3.452669261605479113e-14 3.100240064668469108e-14 1.173521484893292187e-17
1.450000000000000000e+02 9.283667168347164904e-14 8.567440090700984542e-14 6.157514693807206625e-18
1.475000000000000000e+02 4.073399395565502429e-14 3.498143996694124934e-14 1.485345939995233908e-17
1.500000000000000000e+02 2.748606675595510706e-13 2.526235221012030008e-13 1.309500004379626173e-17
1.525000000000000000e+02 -2.088427208946086428e-13 -1.867647370090708180e-13 1.308247810692107259e-17
1.550000000000000000e+02 3.268496584496460603e-14 2.713704816414974579e-14 -8.861203781895277644e-18
1.575000000000000000e+02 3.527702574501745633e-14 3.381046553840860698e-14 -1.799931953057005020e-17
1.600000000000000000e+02 -2.080923877656459839e-13 -1.888906808744650308e-13 1.158077110609060397e-17
1.625000000000000000e+02 3.913100954378023811e-14 3.448121788096614342e-14 9.566262090494979694e-18
1.650000000000000000e+02 3.411742000025696801e-14 3.324203134980052633e-14 7.672479771303709584e-18
1.675000000000000000e+02 3.951754479203373422e-14 3.828972694464027748e-14 1.614076880235727056e-17
1.700000000000000000e+02 -2.649017005751374925e-13 -2.441083779558539640e-13 -7.784508567944990510e-18
1.725000000000000000e+02 3.952891347580589457e-14 3.410605131648480766e-14 -3.732736348238875188e-18
1.750000000000000000e+02 3.688001015689224251e-14 3.527702574501745633e-14 -3.775737790640503304e-18
1.775000000000000000e+02 3.438003659539390115e-13 3.119339453405700391e-13 1.726710902299550474e-17
1.800000000000000000e+02 4.414459908730350190e-14 3.406057658139615995e-14 -1.739284430760416402e-18
1.825000000000000000e+02 3.697095962706953163e-14 3.479954102658666479e-14 1.982270649198235593e-17
1.850000000000000000e+02 3.271907189628109339e-14 3.226432454539462887e-14 1.853792950368449891e-17
1.875000000000000000e+02 3.184368324582465171e-14 3.127524905721657105e-14 6.355839838749870886e-18
1.900000000000000000e+02 4.181401891401037754e-14 3.581135388230904962e-14 5.352580552926504503e-19
1.925000000000000000e+02 3.527702574501745633e-14 3.559534889063797771e-14 -2.299983559823667626e-17
1.950000000000000000e+02 3.053628461202606620e-14 3.088871380896307495e-14 2.569708285550796181e-17
1.975000000000000000e+02 -2.101955942634958760e-13 -1.895159584819339258e-13 1.574542928669339757e-17
2.000000000000000000e+02 3.774403012357652384e-14 4.010871634818613557e-14 -5.368518672277899233e-18
2.025000000000000000e+02 3.948343874071724686e-14 3.363993528182618279e-14 -1.111422800257760990e-17
2.050000000000000000e+02 -2.122533260262571267e-13 -1.883449840534012835e-13 -7.378965645752886439e-18
2.075000000000000000e+02 -1.514763425802812013e-13 -1.328771759290248225e-13 -1.631804474346366327e-17
2.100000000000000000e+02 -2.111960384354460879e-13 -1.882881406345404565e-13 1.318777478429750514e-19
2.125000000000000000e+02 3.832383299595676485e-14 2.892193151637911967e-14 1.945642859997641615e-17
2.150000000000000000e+02 3.943796400562859914e-14 3.046807250939309779e-14 2.395002366218767564e-17
2.175000000000000000e+02 -2.176989255531225406e-13 -1.934949978021904778e-13 1.973980882466977562e-17
2.200000000000000000e+02 4.298499334254301990e-14 3.312834451207891020e-14 -2.261818049821814948e-18
2.225000000000000000e+02 3.802824721788056417e-14 3.062723408220335532e-14 1.258358540303105275e-17
2.250000000000000000e+02 4.264393282937817150e-14 3.547029336914420123e-14 1.999844321011095318e-17
2.275000000000000000e+02 3.701643436215817934e-14 3.424247552175075080e-14 7.298601543321052204e-18
2.300000000000000000e+02 -2.114006747433449994e-13 -1.895500645332504069e-13 -3.077613376597434471e-17
2.325000000000000000e+02 2.939373189292382598e-13 2.633555595821235333e-13 9.201520119030956380e-18
2.350000000000000000e+02 4.293951860745437218e-14 3.959712557843886299e-14 -1.135456893225733181e-17
2.375000000000000000e+02 3.958575689466670264e-14 3.404920789762399959e-14 -1.494536158402134713e-17
2.400000000000000000e+02 3.631157596828416186e-14 3.443574314587749570e-14 1.061715632022115548e-17
2.425000000000000000e+02 4.242792783770709959e-14 3.636841938714496992e-14 5.520112801401900731e-18
2.450000000000000000e+02 4.467892722459510151e-14 3.648210622486658605e-14 -9.841165198864308262e-19
2.475000000000000000e+02 -2.211095306847710246e-13 -1.918920133903156916e-13 1.562588714353190240e-17
2.500000000000000000e+02 3.631157596828416186e-14 2.996785042341798555e-14 -5.991510911983791601e-20
2.525000000000000000e+02 3.742570697795599615e-14 3.673221726785413902e-14 -1.227475946599464239e-18
2.550000000000000000e+02 -2.174374458263628273e-13 -1.866396814875770289e-13 1.244336278498486301e-17
2.575000000000000000e+02 3.099103196291253073e-14 2.722799763432703806e-14 -2.078528952246635296e-17
2.600000000000000000e+02 3.738023224286734844e-14 3.167315298924222751e-14 1.287177627801878396e-17
2.625000000000000000e+02 4.210960469208657821e-14 3.826698957709595678e-14 7.014956753180570808e-18
2.650000000000000000e+02 -2.177102942368947010e-13 -1.885950950963888364e-13 9.611739396635670597e-18
2.675000000000000000e+02 3.119566827081143598e-14 2.479509930708445476e-14 -5.562241519949938032e-18
2.700000000000000000e+02 3.540208126651123281e-14 3.128661774098873140e-14 4.668480534892617195e-18
2.725000000000000000e+02 3.983586793765425560e-14 3.766444933717138876e-14 1.780188615018606154e-17
2.750000000000000000e+02 3.838067641481757291e-14 3.373088475200347821e-14 -1.490267083032692194e-17
2.775000000000000000e+02 3.715285856742411618e-14 3.451532393228262447e-14 -1.163048389096532814e-17
2.800000000000000000e+02 -4.193452696199528988e-13 -3.570448825485073096e-13 -2.170952706193852084e-17
2.825000000000000000e+02 3.083755473198834706e-13 2.631281859066802758e-13 1.553270318305042820e-17
2.850000000000000000e+02 4.242792783770709959e-14 3.458353603491559920e-14 -1.196937253917915971e-17
2.875000000000000000e+02 3.560671757441013806e-14 3.266222847742028532e-14 -6.041541580051813101e-18
2.900000000000000000e+02 2.984393177030142637e-13 2.533738552301656345e-13 -1.048438874573824362e-17
2.925000000000000000e+02 3.949480742448940721e-14 3.575451046344824155e-14 1.483791471946400975e-17
2.950000000000000000e+02 4.764615368912927494e-14 3.833520167972892520e-14 -1.420836146544995554e-17
2.975000000000000000e+02 4.105231710127554567e-14 3.474269760772585673e-14 1.107759694326735644e-17
3.000000000000000000e+02 3.029754225281067359e-14 2.497699824743904246e-14 -3.084320145423485795e-17
3.025000000000000000e+02 -4.238813744450453584e-13 -3.546915650076698393e-13 -5.647657536978324114e-17
3.050000000000000000e+02 4.347384674474597178e-14 3.448121788096614342e-14 -9.622227075281282061e-17
3.075000000000000000e+02 4.413323040353134155e-14 3.374225343577563857e-14 -1.607724959451664624e-16
3.100000000000000000e+02 3.313971319585107055e-14 2.621618477860465639e-14 -2.695122716964239796e-16
3.125000000000000000e+02 3.366267264937050349e-14 2.469278115313500213e-14 -3.806235210034381391e-16
3.150000000000000000e+02 4.494040695135481482e-14 3.773266143980435718e-14 -5.924567865147553807e-16
3.175000000000000000e+02 4.573621481540612773e-14 3.658442437881603552e-14 -7.700431014680058715e-16
3.200000000000000000e+02 3.515197022352367354e-14 3.410605131648480766e-14 -1.100134104180196658e-15
3.225000000000000000e+02 -2.284537004015874190e-13 -1.889475242933258325e-13 -1.518202848994424783e-15
3.250000000000000000e+02 1.081275513570289997e-13 9.090399544220417481e-14 -2.175780934474939561e-15
3.275000000000000000e+02 4.524736141320318216e-14 3.126388037344441070e-14 -3.046507255364960954e-15
3.300000000000000000e+02 3.772129275603219683e-14 2.611386662465520061e-14 -4.185575035573810887e-15
3.325000000000000000e+02 4.807816367247141876e-14 2.962678991025313716e-14 -5.700461126729505882e-15
3.350000000000000000e+02 -1.836042429204098933e-14 -2.037268131971359232e-14 -7.616267391174661103e-15
3.375000000000000000e+02 5.654783308273181419e-14 3.443574314587749570e-14 -9.921274422167085691e-15
3.400000000000000000e+02 4.788489604834467387e-14 2.775095708784647416e-14 -1.269386725458907547e-14
3.425000000000000000e+02 3.863192432618234191e-13 2.991441760968882559e-13 -1.599868362790417329e-14
3.450000000000000000e+02 -2.128558662661817010e-13 -1.965418050531297800e-13 -1.998080580547367283e-14
3.475000000000000000e+02 -1.861053533502854545e-14 -4.171170076006092176e-14 -2.479132229871230081e-14
3.500000000000000000e+02 6.499476512544788261e-14 1.634816726436838634e-14 -3.065193858658256021e-14
3.525000000000000000e+02 -1.957118911377619986e-13 -2.015212885453365690e-13 -3.779841832553928788e-14
3.550000000000000000e+02 7.723883754806593105e-14 7.878497854107990916e-15 -4.634965778405444950e-14
3.575000000000000000e+02 9.115410648519172778e-14 1.174385033664293621e-14 -5.661565809932393219e-14
3.600000000000000000e+02 -1.709850039333105091e-13 -2.184037839469965581e-13 -6.897161583094291234e-14
3.625000000000000000e+02 1.128455551224760754e-13 -1.286935003008693401e-14 -8.377243894464479913e-14
3.650000000000000000e+02 1.351281753159128244e-13 -8.969891496235504509e-15 -1.015651459417247935e-13
3.675000000000000000e+02 1.574107955093495608e-13 -2.148681232938542977e-14 -1.229975907899424885e-13
3.700000000000000000e+02 1.885041456262115284e-13 -2.449951352900825408e-14 -1.487263804696454585e-13
3.725000000000000000e+02 2.048523128905799305e-13 -4.673665898735635221e-14 -1.795634839841049430e-13
3.750000000000000000e+02 5.088509169581812116e-13 1.648800207476597191e-13 -2.159110450330481155e-13
3.775000000000000000e+02 2.912770469265524348e-13 -5.572928785113618058e-14 -2.581210215005290651e-13
3.800000000000000000e+02 3.264631232013925831e-13 -6.592699719476513235e-14 -3.067356032745689363e-13
3.825000000000000000e+02 3.782588464673608468e-13 -6.190248313941992638e-14 -3.621951775997407704e-13
3.850000000000000000e+02 6.794152795919217625e-13 1.437456376152113044e-13 -4.250046160803728684e-13
3.875000000000000000e+02 6.852360456832684680e-13 1.035914465319365274e-13 -4.961593831240131444e-13
3.900000000000000000e+02 4.554863153316546175e-13 -1.282614903175272152e-13 -5.775063936953628306e-13
3.925000000000000000e+02 7.996391104825306251e-13 8.820961738820188135e-14 -6.713737257846566683e-13
3.950000000000000000e+02 5.842480277351569386e-13 -1.639932634134311108e-13 -7.801122313907763767e-13
3.975000000000000000e+02 6.415234565793070973e-13 -1.932107807078864438e-13 -9.064223802979024430e-13
4.000000000000000000e+02 7.347807695623486793e-13 -2.119691089319530927e-13 -1.053268610633232305e-12
4.025000000000000000e+02 8.118945515889208465e-13 -2.562842382758390377e-13 -1.223586143772548179e-12
4.050000000000000000e+02 6.193658919073641753e-13 -5.456286089611240109e-13 -1.421100536419294972e-12
4.075000000000000000e+02 1.047806108545046264e-12 -3.549416760506574175e-13 -1.652900364802907340e-12
4.100000000000000000e+02 1.277066985494457194e-12 -3.523950908856931960e-13 -1.930364177769188900e-12
4.125000000000000000e+02 1.531964244350092568e-12 -3.506670509523246207e-13 -2.268374652498614772e-12
4.150000000000000000e+02 1.239993707713438175e-12 -8.054712452576495667e-13 -2.684952938466098351e-12
4.175000000000000000e+02 2.066803972411435118e-12 -4.946969056618399844e-13 -3.197419423935799419e-12
4.200000000000000000e+02 2.413787569821579331e-12 -7.181142791523598378e-13 -3.812179452947024504e-12
4.225000000000000000e+02 2.895501438615610932e-12 -1.018486273096641563e-12 -4.528707910949796084e-12
4.250000000000000000e+02 3.319325969641795262e-12 -1.493276613473426526e-12 -5.344919553322925028e-12
4.275000000000000000e+02 4.282333065930288254e-12 -1.603996224730508427e-12 -6.254884279453175038e-12
4.300000000000000000e+02 4.875744252785807799e-12 -2.102603957609972178e-12 -7.256198221051267053e-12
4.325000000000000000e+02 5.902495558984810568e-12 -2.453066372254397811e-12 -8.351316099568291866e-12
4.350000000000000000e+02 7.292146619874983455e-12 -2.668173237907467413e-12 -9.558312650160323402e-12
4.375000000000000000e+02 8.317601896123961206e-12 -3.294724137958837536e-12 -1.090192468043916603e-11
4.400000000000000000e+02 9.746815976541257163e-12 -3.819809535343665950e-12 -1.240774849241342401e-11
4.425000000000000000e+02 1.180177378046209923e-11 -4.110802365175913897e-12 -1.409736474545909584e-11
4.450000000000000000e+02 1.404474687660695033e-11 -4.535172593023162731e-12 -1.599571677531962754e-11
4.475000000000000000e+02 1.651567345106741520e-11 -5.161859917279798879e-12 -1.814387652075169008e-11
4.500000000000000000e+02 1.913919049911783050e-11 -6.114373718446586529e-12 -2.059844449017073132e-11
4.525000000000000000e+02 2.209701506217243190e-11 -7.325365913857240594e-12 -2.343356413972492170e-11
4.550000000000000000e+02 2.611927811813075159e-11 -8.322467692778446341e-12 -2.673032538777778105e-11
4.575000000000000000e+02 2.965521161968354394e-11 -1.045453927872586138e-11 -3.058193694059337427e-11
4.600000000000000000e+02 3.406571522646117824e-11 -1.278239096791367110e-11 -3.511863430226473714e-11
4.625000000000000000e+02 3.931063474738038766e-11 -1.588496161275543111e-11 -4.054889404332597523e-11
4.650000000000000000e+02 4.610249106917762955e-11 -2.022821945502073641e-11 -4.725142044070996935e-11
4.675000000000000000e+02 5.721213938159052947e-11 -2.486316361682838787e-11 -5.576820288011807245e-11
4.700000000000000000e+02 7.191181339294416902e-11 -3.200269702574587260e-11 -6.671115311460660558e-11
4.725000000000000000e+02 9.040355735123739055e-11 -4.258024546288652503e-11 -8.076402247963489697e-11
4.750000000000000000e+02 1.115234454118763086e-10 -5.728270480176433647e-11 -9.873638835334761666e-11
4.775000000000000000e+02 1.365380398965498786e-10 -7.591740995849250230e-11 -1.213651607692787591e-10
4.800000000000000000e+02 1.709017396933631860e-10 -9.680188668426125845e-11 -1.494564914249272984e-10
4.825000000000000000e+02 2.167883963011263519e-10 -1.200702172354794968e-10 -1.840111736650499990e-10
4.850000000000000000e+02 2.750157364062033424e-10 -1.454583070881199056e-10 -2.261535566943208271e-10
4.875000000000000000e+02 3.436851557125919600e-10 -1.745162080624140767e-10 -2.767890799734739400e-10
4.900000000000000000e+02 4.220748905936489026e-10 -2.057961410173447801e-10 -3.367590878381647747e-10
4.925000000000000000e+02 5.101562692289007381e-10 -2.384457843618292570e-10 -4.064677742793439730e-10
4.950000000000000000e+02 6.046323051123181408e-10 -2.747208782238885936e-10 -4.871095514218646888e-10
4.975000000000000000e+02 6.993991974013625136e-10 -3.162439838888530957e-10 -5.790701280839372412e-10
5.000000000000000000e+02 7.955677119753090688e-10 -3.633302526395709741e-10 -6.829164291696212741e-10
5.025000000000000000e+02 8.941876558310468420e-10 -4.184493036518688372e-10 -7.992768275155801914e-10
5.050000000000000000e+02 9.929298244060191269e-10 -4.865987534685701090e-10 -9.306154243672896813e-10
5.075000000000000000e+02 1.089947784294054185e-09 -5.750114610236778352e-10 -1.078394770019489808e-09
5.100000000000000000e+02 1.186210272408061465e-09 -6.960100563446758626e-10 -1.245795531807226809e-09
5.125000000000000000e+02 1.294082494496251547e-09 -8.516540447089937016e-10 -1.434928429050203678e-09
5.150000000000000000e+02 1.434018520285462718e-09 -1.033186651966389048e-09 -1.651682407667652811e-09
5.175000000000000000e+02 1.621727869860478584e-09 -1.234434478192270129e-09 -1.901635932541030937e-09
5.200000000000000000e+02 1.877758302271104001e-09 -1.434504804365133256e-09 -2.197218576961181073e-09
5.225000000000000000e+02 2.197480932863982126e-09 -1.626984976610401574e-09 -2.546169859815594459e-09
5.250000000000000000e+02 2.561411452006723411e-09 -1.823300033265695648e-09 -2.966771361402565732e-09
5.275000000000000000e+02 2.972455934013851070e-09 -2.051272554126626311e-09 -3.462928465939457808e-09
5.300000000000000000e+02 3.446542814344866130e-09 -2.326367700788978302e-09 -4.054862701319359517e-09
5.325000000000000000e+02 4.001533682185254623e-09 -2.616998062876518928e-09 -4.741244305234409032e-09
5.350000000000000000e+02 4.655702628042490617e-09 -2.910378736942220786e-09 -5.553314426602617656e-09
5.375000000000000000e+02 5.419423189323424813e-09 -3.269772730618569728e-09 -6.488502167430534683e-09
5.400000000000000000e+02 6.352313607749238359e-09 -3.773996434119908300e-09 -7.596209334705637655e-09
5.425000000000000000e+02 7.589212327729910689e-09 -4.426650468758452809e-09 -8.860219224347474020e-09
5.450000000000000000e+02 9.252459688013914721e-09 -5.159828447176550789e-09 -1.035732763512691614e-08
5.475000000000000000e+02 1.133702351125975795e-08 -5.990247996123798410e-09 -1.205930855898689606e-08
5.500000000000000000e+02 1.375739205968784547e-08 -7.026817809219210471e-09 -1.409751211939418076e-08
5.525000000000000000e+02 1.659760303027724230e-08 -8.320151766838534190e-09 -1.640126456397966656e-08
5.550000000000000000e+02 1.999573299826806919e-08 -9.880246102511592146e-09 -1.916943886501459823e-08
5.575000000000000000e+02 2.415840227740772997e-08 -1.173127428728548692e-08 -2.223137910356311268e-08
5.600000000000000000e+02 2.921417611787546664e-08 -1.369463903984069457e-08 -2.589976564119599171e-08
5.625000000000000000e+02 3.539097239126931398e-08 -1.562889774504583352e-08 -2.988049742468530944e-08
5.650000000000000000e+02 4.279483306390830178e-08 -1.759238775775884164e-08 -3.469597401602637963e-08
5.675000000000000000e+02 5.175691452450337182e-08 -1.976141433033262583e-08 -3.984295445718793916e-08
5.700000000000000000e+02 6.224311537152971118e-08 -2.242223488337913335e-08 -4.623912597209248301e-08
5.725000000000000000e+02 7.485345356599281929e-08 -2.528878125076516812e-08 -5.302692151826285297e-08
5.750000000000000000e+02 8.955605104574714874e-08 -2.811150638990511628e-08 -6.170806351672163919e-08
5.775000000000000000e+02 1.067093643769112548e-07 -3.075649398169844323e-08 -7.069778684654359393e-08
5.800000000000000000e+02 1.244643940935930066e-07 -3.426503496939403677e-08 -8.230333422727733604e-08
5.825000000000000000e+02 1.422170290197755011e-07 -3.873839787047472636e-08 -9.368183488704940227e-08
5.850000000000000000e+02 1.582672497420389786e-07 -4.441971542519240957e-08 -1.086220307958477069e-07
5.875000000000000000e+02 1.740685791105533936e-07 -5.022981022193562167e-08 -1.225043788898622064e-07
5.900000000000000000e+02 1.869501624014446961e-07 -5.634057845327333584e-08 -1.414615487500041332e-07
5.925000000000000000e+02 1.991796968809467136e-07 -6.213315577952017066e-08 -1.582161769605128317e-07
5.950000000000000000e+02 2.075792442724377917e-07 -6.655638064785307616e-08 -1.822293818227099883e-07
5.975000000000000000e+02 2.150828459207332455e-07 -7.024639381825181528e-08 -2.024858421721648067e-07
6.000000000000000000e+02 2.161919521995514522e-07 -6.898732391391604652e-08 -2.326957331938370236e-07
6.025000000000000000e+02 2.161323413815807845e-07 -7.004324352237745618e-08 -2.573925115620684126e-07
6.050000000000000000e+02 2.046308646413308479e-07 -5.778910079925481074e-08 -2.950947883488333487e-07
6.075000000000000000e+02 1.925721997167784104e-07 -5.891268012874206968e-08 -3.262034455618942335e-07
6.100000000000000000e+02 1.600529661573091256e-07 -3.181567664114482191e-08 -3.736657492796099914e-07
6.125000000000000000e+02 1.313189685106408558e-07 -4.270071935934538271e-08 -4.150862816866607076e-07
6.150000000000000000e+02 7.234784544607464245e-08 1.322205247333840820e-08 -4.754747279330756690e-07
6.175000000000000000e+02 2.740143204391642862e-08 -2.758917455594200723e-08 -5.342254055623746554e-07
6.200000000000000000e+02 -7.550320106020081439e-08 7.834058743583227698e-08 -6.097804146961427804e-07
6.225000000000000000e+02 -1.583649071108084092e-07 -5.523665298596824952e-08 -6.985593092391661694e-07
6.250000000000000000e+02 -3.556455448915585252e-07 1.340110155183538256e-07 -7.883915375346634465e-07
6.275000000000000000e+02 -5.022842683501949119e-07 -2.462414213368901822e-07 -9.356086566426585547e-07
6.300000000000000000e+02 -8.558044021356181347e-07 1.124488955497327005e-07 -1.027807046074047483e-06
6.325000000000000000e+02 -1.054987482734759336e-06 -8.881556049118444360e-07 -1.301580526470072410e-06
6.350000000000000000e+02 -1.623091551459765380e-06 -9.860740296971925727e-08 -1.359854935866136504e-06
6.375000000000000000e+02 -1.691601454433566745e-06 -2.679506208085058624e-06 -1.925523802194165125e-06
6.400000000000000000e+02 -1.940481099086355048e-06 -7.220025090191483732e-07 -1.866482813923772711e-06
6.425000000000000000e+02 -1.317373295864854400e-06 -6.685936905319067308e-06 -3.343294660364959324e-06
6.450000000000000000e+02 6.256978449721373539e-06 -1.139619457460412365e-05 -2.187197231453985743e-06
6.475000000000000000e+02 2.127266240622702670e-05 -6.745082831400850816e-06 -9.267975163624191960e-06
6.500000000000000000e+02 1.108763737336971613e-04 -9.744970827150609605e-05 -2.952957537441060342e-05
6.525000000000000000e+02 3.261284191711410807e-05 -2.024938876022588371e-05 6.246318511581006559e-05
6.550000000000000000e+02 -1.804403178706479692e-05 -1.129788041777032983e-04 -1.412345983085844221e-05
6.575000000000000000e+02 -7.273828186180253795e-06 -4.660594430176843094e-05 -6.960907151779393900e-06
6.600000000000000000e+02 -2.964961622487862668e-05 -5.151351233291734188e-05 5.114844358312492377e-06
6.625000000000000000e+02 -5.056433779876670013e-05 -3.348656477205622713e-05 -3.537766618563853383e-06
6.650000000000000000e+02 -3.653054051476374304e-05 -5.047895985278500928e-05 -3.576181980235038111e-06
6.675000000000000000e+02 -5.112911333466172169e-05 -3.629713450242206651e-05 5.186559034273185780e-06
6.700000000000000000e+02 -2.443424934423319499e-05 -4.688662634565616541e-05 -5.491293949340405830e-06
6.725000000000000000e+02 -2.521110773648160770e-05 -2.825801742159228514e-05 1.859606896552504322e-06
6.750000000000000000e+02 7.175455893434445888e-06 -3.325631351235643090e-05 1.549522164876054873e-07
6.775000000000000000e+02 1.005196860899104645e-05 -1.619033199685873157e-05 -3.190945452396859435e-06
6.800000000000000000e+02 4.905326683059456572e-05 -2.696050167521662008e-05 3.274423920415814291e-06
6.825000000000000000e+02 4.647536365230280119e-05 -1.148015549832734937e-05 -4.336300518589880380e-06
6.850000000000000000e+02 6.750858013238030398e-05 -2.855547645489195867e-05 2.975878169918979997e-06
6.875000000000000000e+02 2.571272546750833629e-05 -1.084308505008948498e-05 -3.403082622787909133e-06
6.900000000000000000e+02 3.840500611283914967e-06 -3.157234462646556401e-05 7.599410822804964113e-07
6.925000000000000000e+02 -6.368513237227943578e-05 -1.335207993010953858e-05 -1.595841352988247642e-06
6.950000000000000000e+02 -9.270933303038191356e-05 -3.130663758920491094e-05 -1.601229509081469976e-06
6.975000000000000000e+02 -1.173970140425694764e-04 -1.650883699421683658e-05 -3.031184789594215817e-07
7.000000000000000000e+02 -9.496381635456145685e-05 -2.732377230271367918e-05 -1.159899218219359536e-06
7.025000000000000000e+02 -5.271747479387158762e-05 -1.890140265477384643e-05 -1.466309665561282844e-06
7.050000000000000000e+02 2.034410971776878929e-05 -2.479741903395051990e-05 3.146402584267352093e-06
7.075000000000000000e+02 7.125802586729150490e-05 -1.498162214238618679e-05 -6.116828325282133731e-06
7.100000000000000000e+02 1.297385883225274513e-04 -2.097515608542153292e-05 9.148764441249421182e-06
7.125000000000000000e+02 1.177964607695798752e-04 -5.873250424554044147e-06 -1.252829404577351670e-05
7.150000000000000000e+02 1.061450701084481752e-04 -1.617653325828314467e-05 1.318668769796350680e-05
7.175000000000000000e+02 3.027961539853549837e-05 -4.383250935791238492e-06 -1.621522891397230440e-05
7.200000000000000000e+02 -3.551898783597380154e-05 -1.392405021734930406e-05 1.288612858870228953e-05
7.225000000000000000e+02 -1.056173591898755174e-04 -1.228066151352322712e-05 -1.417253930919040752e-05
7.250000000000000000e+02 -1.552311843539200742e-04 -1.177620544905266827e-05 8.849639761235300318e-06
7.275000000000000000e+02 -1.495120348069008251e-04 -1.733810121437500142e-05 -8.097554242958706632e-06
7.300000000000000000e+02 -1.242754010605722295e-04 -8.285325064662175178e-06 4.084621569754118122e-06
7.325000000000000000e+02 -4.335572025796636793e-05 -1.111169638821820657e-05 -2.911424948908830839e-06
7.350000000000000000e+02 4.959018083163755112e-05 -7.893795567815687047e-06 1.789698983803256175e-06
7.375000000000000000e+02 1.266293168875336119e-04 2.639040664450931303e-06 -2.288368083825914646e-06
7.400000000000000000e+02 2.171768166762603862e-04 -1.334059287748914385e-05 3.254014091736029355e-06
7.425000000000000000e+02 2.097202762371807715e-04 1.463755157151354085e-05 -6.894436618343452446e-06
7.450000000000000000e+02 2.083209934624960632e-04 -1.716958642731469890e-05 7.424357757321220715e-06
7.475000000000000000e+02 6.141902279206306649e-05 6.364031871703446108e-06 -6.933419245678756945e-06
7.500000000000000000e+02 5.820986331821131856e-06 -1.745593880309570526e-06 1.752738679136350900e-06
7.525000000000000000e+02 -6.267092211032832385e-07 -6.867697656275595597e-07 -9.282977475582987392e-07
7.550000000000000000e+02 -4.576875040243066850e-07 7.850989787812068745e-08 1.642323994581473918e-07
7.575000000000000000e+02 -8.521098151277329015e-08 -1.500047931699555089e-07 -2.156743241983005643e-07
7.600000000000000000e+02 -3.008110972700705928e-07 8.245705755598464786e-08 2.421118730759952206e-07
7.625000000000000000e+02 -9.793239088367044911e-08 -1.891119121182782560e-07 -3.364263667699263224e-07
7.650000000000000000e+02 -2.900801418945775380e-07 1.056959866787110475e-07 2.748644878573569407e-07
7.675000000000000000e+02 -8.187015291696298156e-08 -1.801240141958260268e-07 -3.299776673260201771e-07
7.700000000000000000e+02 -2.371309505633689568e-07 9.970285093459096932e-08 2.646536323272274859e-07
7.725000000000000000e+02 -5.226638326121246650e-08 -1.709587675122747972e-07 -3.102860309503963310e-07
7.750000000000000000e+02 -1.688982935434069055e-07 9.101534819819790419e-08 2.459448469653513734e-07
7.775000000000000000e+02 -7.891306950114085140e-09 -1.617410921426198955e-07 -2.836305641980452371e-07
7.800000000000000000e+02 -8.818638981438198567e-08 8.021537532840738350e-08 2.239145889033733351e-07
7.825000000000000000e+02 5.292536579872830568e-08 -1.533043938252376285e-07 -2.549587496041782942e-07
7.850000000000000000e+02 4.362762183518498483e-09 6.809404557088782382e-08 2.027497001207523380e-07
7.875000000000000000e+02 1.288266716642283517e-07 -1.458078807104357216e-07 -2.272381494536956992e-07
7.900000000000000000e+02 1.084251184011009223e-07 5.473656075309918485e-08 1.841672703606633838e-07
7.925000000000000000e+02 2.175174236640486850e-07 -1.390937383234813702e-07 -2.018082391717079743e-07
7.950000000000000000e+02 2.229549739467984283e-07 4.032645053939631592e-08 1.686176115991089181e-07
7.975000000000000000e+02 3.162842153187739286e-07 -1.329264310584221755e-07 -1.791082487499595746e-07
8.000000000000000000e+02 3.459662076124914025e-07 2.524946247604020749e-08 1.559510021154175815e-07
8.025000000000000000e+02 4.221328381277089642e-07 -1.270320216804066035e-07 -1.592192658371627367e-07
8.050000000000000000e+02 4.746836924482522826e-07 1.011482402191177295e-08 1.458668845409016822e-07
8.075000000000000000e+02 5.319044908105751936e-07 -1.211345451565648516e-07 -1.422395040024393317e-07
8.100000000000000000e+02 6.056731836224571981e-07 -4.423187249358306633e-09 1.380589623336647804e-07
8.125000000000000000e+02 6.422301480711211828e-07 -1.149620190176392462e-07 -1.282173129933283845e-07
8.150000000000000000e+02 7.350941444087766155e-07 -1.776116282599104879e-08 1.323355365711154179e-07
8.175000000000000000e+02 7.495550696035024546e-07 -1.082667757145827663e-07 -1.173058366350287986e-07
8.200000000000000000e+02 8.587940504185098238e-07 -2.941437328445317622e-08 1.284816474009575662e-07
8.225000000000000000e+02 8.502142508632459513e-07 -1.008116926186630683e-07 -1.094770955576196385e-07
8.250000000000000000e+02 9.725984071451421187e-07 -3.902677453879732365e-08 1.262409856820134827e-07
8.275000000000000000e+02 9.405439764350376042e-07 -9.239122986173242995e-08 -1.047575611437645593e-07
8.300000000000000000e+02 1.072474711168069929e-06 -4.636846487073853181e-08 1.254163822329124071e-07
8.325000000000000000e+02 1.016931927358655180e-06 -8.287193134037806271e-08 -1.031192416654280767e-07
8.350000000000000000e+02 1.154607891226078242e-06 -5.130909835315833487e-08 1.257948654058482754e-07
8.375000000000000000e+02 1.075932457729322730e-06 -7.221198037541398071e-08 -1.044838743472720244e-07
8.400000000000000000e+02 1.215449686139891164e-06 -5.380852435337146777e-08 1.271317271016592189e-07
8.425000000000000000e+02 1.114358755341982000e-06 -6.046189475910068517e-08 -1.086769483069072189e-07
8.450000000000000000e+02 1.251782940585144310e-06 -5.390647581862139984e-08 1.291796799923528012e-07
8.475000000000000000e+02 1.129374225763513097e-06 -4.780191726467819862e-08 -1.154469700595184228e-07
8.500000000000000000e+02 1.260801249964060758e-06 -5.172695856572317788e-08 1.316985279398941206e-07
8.525000000000000000e+02 1.118580823572301592e-06 -3.453276807476868459e-08 -1.244698852830850105e-07
8.550000000000000000e+02 1.240147797102508827e-06 -4.747998402763186961e-08 1.344292341771358121e-07
8.575000000000000000e+02 1.080077527501544034e-06 -2.106656380647109603e-08 -1.353516187880487994e-07
8.600000000000000000e+02 1.187980152235468274e-06 -4.147293735741186510e-08 1.371048052692946867e-07
8.625000000000000000e+02 1.012518821585217632e-06 -7.905594156909501151e-09 -1.476307158098433358e-07
8.650000000000000000e+02 1.103046217053815718e-06 -3.409890983903096803e-08 1.394577482957570809e-07
8.675000000000000000e+02 9.151828763151570014e-07 4.380577775009441748e-09 -1.607891606662526072e-07
8.700000000000000000e+02 9.847624699204971681e-07 -2.581551909770496580e-08 1.412406256287135438e-07
8.725000000000000000e+02 7.880358170837098584e-07 1.518101526016835043e-08 -1.742801235390167935e-07
8.750000000000000000e+02 8.333221998896078768e-07 -1.713530657525552663e-08 1.422537125231326688e-07
8.775000000000000000e+02 6.318042797829547893e-07 2.387140082191763051e-08 -1.875686906764206766e-07
8.800000000000000000e+02 6.497645357399050931e-07 -8.585924831550073881e-09 1.423517628021508816e-07
8.825000000000000000e+02 4.480105397647093876e-07 2.987094792388234363e-08 -2.001341099743480962e-07
8.850000000000000000e+02 4.360258409064954193e-07 -7.334316364904225720e-10 1.414386840590142863e-07
8.875000000000000000e+02 2.390206787140414192e-07 3.265748154035464030e-08 -2.114776779450266943e-07
8.900000000000000000e+02 1.950114409510206209e-07 5.911198172725562531e-09 1.394472695651849452e-07
8.925000000000000000e+02 8.076653762145724314e-09 3.184271542977512841e-08 -2.211334171724144063e-07
8.950000000000000000e+02 -6.936601888583027199e-08 1.091151037826421125e-08 1.363474349974413910e-07
8.975000000000000000e+02 -2.406913931849885453e-07 2.717543561630009362e-08 -2.286786485273695151e-07
9.000000000000000000e+02 -3.521948904790406310e-07 1.391213091892495883e-08 1.321655661370768583e-07
9.025000000000000000e+02 -5.022830675443401418e-07 1.857720923226224952e-08 -2.337620520273198060e-07
9.050000000000000000e+02 -6.476036033063792244e-07 1.468000517661494045e-08 1.269393957813558120e-07
9.075000000000000000e+02 -7.708901457249339283e-07 6.167682852264988460e-09 -2.360870943431958450e-07
9.100000000000000000e+02 -9.488376118042651761e-07 1.312742975869696161e-08 1.207452007023657263e-07
9.125000000000000000e+02 -1.039980819041374997e-06 -9.728550571708182693e-09 -2.354387546847025529e-07
9.150000000000000000e+02 -1.248360570468776084e-06 9.319305399912990867e-09 1.136915699047391660e-07
9.175000000000000000e+02 -1.302428754036100044e-06 -2.856535502360202253e-08 -2.316997762747741247e-07
9.200000000000000000e+02 -1.538019328290829346e-06 3.472970240636641302e-09 1.058994393268397645e-07
9.225000000000000000e+02 -1.550706340992746918e-06 -4.960194739851431365e-08 -2.248424739850873975e-07
9.250000000000000000e+02 -1.809263390907744833e-06 -4.048817481816513055e-09 9.750294645732849262e-08
9.275000000000000000e+02 -1.777106201291189856e-06 -7.192782155698295860e-08 -2.149402753017448558e-07
9.300000000000000000e+02 -2.053400538602545513e-06 -1.275863189675874282e-08 8.866635680249145733e-08
9.325000000000000000e+02 -1.973995397270300707e-06 -9.448921070998039657e-08 -2.021840114605821781e-07
9.350000000000000000e+02 -2.261890075067185377e-06 -2.207495251695945635e-08 7.956101305742757754e-08
9.375000000000000000e+02 -2.134109285157137466e-06 -1.161415121600839449e-07 -1.868672141218996717e-07
9.400000000000000000e+02 -2.426686004696421215e-06 -3.135836525416379898e-08 7.037143014900770679e-08
9.425000000000000000e+02 -2.250849327253945569e-06 -1.357065691422576586e-07 -1.693868091000028028e-07
9.450000000000000000e+02 -2.540566325671988931e-06 -3.995327435859507932e-08 6.130067934049243599e-08
9.475000000000000000e+02 -2.318588877392357851e-06 -1.520359593314424396e-07 -1.502446962806769290e-07
9.500000000000000000e+02 -2.597478015854903672e-06 -4.723216410411623937e-08 5.255560962726946361e-08
9.525000000000000000e+02 -2.332964394952341329e-06 -1.640740874563562208e-07 -1.300284265210338564e-07
9.550000000000000000e+02 -2.592852942268564037e-06 -5.263932545176430783e-08 4.433978059906751420e-08
9.575000000000000000e+02 -2.291132366133297001e-06 -1.709219368990488762e-07 -1.093840604364571001e-07
9.600000000000000000e+02 -2.523887022914550606e-06 -5.573419879283392110e-08 3.684669534287366068e-08
9.625000000000000000e+02 -2.191978071084577201e-06 -1.718978485882871720e-07 -8.899340137354938497e-08
9.650000000000000000e+02 -2.389760393396045265e-06 -5.622814663865938050e-08 3.024437762030318516e-08
9.675000000000000000e+02 -2.036255107998386071e-06 -1.665793252527692030e-07 -6.953762371181282524e-08
9.700000000000000000e+02 -2.191778364976926083e-06 -5.400518139140331151e-08 2.465624935767962600e-08
9.725000000000000000e+02 -1.826659881771774988e-06 -1.548404802292679924e-07 -5.165699593469019559e-08
9.750000000000000000e+02 -1.933449690523047959e-06 -4.913866777087605338e-08 2.013363906604448328e-08
9.775000000000000000e+02 -1.567816308545388971e-06 -1.368711864984106718e-07 -3.590739483815275149e-08
9.800000000000000000e+02 -1.620441676698192068e-06 -4.188892478396155813e-08 1.661122064715580962e-08
9.825000000000000000e+02 -1.266168262964129015e-06 -1.131791823013372739e-07 -2.271641628346365875e-08
9.850000000000000000e+02 -1.260461786546329599e-06 -3.268437312726746116e-08 1.383343805100301145e-08
9.875000000000000000e+02 -9.297114613787016917e-07 -8.458283474510608834e-08 -1.233557116260275361e-08
9.900000000000000000e+02 -8.629726835465589636e-07 -2.210767997894436143e-08 1.119753050659033618e-08
9.925000000000000000e+02 -5.698049536931648604e-07 -5.238546319787929187e-08 -5.047343799102765499e-09
9.950000000000000000e+02 -4.465296299827059662e-07 -1.095641293886728790e-08 8.469407225175641010e-09
9.975000000000000000e+02 -1.715340199098136483e-07 -1.583641142133274227e-08 5.838389303569613274e-10
1.000000000000000000e+03 -8.541943849422750480e-08 -2.080820092942303819e-09 -2.976316154879032953e-09
