# z, veer
0.000000000000000000e+00 2.245353402186268283e+02
2.500000000000000000e+00 2.245882044073682664e+02
5.000000000000000000e+00 2.246514646802259563e+02
7.500000000000000000e+00 2.247170505754734222e+02
1.000000000000000000e+01 2.247815423459766464e+02
1.250000000000000000e+01 2.248424555104347178e+02
1.500000000000000000e+01 2.248988241643825745e+02
1.750000000000000000e+01 2.249516581635699310e+02
2.000000000000000000e+01 2.250032083045805109e+02
2.250000000000000000e+01 2.250535792281258978e+02
2.500000000000000000e+01 2.251026864105457150e+02
2.750000000000000000e+01 2.251505937200701908e+02
3.000000000000000000e+01 2.251965961386493973e+02
3.250000000000000000e+01 2.252410382319045539e+02
3.500000000000000000e+01 2.252841997650545522e+02
3.750000000000000000e+01 2.253256273827003895e+02
4.000000000000000000e+01 2.253644222012330829e+02
4.250000000000000000e+01 2.254009390201252927e+02
4.500000000000000000e+01 2.254357472607528905e+02
4.750000000000000000e+01 2.254693822332428965e+02
5.000000000000000000e+01 2.255033955728181638e+02
5.250000000000000000e+01 2.255386024899036670e+02
5.500000000000000000e+01 2.255743645461625704e+02
5.750000000000000000e+01 2.256103726723800094e+02
6.000000000000000000e+01 2.256466423569368942e+02
6.250000000000000000e+01 2.256830248162454495e+02
6.500000000000000000e+01 2.257203598607874255e+02
6.750000000000000000e+01 2.257595359059914699e+02
7.000000000000000000e+01 2.258004383523591514e+02
7.250000000000000000e+01 2.258421975051689685e+02
7.500000000000000000e+01 2.258834917192313014e+02
7.750000000000000000e+01 2.259234690904707747e+02
8.000000000000000000e+01 2.259622960849490028e+02
8.250000000000000000e+01 2.260008713069211126e+02
8.500000000000000000e+01 2.260397812913609528e+02
8.750000000000000000e+01 2.260801183303829305e+02
9.000000000000000000e+01 2.261215822064695544e+02
9.250000000000000000e+01 2.261625291952414045e+02
9.500000000000000000e+01 2.262027824103734019e+02
9.750000000000000000e+01 2.262430633804168849e+02
1.000000000000000000e+02 2.262833068192679491e+02
1.025000000000000000e+02 2.263236844007911373e+02
1.050000000000000000e+02 2.263650449198486285e+02
1.075000000000000000e+02 2.264079879486154709e+02
1.100000000000000000e+02 2.264520603967949057e+02
1.125000000000000000e+02 2.264961803167153676e+02
1.150000000000000000e+02 2.265405060601914329e+02
1.175000000000000000e+02 2.265861367053151127e+02
1.200000000000000000e+02 2.266334770274928871e+02
1.225000000000000000e+02 2.266818166746786574e+02
1.250000000000000000e+02 2.267303203150993909e+02
1.275000000000000000e+02 2.267792845437412268e+02
1.300000000000000000e+02 2.268288893437841125e+02
1.325000000000000000e+02 2.268784443399384259e+02
1.350000000000000000e+02 2.269278052657606679e+02
1.375000000000000000e+02 2.269775319060295828e+02
1.400000000000000000e+02 2.270275825462360046e+02
1.425000000000000000e+02 2.270773516988560914e+02
1.450000000000000000e+02 2.271268178843075418e+02
1.475000000000000000e+02 2.271763282454075181e+02
1.500000000000000000e+02 2.272258806258612367e+02
1.525000000000000000e+02 2.272756812325253577e+02
1.550000000000000000e+02 2.273265554388025294e+02
1.575000000000000000e+02 2.273788659615331369e+02
1.600000000000000000e+02 2.274320689203744621e+02
1.625000000000000000e+02 2.274853646633465871e+02
1.650000000000000000e+02 2.275383894642038740e+02
1.675000000000000000e+02 2.275909057185591564e+02
1.700000000000000000e+02 2.276428006394796455e+02
1.725000000000000000e+02 2.276938731408530714e+02
1.750000000000000000e+02 2.277438994211049135e+02
1.775000000000000000e+02 2.277934225174735161e+02
1.800000000000000000e+02 2.278426880962305461e+02
1.825000000000000000e+02 2.278919618587541436e+02
1.850000000000000000e+02 2.279415936664200331e+02
1.875000000000000000e+02 2.279910128751688774e+02
1.900000000000000000e+02 2.280393029455158285e+02
1.925000000000000000e+02 2.280863765346239518e+02
1.950000000000000000e+02 2.281329653994298212e+02
1.975000000000000000e+02 2.281802349340686646e+02
2.000000000000000000e+02 2.282286030165407738e+02
2.025000000000000000e+02 2.282772350304672955e+02
2.050000000000000000e+02 2.283256240063596465e+02
2.075000000000000000e+02 2.283736483672293502e+02
2.100000000000000000e+02 2.284215979542113928e+02
2.125000000000000000e+02 2.284695278882958576e+02
2.150000000000000000e+02 2.285172265630719153e+02
2.175000000000000000e+02 2.285644323380952869e+02
2.200000000000000000e+02 2.286100989587153833e+02
2.225000000000000000e+02 2.286538230304838066e+02
2.250000000000000000e+02 2.286963066358883623e+02
2.275000000000000000e+02 2.287381760846995462e+02
2.300000000000000000e+02 2.287797734603196318e+02
2.325000000000000000e+02 2.288216031026331621e+02
2.350000000000000000e+02 2.288638950338136340e+02
2.375000000000000000e+02 2.289066872232367587e+02
2.400000000000000000e+02 2.289498109245770934e+02
2.425000000000000000e+02 2.289935121838045404e+02
2.450000000000000000e+02 2.290378029605958545e+02
2.475000000000000000e+02 2.290824326147122463e+02
2.500000000000000000e+02 2.291277283289544471e+02
2.525000000000000000e+02 2.291736622095380937e+02
2.550000000000000000e+02 2.292198093482770673e+02
2.575000000000000000e+02 2.292657656839939477e+02
2.600000000000000000e+02 2.293111839766301330e+02
2.625000000000000000e+02 2.293556109289648930e+02
2.650000000000000000e+02 2.293988890097440390e+02
2.675000000000000000e+02 2.294417103733908903e+02
2.700000000000000000e+02 2.294845746772764414e+02
2.725000000000000000e+02 2.295274673193130468e+02
2.750000000000000000e+02 2.295706551837008931e+02
2.775000000000000000e+02 2.296143275721894099e+02
2.800000000000000000e+02 2.296585261583166755e+02
2.825000000000000000e+02 2.297032470852380754e+02
2.850000000000000000e+02 2.297484024835103469e+02
2.875000000000000000e+02 2.297936335694655554e+02
2.900000000000000000e+02 2.298386948424787306e+02
2.925000000000000000e+02 2.298840725078914602e+02
2.950000000000000000e+02 2.299299104098164435e+02
2.975000000000000000e+02 2.299755987638602335e+02
3.000000000000000000e+02 2.300211481320694134e+02
3.025000000000000000e+02 2.300666665402666240e+02
3.050000000000000000e+02 2.301119631374188828e+02
3.075000000000000000e+02 2.301566827316944739e+02
3.100000000000000000e+02 2.302005476819811634e+02
3.125000000000000000e+02 2.302441788368420532e+02
3.150000000000000000e+02 2.302880561392916263e+02
3.175000000000000000e+02 2.303320834035949360e+02
3.200000000000000000e+02 2.303758998235376225e+02
3.225000000000000000e+02 2.304195963869011621e+02
3.250000000000000000e+02 2.304634158969889484e+02
3.275000000000000000e+02 2.305075193318823494e+02
3.300000000000000000e+02 2.305516225511441348e+02
3.325000000000000000e+02 2.305950349636050873e+02
3.350000000000000000e+02 2.306372562376941744e+02
3.375000000000000000e+02 2.306787663670495476e+02
3.400000000000000000e+02 2.307203966642332489e+02
3.425000000000000000e+02 2.307620751297914126e+02
3.450000000000000000e+02 2.308034218156871589e+02
3.475000000000000000e+02 2.308444119415222531e+02
3.500000000000000000e+02 2.308850774764980542e+02
3.525000000000000000e+02 2.309253909830385680e+02
3.550000000000000000e+02 2.309651806335781714e+02
3.575000000000000000e+02 2.310047143126979563e+02
3.600000000000000000e+02 2.310446156738537979e+02
3.625000000000000000e+02 2.310851783357272211e+02
3.650000000000000000e+02 2.311262522869609768e+02
3.675000000000000000e+02 2.311675167580855259e+02
3.700000000000000000e+02 2.312086297512585134e+02
3.725000000000000000e+02 2.312491808121008603e+02
3.750000000000000000e+02 2.312885112941772263e+02
3.775000000000000000e+02 2.313263943874788424e+02
3.800000000000000000e+02 2.313635246168315120e+02
3.825000000000000000e+02 2.314007645252903558e+02
3.850000000000000000e+02 2.314384568575762842e+02
3.875000000000000000e+02 2.314766188999694236e+02
3.900000000000000000e+02 2.315152024641210176e+02
3.925000000000000000e+02 2.315539717325156062e+02
3.950000000000000000e+02 2.315929241179912879e+02
3.975000000000000000e+02 2.316320392294374244e+02
4.000000000000000000e+02 2.316709255154407856e+02
4.025000000000000000e+02 2.317093866599171861e+02
4.050000000000000000e+02 2.317475194857091765e+02
4.075000000000000000e+02 2.317853254207994951e+02
4.100000000000000000e+02 2.318224545617569561e+02
4.125000000000000000e+02 2.318584136759462240e+02
4.150000000000000000e+02 2.318935244383660290e+02
4.175000000000000000e+02 2.319286418075926122e+02
4.200000000000000000e+02 2.319640707202814269e+02
4.225000000000000000e+02 2.319994192222081324e+02
4.250000000000000000e+02 2.320344015467586587e+02
4.275000000000000000e+02 2.320691973919341251e+02
4.300000000000000000e+02 2.321040208362819328e+02
4.325000000000000000e+02 2.321387826077480838e+02
4.350000000000000000e+02 2.321735582086986938e+02
4.375000000000000000e+02 2.322084454704764198e+02
4.400000000000000000e+02 2.322432548969813979e+02
4.425000000000000000e+02 2.322779206258254021e+02
4.450000000000000000e+02 2.323125596628769927e+02
4.475000000000000000e+02 2.323468922277403408e+02
4.500000000000000000e+02 2.323807823922900297e+02
4.525000000000000000e+02 2.324142073934845598e+02
4.550000000000000000e+02 2.324470221715718878e+02
4.575000000000000000e+02 2.324791963489806221e+02
4.600000000000000000e+02 2.325110678004981821e+02
4.625000000000000000e+02 2.325429588291323739e+02
4.650000000000000000e+02 2.325748050883786391e+02
4.675000000000000000e+02 2.326059593663980820e+02
4.700000000000000000e+02 2.326363381845347362e+02
4.725000000000000000e+02 2.326658906302732248e+02
4.750000000000000000e+02 2.326948886219860526e+02
4.775000000000000000e+02 2.327232694384348974e+02
4.800000000000000000e+02 2.327514011368730280e+02
4.825000000000000000e+02 2.327795175971337471e+02
4.850000000000000000e+02 2.328081802849305575e+02
4.875000000000000000e+02 2.328366806221065701e+02
4.900000000000000000e+02 2.328649923624733447e+02
4.925000000000000000e+02 2.328926567977419211e+02
4.950000000000000000e+02 2.329201625098858131e+02
4.975000000000000000e+02 2.329468933900279524e+02
5.000000000000000000e+02 2.329738261801965962e+02
5.025000000000000000e+02 2.330001949691809955e+02
5.050000000000000000e+02 2.330265534493367738e+02
5.075000000000000000e+02 2.330520735887411092e+02
5.100000000000000000e+02 2.330776968944149132e+02
5.125000000000000000e+02 2.331018247066203912e+02
5.150000000000000000e+02 2.331262640596933409e+02
5.175000000000000000e+02 2.331494793079934880e+02
5.200000000000000000e+02 2.331733399391204102e+02
5.225000000000000000e+02 2.331952269319234006e+02
5.250000000000000000e+02 2.332180294239279874e+02
5.275000000000000000e+02 2.332384059967257315e+02
5.300000000000000000e+02 2.332606130065490220e+02
5.325000000000000000e+02 2.332795003392591298e+02
5.350000000000000000e+02 2.333012127200670420e+02
5.375000000000000000e+02 2.333179676224650052e+02
5.400000000000000000e+02 2.333399186413566326e+02
5.425000000000000000e+02 2.333547965252163294e+02
5.450000000000000000e+02 2.333773991195467943e+02
5.475000000000000000e+02 2.333891284125474783e+02
5.500000000000000000e+02 2.334132790168076781e+02
5.525000000000000000e+02 2.334215738664376545e+02
5.550000000000000000e+02 2.334486673562123258e+02
5.575000000000000000e+02 2.334528365583879861e+02
5.600000000000000000e+02 2.334846727319576871e+02
5.625000000000000000e+02 2.334835546447690717e+02
5.650000000000000000e+02 2.335213052372473612e+02
5.675000000000000000e+02 2.335126880829534457e+02
5.700000000000000000e+02 2.335575134571315630e+02
5.725000000000000000e+02 2.335386711827635509e+02
5.750000000000000000e+02 2.335918278630738882e+02
5.775000000000000000e+02 2.335615230701997973e+02
5.800000000000000000e+02 2.336244109432561800e+02
5.825000000000000000e+02 2.335818051159664890e+02
5.850000000000000000e+02 2.336556929790014863e+02
5.875000000000000000e+02 2.336002938618517533e+02
5.900000000000000000e+02 2.336857590600050116e+02
5.925000000000000000e+02 2.336164148986887596e+02
5.950000000000000000e+02 2.337134873128372021e+02
5.975000000000000000e+02 2.336294044788392910e+02
6.000000000000000000e+02 2.337389982792207093e+02
6.025000000000000000e+02 2.336402315161270735e+02
6.050000000000000000e+02 2.337639903714734544e+02
6.075000000000000000e+02 2.336507212319266671e+02
6.100000000000000000e+02 2.337891301054040696e+02
6.125000000000000000e+02 2.336606901766928388e+02
6.150000000000000000e+02 2.338147599972711532e+02
6.175000000000000000e+02 2.336703043189689879e+02
6.200000000000000000e+02 2.338415778012292776e+02
6.225000000000000000e+02 2.336791558699133304e+02
6.250000000000000000e+02 2.338692056722401844e+02
6.275000000000000000e+02 2.336866491114512883e+02
6.300000000000000000e+02 2.338978685076431816e+02
6.325000000000000000e+02 2.336929858505934021e+02
6.350000000000000000e+02 2.339276377975217542e+02
6.375000000000000000e+02 2.336973416749970340e+02
6.400000000000000000e+02 2.339601298292565161e+02
6.425000000000000000e+02 2.336949308021501679e+02
6.450000000000000000e+02 2.340095816801783997e+02
6.475000000000000000e+02 2.336890146079660724e+02
6.500000000000000000e+02 2.340422151416749443e+02
6.525000000000000000e+02 2.337403814264868629e+02
6.550000000000000000e+02 2.340115138392448557e+02
6.575000000000000000e+02 2.337755174973842429e+02
6.600000000000000000e+02 2.340185590745331581e+02
6.625000000000000000e+02 2.338042219731123339e+02
6.650000000000000000e+02 2.340060517631333141e+02
6.675000000000000000e+02 2.338285492965934509e+02
6.700000000000000000e+02 2.339887023693135859e+02
6.725000000000000000e+02 2.338518971650441642e+02
6.750000000000000000e+02 2.339697954713626018e+02
6.775000000000000000e+02 2.338749760044530035e+02
6.800000000000000000e+02 2.339499461884727225e+02
6.825000000000000000e+02 2.338978178558448633e+02
6.850000000000000000e+02 2.339292411156242792e+02
6.875000000000000000e+02 2.339201268836764029e+02
6.900000000000000000e+02 2.339082133342002123e+02
6.925000000000000000e+02 2.339422617205956954e+02
6.950000000000000000e+02 2.338876258039042284e+02
6.975000000000000000e+02 2.339649423613160764e+02
7.000000000000000000e+02 2.338673337979124653e+02
7.025000000000000000e+02 2.339879619519379332e+02
7.050000000000000000e+02 2.338464466664111114e+02
7.075000000000000000e+02 2.340103445752785376e+02
7.100000000000000000e+02 2.338246257175428866e+02
7.125000000000000000e+02 2.340319393612515739e+02
7.150000000000000000e+02 2.338024871518132386e+02
7.175000000000000000e+02 2.340535868840277374e+02
7.200000000000000000e+02 2.337806864764376940e+02
7.225000000000000000e+02 2.340760605473499254e+02
7.250000000000000000e+02 2.337593184340643404e+02
7.275000000000000000e+02 2.340993627729442323e+02
7.300000000000000000e+02 2.337379391532214754e+02
7.325000000000000000e+02 2.341227835393586076e+02
7.350000000000000000e+02 2.337159429623540916e+02
7.375000000000000000e+02 2.341455621160149008e+02
7.400000000000000000e+02 2.336929987649523071e+02
7.425000000000000000e+02 2.341673977596545910e+02
7.450000000000000000e+02 2.336696804553599804e+02
7.475000000000000000e+02 2.341893958397332938e+02
7.500000000000000000e+02 2.336437240231742578e+02
7.525000000000000000e+02 2.342024829147354126e+02
7.550000000000000000e+02 2.336523775213229897e+02
7.575000000000000000e+02 2.341978572590927286e+02
7.600000000000000000e+02 2.336574767418898944e+02
7.625000000000000000e+02 2.341927960417438896e+02
7.650000000000000000e+02 2.336624237865474640e+02
7.675000000000000000e+02 2.341879158135497221e+02
7.700000000000000000e+02 2.336672227408469098e+02
7.725000000000000000e+02 2.341831907355863223e+02
7.750000000000000000e+02 2.336718645316430241e+02
7.775000000000000000e+02 2.341786241888997040e+02
7.800000000000000000e+02 2.336763496227915198e+02
7.825000000000000000e+02 2.341742155540694057e+02
7.850000000000000000e+02 2.336806787353545474e+02
7.875000000000000000e+02 2.341699629789028450e+02
7.900000000000000000e+02 2.336848531681856969e+02
7.925000000000000000e+02 2.341658642256130634e+02
7.950000000000000000e+02 2.336888746182508783e+02
7.975000000000000000e+02 2.341619170120028457e+02
8.000000000000000000e+02 2.336927449547740139e+02
8.025000000000000000e+02 2.341581191890113018e+02
8.050000000000000000e+02 2.336964660772085836e+02
8.075000000000000000e+02 2.341544687931120734e+02
8.100000000000000000e+02 2.337000397696757830e+02
8.125000000000000000e+02 2.341509640399608259e+02
8.150000000000000000e+02 2.337034676791999459e+02
8.175000000000000000e+02 2.341476032857698613e+02
8.200000000000000000e+02 2.337067513632427165e+02
8.225000000000000000e+02 2.341443849768357381e+02
8.250000000000000000e+02 2.337098923360772176e+02
8.275000000000000000e+02 2.341413076271174418e+02
8.300000000000000000e+02 2.337128920955814806e+02
8.325000000000000000e+02 2.341383697985859840e+02
8.350000000000000000e+02 2.337157521237006677e+02
8.375000000000000000e+02 2.341355701190409206e+02
8.400000000000000000e+02 2.337184738773952972e+02
8.425000000000000000e+02 2.341329072775913289e+02
8.450000000000000000e+02 2.337210587497369829e+02
8.475000000000000000e+02 2.341303800512669113e+02
8.500000000000000000e+02 2.337235080900837545e+02
8.525000000000000000e+02 2.341279872783653389e+02
8.550000000000000000e+02 2.337258231723902782e+02
8.575000000000000000e+02 2.341257279223245860e+02
8.600000000000000000e+02 2.337280051799050966e+02
8.625000000000000000e+02 2.341236010417073601e+02
8.650000000000000000e+02 2.337300552051192142e+02
8.675000000000000000e+02 2.341216058077153832e+02
8.700000000000000000e+02 2.337319742780771321e+02
8.725000000000000000e+02 2.341197414455229762e+02
8.750000000000000000e+02 2.337337633757115043e+02
8.775000000000000000e+02 2.341180073153641956e+02
8.800000000000000000e+02 2.337354233260481067e+02
8.825000000000000000e+02 2.341164028652543720e+02
8.850000000000000000e+02 2.337369549025819992e+02
8.875000000000000000e+02 2.341149275899083761e+02
8.900000000000000000e+02 2.337383588348836270e+02
8.925000000000000000e+02 2.341135810622980387e+02
8.950000000000000000e+02 2.337396357445107355e+02
8.975000000000000000e+02 2.341123629372861217e+02
9.000000000000000000e+02 2.337407861462466485e+02
9.025000000000000000e+02 2.341112729123739200e+02
9.050000000000000000e+02 2.337418104997998114e+02
9.075000000000000000e+02 2.341103107565809012e+02
9.100000000000000000e+02 2.337427091711108460e+02
9.125000000000000000e+02 2.341094762814795160e+02
9.150000000000000000e+02 2.337434824064778809e+02
9.175000000000000000e+02 2.341087693159783498e+02
9.200000000000000000e+02 2.337441304101115520e+02
9.225000000000000000e+02 2.341081897468567092e+02
9.250000000000000000e+02 2.337446532787584772e+02
9.275000000000000000e+02 2.341077374730957104e+02
9.300000000000000000e+02 2.337450510036225069e+02
9.325000000000000000e+02 2.341074123808827494e+02
9.350000000000000000e+02 2.337453235143491383e+02
9.375000000000000000e+02 2.341072144290621679e+02
9.400000000000000000e+02 2.337454706495099970e+02
9.425000000000000000e+02 2.341071435495524327e+02
9.450000000000000000e+02 2.337454921345712648e+02
9.475000000000000000e+02 2.341071996715286900e+02
9.500000000000000000e+02 2.337453876151807890e+02
9.525000000000000000e+02 2.341073828056774460e+02
9.550000000000000000e+02 2.337451566925987549e+02
9.575000000000000000e+02 2.341076929575148711e+02
9.600000000000000000e+02 2.337447988333556452e+02
9.625000000000000000e+02 2.341081301444493477e+02
9.650000000000000000e+02 2.337443134300598615e+02
9.675000000000000000e+02 2.341086944862707355e+02
9.700000000000000000e+02 2.337436998553493481e+02
9.725000000000000000e+02 2.341093861762447546e+02
9.750000000000000000e+02 2.337429573624448835e+02
9.775000000000000000e+02 2.341102054343389227e+02
9.800000000000000000e+02 2.337420851190807412e+02
9.825000000000000000e+02 2.341111526229332469e+02
9.850000000000000000e+02 2.337410823014557764e+02
9.875000000000000000e+02 2.341122282391946783e+02
9.900000000000000000e+02 2.337399480123206104e+02
9.925000000000000000e+02 2.341134329203932793e+02
9.950000000000000000e+02 2.337386813345382848e+02
9.975000000000000000e+02 2.341147610480356036e+02
1.000000000000000000e+03 2.337371365890383004e+02
