# z, uu, uv, uw, vv, vw, ww, tke
0.000000000000000000e+00 2.721895056787818623e-01 -3.771653108814708444e-02 -6.683016433586478310e-03 2.733689594065540907e-01 7.062638238779866962e-03 9.692619002613582502e-03 2.776255420439747712e-01
7.500000000000000000e+00 2.848720443629583210e-01 -1.136966733242279239e-02 -1.318986746659407162e-02 2.840745844749788529e-01 1.393559432958216791e-02 1.783843716606936178e-02 2.933925330020032973e-01
1.500000000000000000e+01 2.595573052521357171e-01 4.087710650968155723e-03 -1.690277863005103590e-02 2.586752838965528656e-01 1.804928761232602735e-02 4.608965218725113305e-02 2.821611206679698336e-01
2.250000000000000000e+01 2.435981694577999956e-01 1.075591342210825002e-02 -1.686134947303604553e-02 2.432984708144695640e-01 1.821837131658836026e-02 6.501699061786091194e-02 2.759568154450652289e-01
3.000000000000000000e+01 2.313135347790209739e-01 1.466281232164685401e-02 -1.738169437440372639e-02 2.315442138264711958e-01 1.903121754527684756e-02 8.143090509842521030e-02 2.721443268519586622e-01
3.750000000000000000e+01 2.218615460027472119e-01 1.753668005914139905e-02 -1.698255352540703478e-02 2.225545367410489694e-01 1.881650560078198045e-02 9.354536202315634486e-02 2.689807223834762562e-01
4.500000000000000000e+01 2.131559860537156070e-01 1.876022526357225620e-02 -1.700828829244093246e-02 2.141520167359169113e-01 1.906751951714768731e-02 1.028945336218707318e-01 2.651012682057516390e-01
5.250000000000000000e+01 2.057402472313424324e-01 1.948130211896550654e-02 -1.660318211735553953e-02 2.071971252382618922e-01 1.881204611589340839e-02 1.116809993553321695e-01 2.623091859124682679e-01
6.000000000000000000e+01 1.988305114060392731e-01 1.962656616057146738e-02 -1.652135381943008879e-02 2.004851618588227302e-01 1.888916941866441296e-02 1.182324737821714572e-01 2.587740735235167233e-01
6.750000000000000000e+01 1.927311464051907341e-01 1.964352706953973252e-02 -1.618428717703047220e-02 1.945997582906844880e-01 1.866459205928877249e-02 1.253874842721400262e-01 2.563591944840076242e-01
7.500000000000000000e+01 1.870366205396857828e-01 1.911719504044998366e-02 -1.605382519096329452e-02 1.889434212505402277e-01 1.867728993023075323e-02 1.306357801596514656e-01 2.533079109749387658e-01
8.250000000000000000e+01 1.818417864812624518e-01 1.858464334730719481e-02 -1.575558157483647470e-02 1.839840777841990904e-01 1.846553060302993585e-02 1.369685049317698744e-01 2.513971845986157083e-01
9.000000000000000000e+01 1.770567442873362818e-01 1.793864811190531289e-02 -1.561182835021854461e-02 1.792308022202153406e-01 1.842528850506854748e-02 1.416146053538560323e-01 2.489510759307038135e-01
9.750000000000000000e+01 1.724996998665720149e-01 1.746083303335861647e-02 -1.535847773245312999e-02 1.749015709687420372e-01 1.823677083218242650e-02 1.474258599779157408e-01 2.474135654066148826e-01
1.050000000000000000e+02 1.681150208944945101e-01 1.683561644938032231e-02 -1.519226836352061127e-02 1.708626926465695861e-01 1.816508129864195450e-02 1.516496637039753403e-01 2.453136886225197322e-01
1.125000000000000000e+02 1.641038754759659712e-01 1.615858232313976267e-02 -1.497985033839332493e-02 1.671007431363281115e-01 1.799917812014779211e-02 1.570026675311861353e-01 2.441036430717401229e-01
1.200000000000000000e+02 1.603784537053038195e-01 1.530825776208263357e-02 -1.480680086474901909e-02 1.635089650915871051e-01 1.788794480028474410e-02 1.608355370701206044e-01 2.423614779335057645e-01
1.275000000000000000e+02 1.568444550928796977e-01 1.439618280447579890e-02 -1.462041818875253751e-02 1.602857549630253842e-01 1.774597805478482157e-02 1.658008547793771992e-01 2.414655324176411266e-01
1.350000000000000000e+02 1.535601501526635826e-01 1.362992507813815153e-02 -1.445009141615309460e-02 1.573034528853843039e-01 1.760382001447977074e-02 1.693799382143531818e-01 2.401217706262005480e-01
1.425000000000000000e+02 1.505232660249466725e-01 1.292226715313056495e-02 -1.427085462287631772e-02 1.543845764847555369e-01 1.748816678485502762e-02 1.739526702260578428e-01 2.394302563678800122e-01
1.500000000000000000e+02 1.477010896935586626e-01 1.212007600293665485e-02 -1.410209307611242149e-02 1.517481805661136385e-01 1.735102878487501318e-02 1.772618316479771527e-01 2.383555509538247130e-01
1.575000000000000000e+02 1.450874043680310810e-01 1.143013030309408470e-02 -1.394474975123912060e-02 1.492186155085581667e-01 1.722218955228462661e-02 1.814550346671046643e-01 2.378805272718469421e-01
1.650000000000000000e+02 1.425992198524246024e-01 1.087102871956232598e-02 -1.378040016733899677e-02 1.468140292740225394e-01 1.707888916594918829e-02 1.844670164473422580e-01 2.369401327868947138e-01
1.725000000000000000e+02 1.403454789214258203e-01 1.030945217392082759e-02 -1.363902941138856600e-02 1.445689620338302117e-01 1.695430336271498001e-02 1.882965977796689505e-01 2.366055193674624912e-01
1.800000000000000000e+02 1.382197471608706263e-01 9.736665855600026842e-03 -1.347895235236081825e-02 1.425472938642755316e-01 1.681219764726252577e-02 1.910614688365630254e-01 2.359142549308546055e-01
1.875000000000000000e+02 1.361118594378488422e-01 9.170492621931349009e-03 -1.334744308585013133e-02 1.406521546597811756e-01 1.669129805232280606e-02 1.945560542961423944e-01 2.356600341968861922e-01
1.950000000000000000e+02 1.340260465790688582e-01 8.554767300029459190e-03 -1.318670634199504629e-02 1.387953996584843086e-01 1.655054746359981357e-02 1.971151457058941125e-01 2.349682959717236397e-01
2.025000000000000000e+02 1.320737967807668334e-01 8.066629764424343776e-03 -1.306922838924432992e-02 1.369457382796405998e-01 1.642807666751545936e-02 2.003442018130350555e-01 2.346818684367212304e-01
2.100000000000000000e+02 1.302432872587833135e-01 7.590405168084150486e-03 -1.291234958099914468e-02 1.353230825120607383e-01 1.627330533231713047e-02 2.026567526488004534e-01 2.341115612098222387e-01
2.175000000000000000e+02 1.284818167167046943e-01 7.085422283554600013e-03 -1.279704414848239873e-02 1.339429107904909211e-01 1.613234955839161835e-02 2.056181082930809145e-01 2.340214179001382511e-01
2.250000000000000000e+02 1.267035095610600237e-01 6.539630179070794920e-03 -1.264721380424333776e-02 1.324560761668121256e-01 1.597023668429079987e-02 2.077672797665755244e-01 2.334634327472238091e-01
2.325000000000000000e+02 1.249306224544126931e-01 6.010356717309538709e-03 -1.254089104076653617e-02 1.310880181238638642e-01 1.582936868393900950e-02 2.104333600265530513e-01 2.332260003024148043e-01
2.400000000000000000e+02 1.232790811836254746e-01 5.484315438764087586e-03 -1.239840968914696258e-02 1.298857082184075584e-01 1.565909756273575065e-02 2.123691379749414465e-01 2.327669636884872328e-01
2.475000000000000000e+02 1.217511277741120529e-01 5.003330123191556192e-03 -1.228822827534853217e-02 1.285609558770778038e-01 1.552438042718723953e-02 2.147121916582311885e-01 2.325121376547105156e-01
2.550000000000000000e+02 1.203101330252309004e-01 4.513361172920351237e-03 -1.215783180112071406e-02 1.273652589604357677e-01 1.534620251334663753e-02 2.164120060439684856e-01 2.320436990148175838e-01
2.625000000000000000e+02 1.188491208482326811e-01 4.027399196185831552e-03 -1.205223022289169874e-02 1.261176798687158596e-01 1.520698262517404704e-02 2.184793203139333007e-01 2.317230605154409206e-01
2.700000000000000000e+02 1.175500443762793612e-01 3.662532570468455487e-03 -1.191021208818666619e-02 1.248967839547847208e-01 1.504187196667465184e-02 2.199293041939939519e-01 2.311880662625290239e-01
2.775000000000000000e+02 1.163023356219872739e-01 3.402271199039772192e-03 -1.180424561102667684e-02 1.237240072362363191e-01 1.489753596262588693e-02 2.217227964636454551e-01 2.308745696609345310e-01
2.850000000000000000e+02 1.151820753399855485e-01 3.056828803082705520e-03 -1.167630083878909431e-02 1.227223371839493704e-01 1.473212160383788501e-02 2.229771178882997973e-01 2.304407652061173373e-01
2.925000000000000000e+02 1.141876719722820788e-01 2.707953108995275401e-03 -1.156252745532126459e-02 1.216632612868871061e-01 1.459539779399335324e-02 2.245095342034797437e-01 2.301802337313244573e-01
3.000000000000000000e+02 1.131724382257423694e-01 2.439326390860971968e-03 -1.143462338449922379e-02 1.205006610028452607e-01 1.443828756647583082e-02 2.255780106551392161e-01 2.296255549418634301e-01
3.075000000000000000e+02 1.122187398324394902e-01 2.155033944085554300e-03 -1.132484879056934284e-02 1.195352136160580531e-01 1.430378714522731812e-02 2.268993108530265868e-01 2.293266321507620442e-01
3.150000000000000000e+02 1.113500302490083027e-01 1.872459405317991772e-03 -1.119767324811274563e-02 1.186334911833371725e-01 1.413661664128180485e-02 2.277746819899132413e-01 2.288791017111293513e-01
3.225000000000000000e+02 1.105540936793130702e-01 1.655952345118348644e-03 -1.108597660803307093e-02 1.177568481657264993e-01 1.399755315917395292e-02 2.288396242346379950e-01 2.285752830398387891e-01
3.300000000000000000e+02 1.097174315976746362e-01 1.511947703701352862e-03 -1.095580244212406885e-02 1.170299716881933877e-01 1.383412088991012139e-02 2.294831353884802805e-01 2.281152693371741313e-01
3.375000000000000000e+02 1.089465995412930432e-01 1.421024686472264998e-03 -1.084373889163669190e-02 1.162385390984236599e-01 1.370759596290478145e-02 2.303006546754967632e-01 2.277428966576067193e-01
3.450000000000000000e+02 1.082262628818649319e-01 1.311447005476950797e-03 -1.069471466270959653e-02 1.155936329758505965e-01 1.354316035847369371e-02 2.307484694273143622e-01 2.272841826425149314e-01
3.525000000000000000e+02 1.076018939910619587e-01 1.174988575353879197e-03 -1.059581413902997357e-02 1.150880225753239811e-01 1.340662495433839196e-02 2.313333347228361536e-01 2.270116256446110259e-01
3.600000000000000000e+02 1.071086186587021372e-01 1.011430305743599503e-03 -1.046201534515089730e-02 1.146015116627571856e-01 1.323612101012973385e-02 2.316268992953625927e-01 2.266685148084109369e-01
3.675000000000000000e+02 1.066776425902312003e-01 8.757305299470244343e-04 -1.036213959453362657e-02 1.141564860864340558e-01 1.309963581357794990e-02 2.320322961789640370e-01 2.264332124278146396e-01
3.750000000000000000e+02 1.061787146124391207e-01 7.506849741276580383e-04 -1.022716337427834014e-02 1.137446751345476958e-01 1.294074095669217606e-02 2.321534104920518204e-01 2.260384001195193115e-01
3.825000000000000000e+02 1.056996451768071194e-01 7.099717971258065474e-04 -1.012409614800966438e-02 1.134025807091271626e-01 1.280267967603197776e-02 2.323230359381862342e-01 2.257126309120602581e-01
3.900000000000000000e+02 1.052710518347859808e-01 5.955493469175542672e-04 -9.988582333837054544e-03 1.129334902191897055e-01 1.265238926184836937e-02 2.322440922865435242e-01 2.252243171702595914e-01
3.975000000000000000e+02 1.048418778130451728e-01 3.944476286661781155e-04 -9.883677038795599112e-03 1.124900313812550595e-01 1.251768015481591854e-02 2.322425428822773863e-01 2.247872260382888232e-01
4.050000000000000000e+02 1.043931822700500389e-01 2.259948174810040642e-04 -9.750791720165989315e-03 1.120880749281841227e-01 1.238032360895748724e-02 2.320212417650073244e-01 2.242512494816207291e-01
4.125000000000000000e+02 1.040100215900719854e-01 6.326524649495564355e-05 -9.647368762384147048e-03 1.117006372638170847e-01 1.224973124045244596e-02 2.318392521576909393e-01 2.237749555057900186e-01
4.200000000000000000e+02 1.035794909542731151e-01 -4.277985514859210703e-05 -9.529515110848915671e-03 1.114006124640123246e-01 1.211310339952268236e-02 2.314644068519952635e-01 2.232222551351403517e-01
4.275000000000000000e+02 1.032262043955559649e-01 -1.022746550982355494e-04 -9.431284090044010290e-03 1.110394772368949179e-01 1.197654068266300331e-02 2.311072607825372383e-01 2.226864712074940744e-01
4.350000000000000000e+02 1.028728582127848984e-01 -8.222096713176103757e-05 -9.320439217180181632e-03 1.106939621430196724e-01 1.184173654480537644e-02 2.306115447616087222e-01 2.220891825587066326e-01
4.425000000000000000e+02 1.026347240040303421e-01 -1.153716851262229771e-05 -9.225478564827253175e-03 1.102404258389234892e-01 1.172284215391721299e-02 2.301586525509945746e-01 2.215169011969742030e-01
4.500000000000000000e+02 1.023329507183138865e-01 4.146809846990047026e-05 -9.119552590247938587e-03 1.098722161646810552e-01 1.158165846494627234e-02 2.295658978264772110e-01 2.208855323547360694e-01
4.575000000000000000e+02 1.020435988390048787e-01 6.521714558004881195e-05 -9.027818064176785368e-03 1.094441908773839678e-01 1.145714187083661344e-02 2.289994812890224218e-01 2.202436355027056480e-01
4.650000000000000000e+02 1.017363485873003792e-01 1.014818534854774687e-04 -8.932915975748830298e-03 1.089279835890810538e-01 1.131984463583222446e-02 2.282728769919569467e-01 2.194686045841691691e-01
4.725000000000000000e+02 1.014319143104284587e-01 1.051368510441149046e-04 -8.851798628669181948e-03 1.084076509558338786e-01 1.119867491025604463e-02 2.275423441247769463e-01 2.186909546955196348e-01
4.800000000000000000e+02 1.012243529569237105e-01 1.409787913623817299e-04 -8.759831173278749897e-03 1.079075386916989177e-01 1.106577206231966655e-02 2.266883493106017777e-01 2.179101204796121960e-01
4.875000000000000000e+02 1.010515998145130462e-01 2.038164171578381680e-04 -8.678487602547685711e-03 1.075128933661429337e-01 1.095045197612750168e-02 2.258559036111735252e-01 2.172101983959147664e-01
4.950000000000000000e+02 1.009326644675877654e-01 2.608261988563033581e-04 -8.595714421251596932e-03 1.072336279490606059e-01 1.081425872697784271e-02 2.249161144685090652e-01 2.165412034425787113e-01
5.025000000000000000e+02 1.008196389744475535e-01 3.534511296834566964e-04 -8.524201445113331957e-03 1.069612914294256756e-01 1.069664415670492849e-02 2.239663366538538758e-01 2.158736335288635733e-01
5.100000000000000000e+02 1.007431459311901450e-01 4.431535929813295162e-04 -8.453285351884878493e-03 1.066526456719884414e-01 1.056538915368077092e-02 2.228964291497748385e-01 2.151461103764767124e-01
5.175000000000000000e+02 1.006862401821418812e-01 6.003230785203366544e-04 -8.377611717774234232e-03 1.062362061703255450e-01 1.044566644478996109e-02 2.218592747424502354e-01 2.143908605474588169e-01
5.250000000000000000e+02 1.006078018190770529e-01 6.894402126604397534e-04 -8.311668691472559253e-03 1.058455521167807750e-01 1.030701709681028366e-02 2.207335960293693444e-01 2.135934749826136070e-01
5.325000000000000000e+02 1.004954050984322861e-01 7.560860274907713757e-04 -8.250726165175340313e-03 1.054694787374999138e-01 1.019545842887190773e-02 2.196056631651967239e-01 2.127852735005644758e-01
5.400000000000000000e+02 1.003361336403743448e-01 8.525393066603321416e-04 -8.192875952945464363e-03 1.051505876829667563e-01 1.005926192486285980e-02 2.183138537995595874e-01 2.119002875614503512e-01
5.475000000000000000e+02 1.002642490918608797e-01 9.262994323651636396e-04 -8.133066470958478372e-03 1.048443064097157040e-01 9.942969200468316712e-03 2.170072291129836739e-01 2.110578923072801150e-01
5.550000000000000000e+02 1.001849832978985305e-01 1.069283856952937296e-03 -8.081547623037465058e-03 1.045497686445640978e-01 9.806281176392006929e-03 2.155985104442766920e-01 2.101666311933696463e-01
5.625000000000000000e+02 1.000673882773239765e-01 1.267369180263555779e-03 -8.019778580196666729e-03 1.040694704001776522e-01 9.693204193110193170e-03 2.142438012731940900e-01 2.091903299753478662e-01
5.700000000000000000e+02 1.000084605445943770e-01 1.417574803686644366e-03 -7.965125459739222369e-03 1.036272835982016416e-01 9.549255880153978762e-03 2.128007257106701577e-01 2.082182349267330812e-01
5.775000000000000000e+02 9.997481656644911785e-02 1.611426703044514103e-03 -7.900196866388754097e-03 1.032388977200132396e-01 9.427279279476934865e-03 2.113563999684368866e-01 2.072850571274496012e-01
5.850000000000000000e+02 9.999207617285323091e-02 1.793253273306420975e-03 -7.836776378911542926e-03 1.028714949996089173e-01 9.282556227634476340e-03 2.098215597148295197e-01 2.063425654436458201e-01
5.925000000000000000e+02 1.000074350128271200e-01 1.887594984459088718e-03 -7.766797473014683609e-03 1.025616334978865785e-01 9.162201426833506065e-03 2.082725846821245341e-01 2.054208265964191371e-01
6.000000000000000000e+02 9.996459581565765584e-02 1.961735546521817860e-03 -7.693072140548382412e-03 1.023141147976147913e-01 9.013199797363421334e-03 2.066929900470040049e-01 2.044858503301382191e-01
6.075000000000000000e+02 9.996901371973233863e-02 2.071228022900840123e-03 -7.618330006760592500e-03 1.020803893005985535e-01 8.879500315393586488e-03 2.051136984205119140e-01 2.035815507204213892e-01
6.150000000000000000e+02 1.000351972465837597e-01 2.173058506864232724e-03 -7.534025218201034248e-03 1.019772127313412352e-01 8.726444696063328371e-03 2.034871707902774773e-01 2.027497903841012361e-01
6.225000000000000000e+02 1.001257147588544977e-01 2.277289268552561315e-03 -7.458289388192060852e-03 1.019267281753663407e-01 8.597365158031734442e-03 2.018580559126468832e-01 2.019552494234338469e-01
6.300000000000000000e+02 1.003425607258233848e-01 2.430596099514056429e-03 -7.374514445516080173e-03 1.017932084370560403e-01 8.446478370470631922e-03 2.001454729667871968e-01 2.011406210648333248e-01
6.375000000000000000e+02 1.005032293833647838e-01 2.531180275937455239e-03 -7.290214353482593612e-03 1.016228571399700187e-01 8.322596255560185674e-03 1.984421444884057473e-01 2.002841155058702749e-01
6.450000000000000000e+02 1.005982653542909500e-01 2.674843490265324097e-03 -7.203272566028694548e-03 1.013965470923452183e-01 8.173016070852058557e-03 1.966935875982683546e-01 1.993442000224522614e-01
6.525000000000000000e+02 1.007312539971825099e-01 2.796368983150427853e-03 -7.117108925588551578e-03 1.012647665971236760e-01 8.043804470537667742e-03 1.949222812934006122e-01 1.984591509438534129e-01
6.600000000000000000e+02 1.009434308870947178e-01 2.942334042835532872e-03 -7.028790150967346301e-03 1.011728207701532434e-01 7.903756705296237708e-03 1.930893094539304633e-01 1.976027805555892192e-01
6.675000000000000000e+02 1.011204114976487350e-01 3.052068864730615467e-03 -6.933208261821633550e-03 1.011695918264460675e-01 7.765108249254335654e-03 1.912762052048352923e-01 1.967831042644650474e-01
6.750000000000000000e+02 1.013678220740961977e-01 3.142593445474280676e-03 -6.841858081378340839e-03 1.011964369956138560e-01 7.630050549155126087e-03 1.894090745945019583e-01 1.959866668321059990e-01
6.825000000000000000e+02 1.016709007950920701e-01 3.308457266858970142e-03 -6.753607354111080749e-03 1.011837306225923383e-01 7.505210851343277131e-03 1.875133185314200313e-01 1.951839749745521990e-01
6.900000000000000000e+02 1.019358090256337057e-01 3.490590034558850585e-03 -6.663896004825706557e-03 1.012282738189092535e-01 7.377251005091983727e-03 1.856179675212691060e-01 1.943910251829060187e-01
6.975000000000000000e+02 1.021933350358387865e-01 3.607786502386725949e-03 -6.575699997225388158e-03 1.013405295501606379e-01 7.256291161930478358e-03 1.836805718038090063e-01 1.936072181949042292e-01
7.050000000000000000e+02 1.025120230850915248e-01 3.740787808386983413e-03 -6.480319130899501318e-03 1.013872421152402920e-01 7.123942236152595170e-03 1.817133128570768974e-01 1.928062890287043363e-01
7.125000000000000000e+02 1.028504765954409289e-01 3.841829850212761903e-03 -6.379062235912103668e-03 1.015048647701372458e-01 7.004524863444390459e-03 1.796828960473259573e-01 1.920191187064520522e-01
7.200000000000000000e+02 1.032466897772111869e-01 3.899956057565516152e-03 -6.277592438739663765e-03 1.016189691657908151e-01 6.886879532543612771e-03 1.776570217721718803e-01 1.912613403575869619e-01
7.275000000000000000e+02 1.035802666421019036e-01 3.902309829884939921e-03 -6.171776771334376056e-03 1.016963388847028915e-01 6.761580430428797313e-03 1.755927109539446307e-01 1.904346582403746990e-01
7.350000000000000000e+02 1.040160459108675078e-01 3.955632373819692807e-03 -6.059494576100976290e-03 1.019016080049507528e-01 6.635217978453340597e-03 1.735306070008654500e-01 1.897241304583418553e-01
7.425000000000000000e+02 1.045299629694106669e-01 4.057079002450161495e-03 -5.950995336627579700e-03 1.021238111417499955e-01 6.506524265061463738e-03 1.714094072977961625e-01 1.890315907044783916e-01
7.500000000000000000e+02 1.050796979887813898e-01 4.051074869695441526e-03 -5.841680090393920784e-03 1.024379127852378529e-01 6.385396237285811440e-03 1.692626707458220470e-01 1.883901407599206657e-01
7.575000000000000000e+02 1.056577398546892643e-01 4.102305641396032307e-03 -5.720422056674130847e-03 1.028391126439576336e-01 6.264627283891995892e-03 1.670176977545278774e-01 1.877572751265874085e-01
7.650000000000000000e+02 1.061293093213604849e-01 4.149433660882394931e-03 -5.605391300083708249e-03 1.032855780658915590e-01 6.143578970192873322e-03 1.647231738070523421e-01 1.870690305971521861e-01
7.725000000000000000e+02 1.066801567893971153e-01 4.191258676285484000e-03 -5.480804876037512208e-03 1.037061930197835796e-01 6.019724938757871520e-03 1.623419401461438927e-01 1.863641449776622938e-01
7.800000000000000000e+02 1.071667341213485558e-01 4.124709471744341348e-03 -5.371878196155638677e-03 1.040718910630219207e-01 5.898913940521172648e-03 1.599042842848908685e-01 1.855714547346306587e-01
7.875000000000000000e+02 1.077743179133045653e-01 4.090402058717056318e-03 -5.252187183404458462e-03 1.045090770520700763e-01 5.772849733527853078e-03 1.573847734364626494e-01 1.848340842009186247e-01
7.950000000000000000e+02 1.085750512057107181e-01 4.146624357990721065e-03 -5.141981052059240928e-03 1.049113526953273784e-01 5.639129601561171205e-03 1.547906803135661313e-01 1.841385421073021278e-01
8.025000000000000000e+02 1.093100457202718229e-01 4.221166761014508509e-03 -5.010974438410890561e-03 1.054740471669878554e-01 5.509045382310727088e-03 1.521557404979581307e-01 1.834699166926089253e-01
8.100000000000000000e+02 1.100467460978159645e-01 4.209609902947925204e-03 -4.898894036792721639e-03 1.060975411339264568e-01 5.372624823927193288e-03 1.494034143595815711e-01 1.827738507956619962e-01
8.175000000000000000e+02 1.107377623888317897e-01 4.124037083723153078e-03 -4.790375903488970633e-03 1.067530586071147869e-01 5.240215255056014827e-03 1.466527513257875892e-01 1.820717861608670829e-01
8.250000000000000000e+02 1.112718891830279111e-01 4.083517137430010997e-03 -4.674307892444876621e-03 1.074288009694317481e-01 5.088392591168556557e-03 1.438075030430631118e-01 1.812540965977613716e-01
8.325000000000000000e+02 1.118803162532259476e-01 4.129492050861992801e-03 -4.554835300561283461e-03 1.081622067444817231e-01 4.943957070600453127e-03 1.409536137931279853e-01 1.804980683954178211e-01
8.400000000000000000e+02 1.125262562080980439e-01 4.251010527310181142e-03 -4.438048255269732428e-03 1.090229210383177882e-01 4.791211860354953160e-03 1.380230310774835378e-01 1.797861041619496780e-01
8.475000000000000000e+02 1.132440595071973755e-01 4.356865379196894934e-03 -4.320291739750890293e-03 1.098934619907927235e-01 4.648332609972948698e-03 1.350128423576065773e-01 1.790751819277983381e-01
8.550000000000000000e+02 1.141642772391246174e-01 4.473941046283761921e-03 -4.189283158636963184e-03 1.107340897098149091e-01 4.487631193006282569e-03 1.319081439021621560e-01 1.784032554255508551e-01
8.625000000000000000e+02 1.152837965328724484e-01 4.581082328220137043e-03 -4.076601305093508626e-03 1.115762850747704787e-01 4.347327385613415987e-03 1.287565653271332822e-01 1.778083234673881186e-01
8.700000000000000000e+02 1.162867430900943605e-01 4.684718802394676786e-03 -3.932895354274660443e-03 1.127077759092191128e-01 4.195479265606001824e-03 1.255234370900448759e-01 1.772589780446791607e-01
8.775000000000000000e+02 1.174956452032103471e-01 4.789040851674259379e-03 -3.816954423332732157e-03 1.139362200575968209e-01 4.042234568626267184e-03 1.222665061522095337e-01 1.768491857065083439e-01
8.850000000000000000e+02 1.187542184776559928e-01 4.823720732435930574e-03 -3.680379414775392533e-03 1.151076753438068367e-01 3.900790208039482242e-03 1.189346917137136389e-01 1.763982927675882273e-01
8.925000000000000000e+02 1.201765693829634496e-01 4.897653564220435206e-03 -3.557548479294205673e-03 1.163394658801112924e-01 3.743915835260212127e-03 1.155382319397408042e-01 1.760271336014077592e-01
9.000000000000000000e+02 1.216310247476759809e-01 4.951231247495392618e-03 -3.412115015401577436e-03 1.176820573835452716e-01 3.593066557673334823e-03 1.120440609815230165e-01 1.756785715563721484e-01
9.075000000000000000e+02 1.231753131114489835e-01 4.919835419120991392e-03 -3.289809143460910561e-03 1.191387956638480933e-01 3.445681644015610289e-03 1.084687877701321912e-01 1.753914482727146340e-01
9.150000000000000000e+02 1.246870259745450488e-01 4.930372863784238287e-03 -3.151405432738082699e-03 1.206571645794210085e-01 3.297276147205613610e-03 1.047953802180783267e-01 1.750697853860221920e-01
9.225000000000000000e+02 1.261690064876302697e-01 4.882512661523088354e-03 -3.021824133435897092e-03 1.221818660447983734e-01 3.142764044681769283e-03 1.010367100091478232e-01 1.746937912707882401e-01
9.300000000000000000e+02 1.276842632197199012e-01 4.791065529077619123e-03 -2.876509605530359979e-03 1.238039009760474596e-01 2.992869806897482422e-03 9.718614668946695678e-02 1.743371554426171588e-01
9.375000000000000000e+02 1.293568550237208514e-01 4.668983894797587401e-03 -2.756871619285338002e-03 1.255029831057783707e-01 2.853283255815052162e-03 9.325060914343830110e-02 1.740552236364687477e-01
9.450000000000000000e+02 1.309167786784607435e-01 4.537803856525577870e-03 -2.613012376010203069e-03 1.271874089153863518e-01 2.705589617606307239e-03 8.922548571564514752e-02 1.736648366547461353e-01
9.525000000000000000e+02 1.325262225397083049e-01 4.458472507203716309e-03 -2.483883207017585897e-03 1.286945524057188373e-01 2.583975153904057541e-03 8.509819299461035547e-02 1.731594839700187627e-01
9.600000000000000000e+02 1.339592529768870444e-01 4.336233909292261379e-03 -2.339382645717797467e-03 1.301797962246050433e-01 2.441429458250394396e-03 8.083269159624781319e-02 1.724858703988699782e-01
9.675000000000000000e+02 1.354440151771116596e-01 4.213775981338143024e-03 -2.208311316397723253e-03 1.317939976616972486e-01 2.330787896954255624e-03 7.650336935855905907e-02 1.718706910986839698e-01
9.750000000000000000e+02 1.368018400783741206e-01 3.952570099391637150e-03 -2.069264061176698168e-03 1.331347050198638526e-01 2.194052838920547335e-03 7.208151297691940684e-02 1.710090290375786692e-01
9.825000000000000000e+02 1.380319241082048620e-01 3.736562365701203824e-03 -1.951232663073419965e-03 1.342207124016739916e-01 2.082631837369576175e-03 6.752780936522079225e-02 1.698902229375498230e-01
9.900000000000000000e+02 1.387434935435057914e-01 3.460298492505487020e-03 -1.811518112035809475e-03 1.351496884221138339e-01 1.948260296116830761e-03 6.289278207059353920e-02 1.683929820181065962e-01
9.975000000000000000e+02 1.391536653041273164e-01 3.199671434541297328e-03 -1.687032715994320892e-03 1.357437417345620234e-01 1.853422403781158218e-03 5.816822116510613622e-02 1.665328141018977415e-01
1.005000000000000000e+03 1.390878967756870310e-01 3.019198881720681991e-03 -1.557696456339522501e-03 1.359622032492143751e-01 1.718792393800405716e-03 5.335168504158365604e-02 1.642008925332425207e-01
1.012500000000000000e+03 1.386446666904863345e-01 2.888704507703281077e-03 -1.440461776370102406e-03 1.354424013593288623e-01 1.648788998958164876e-03 4.844897419574466235e-02 1.612680211227799365e-01
1.020000000000000000e+03 1.375443702677262570e-01 2.720551830362270135e-03 -1.310315378899828877e-03 1.342561007218807390e-01 1.513957770448555885e-03 4.341431663948361330e-02 1.576073938145453046e-01
1.027500000000000000e+03 1.355025613460142109e-01 2.625511500090201532e-03 -1.208354373361843854e-03 1.321287670097185118e-01 1.444914821752143379e-03 3.831543653853538428e-02 1.529733824471340431e-01
1.035000000000000000e+03 1.321172503804730614e-01 2.377699278753609650e-03 -1.052802151409207038e-03 1.286832569823883610e-01 1.299247656565111425e-03 3.315650112063507626e-02 1.469785042417482424e-01
1.042500000000000000e+03 1.269206578502574401e-01 2.178926035679369048e-03 -9.632446954096844085e-04 1.234774293543160900e-01 1.246006651301638513e-03 2.792079945706487515e-02 1.391594433308191991e-01
1.050000000000000000e+03 1.194277117007099542e-01 1.630737339568092987e-03 -7.563874105741902809e-04 1.165449914916248941e-01 1.097069752206123773e-03 2.278603902654220692e-02 1.293793711094385346e-01
1.057500000000000000e+03 1.095749168492056308e-01 9.774402316909932067e-04 -6.794153599241716836e-04 1.070321016950581405e-01 1.029478419757216953e-03 1.785077093653739816e-02 1.172288947404005882e-01
1.065000000000000000e+03 9.636071828750004953e-02 -1.896561421849113208e-04 -4.621092321723799441e-04 9.531333063593493138e-02 8.263376114670134293e-04 1.349999440657326764e-02 1.025870216650041217e-01
1.072500000000000000e+03 8.081792359201298015e-02 -1.106543507285000227e-03 -3.657508908067698471e-04 8.079272176589862020e-02 7.206028398151609728e-04 9.976509290289882134e-03 8.579357732410072823e-02
1.080000000000000000e+03 6.475612096194129086e-02 -1.829573283778597329e-03 -1.787054194290584107e-04 6.789846097614588016e-02 5.696364920965100173e-04 7.678617430253871154e-03 7.016659968417050808e-02
1.087500000000000000e+03 5.274814829037044461e-02 -1.879727111698319955e-03 -1.056523918417194151e-04 5.876180180988410662e-02 1.884365549327349872e-04 6.200354325549892534e-03 5.885515221290222448e-02
1.095000000000000000e+03 4.603260679892977325e-02 -4.002767247687478123e-04 -2.619530670921275798e-04 4.847115433407014895e-02 3.593164744635309369e-05 5.100024576846823657e-03 4.980189285492337553e-02
1.102500000000000000e+03 3.915542240623424292e-02 -5.016181166750401880e-04 -5.222683166703482498e-05 3.803382245291202918e-02 2.062574445972931180e-04 4.105055016981480273e-03 4.064714993806387705e-02
1.110000000000000000e+03 3.106174506523984302e-02 2.616513742124867417e-04 7.459299354437693135e-05 3.337712770267674267e-02 3.085796337565073033e-04 3.366749147206451066e-03 3.390281095756152163e-02
1.117500000000000000e+03 2.629340979380262455e-02 6.709066563876474451e-04 -3.449416971711586157e-05 3.168521737710262853e-02 2.069592119021424479e-04 3.014679186876794564e-03 3.049665317889102556e-02
1.125000000000000000e+03 2.433889837610757681e-02 1.024301676880692369e-03 7.767694370914531357e-05 2.833514573330143602e-02 1.805892515608453850e-04 2.973223082060655678e-03 2.782363359573483338e-02
1.132500000000000000e+03 1.972246634281397612e-02 1.113364359083396848e-03 -2.899550594263757716e-05 2.112762516615727254e-02 1.153437461247293935e-04 3.067730643747578097e-03 2.195891107635941294e-02
1.140000000000000000e+03 1.324510043578465239e-02 7.013276170453699478e-04 1.443490505606219698e-05 1.342911431891874452e-02 1.285294149845477040e-04 3.152790604748207173e-03 1.491350267972580204e-02
1.147500000000000000e+03 7.655631317470957056e-03 3.354402659636601669e-04 5.029895699083658556e-06 7.529462214936492870e-03 7.247922846997536899e-05 3.104936712447199740e-03 9.145015122427324616e-03
1.155000000000000000e+03 4.051838037816551420e-03 9.303138439193086705e-05 9.708281797157585196e-06 3.902510992229305323e-03 8.101507830135535866e-05 2.919543367302987209e-03 5.436946198674422193e-03
1.162500000000000000e+03 2.323368395259095987e-03 1.463024173993128225e-05 2.411232847544061256e-05 2.208863373221863283e-03 5.084166124602527124e-05 2.629874793286605603e-03 3.581053280883782219e-03
1.170000000000000000e+03 1.625721172404096318e-03 -6.275587834069628880e-06 1.855978973467548165e-05 1.581542670909349795e-03 3.780804512841055831e-05 2.287004451333082486e-03 2.747134147323264299e-03
1.177500000000000000e+03 1.394690568285364592e-03 -1.629168949388119984e-05 3.128168080316316713e-05 1.432320726787363746e-03 5.258556105307234021e-05 1.961347024933131518e-03 2.394179160002929928e-03
1.185000000000000000e+03 1.265215135069544397e-03 -6.118347815365065965e-06 2.213035471827169278e-05 1.362822257526364461e-03 1.240658863137310180e-05 1.674652895450035300e-03 2.151345144022972188e-03
1.192500000000000000e+03 1.204640027590011967e-03 -2.887266194213067340e-05 3.292891359578407407e-05 1.327848260700745025e-03 5.414304369927005280e-05 1.444965911933671033e-03 1.988727100112214121e-03
1.200000000000000000e+03 1.092105832260089303e-03 4.573635282089760514e-06 2.670835588960665635e-05 1.205524372784109056e-03 3.613509602095802498e-06 1.264569524159069557e-03 1.781099864601633958e-03
1.207500000000000000e+03 1.073806713681181059e-03 -2.616817644334519199e-05 3.454227345222953097e-05 1.218665591152050991e-03 4.937318595718521389e-05 1.124696368614561516e-03 1.708584336723896566e-03
1.215000000000000000e+03 9.604978770096703330e-04 1.673756411904161602e-05 2.921354538142844715e-05 1.061334801206217622e-03 6.165053636335312828e-06 1.016049605517186510e-03 1.518941141866537179e-03
1.222500000000000000e+03 9.654749545713741136e-04 -1.785586593140431401e-05 3.588143568467872104e-05 1.108976079241155970e-03 4.389436464589333833e-05 9.346404465062057437e-04 1.504545740159367968e-03
1.230000000000000000e+03 8.539773106909329548e-04 2.424937461680327745e-05 3.068590411550217300e-05 9.439741505287516663e-04 1.085513811148715355e-05 8.666627712021444940e-04 1.332307116210914612e-03
1.237500000000000000e+03 8.683364476587261032e-04 -9.598032990513959977e-06 3.654503093823158064e-05 1.009746915503350381e-03 4.144393069112399736e-05 8.211808858298004846e-04 1.349632124495938430e-03
1.245000000000000000e+03 7.665081203075644212e-04 2.837132201705943067e-05 3.078566427468846210e-05 8.549578742125575354e-04 1.332193903612756997e-05 7.763651198637296167e-04 1.198915557191925895e-03
1.252500000000000000e+03 7.831893513758302321e-04 -2.698406017443755040e-06 3.689416396221529486e-05 9.256420368017642848e-04 4.069845954237922262e-05 7.536576320393065503e-04 1.231244510108450534e-03
1.260000000000000000e+03 6.948762583198552856e-04 3.112559310242941728e-05 2.989224970811595476e-05 7.878870774456789121e-04 1.420147031329557012e-05 7.229704639759684023e-04 1.102866899870751354e-03
1.267500000000000000e+03 7.100308530653272028e-04 3.350974160761932445e-06 3.691802674408041480e-05 8.546493714142714858e-04 4.021733328932393956e-05 7.156093732516935219e-04 1.140144798865645997e-03
1.275000000000000000e+03 6.348115804155597891e-04 3.316035407383362179e-05 2.859165719413294662e-05 7.342380330472852989e-04 1.457870420850454691e-05 6.938115284192499952e-04 1.031430570941047542e-03
1.282500000000000000e+03 6.466783565144973173e-04 8.957538475316350837e-06 3.629829111851668035e-05 7.958257319334651218e-04 3.994636971241964841e-05 6.970096697593439672e-04 1.069756879103653203e-03
1.290000000000000000e+03 5.836694229607333707e-04 3.450009325132397190e-05 2.706287658126285738e-05 6.893962961681796052e-04 1.497638741382072692e-05 6.807045722153891873e-04 9.768851456721510274e-04
1.297500000000000000e+03 5.920357745669881100e-04 1.391021478968266154e-05 3.507210230457484475e-05 7.471771995909406907e-04 3.963097843926708552e-05 6.912238329115229880e-04 1.015218403534725840e-03
1.305000000000000000e+03 5.402204488146427870e-04 3.491940378107294461e-05 2.541286124976183220e-05 6.518202554685988614e-04 1.551016223349877945e-05 6.781666998835193154e-04 9.351037020833804277e-04
1.312500000000000000e+03 5.460394237840967982e-04 1.800520355895400939e-05 3.343319578734522225e-05 7.061934536661319296e-04 3.896682424445481311e-05 6.938511302644818132e-04 9.730420038573552163e-04
1.320000000000000000e+03 5.037972785162291240e-04 3.453717808253316084e-05 2.374444268929028348e-05 6.199477549576643421e-04 1.610679282362478633e-05 6.825334100606564704e-04 9.031392217672749682e-04
1.327500000000000000e+03 5.086913811557548792e-04 2.099439635826971798e-05 3.149222768371875102e-05 6.710758072555663561e-04 3.784661915195255716e-05 7.019185545326712440e-04 9.408428714719962397e-04
1.335000000000000000e+03 4.743046986578963926e-04 3.343401312846126170e-05 2.214108950344418006e-05 5.927770444640655199e-04 1.661923803339605170e-05 6.912888095967165700e-04 8.791852763593392683e-04
1.342500000000000000e+03 4.796570035347911447e-04 2.283504865991865500e-05 2.932228081159890014e-05 6.408699568163865037e-04 3.637409408614154804e-05 7.133281780096046134e-04 9.169275691803910767e-04
1.350000000000000000e+03 4.518593603963066952e-04 3.168025175874599999e-05 2.064048657105487300e-05 5.697221640606484668e-04 1.688695415383321136e-05 7.026331240363937114e-04 8.621073242466744096e-04
1.357500000000000000e+03 4.584111353214498320e-04 2.371338051766498290e-05 2.702849100264695343e-05 6.151747684530580384e-04 3.469493142604931587e-05 7.265509267887107318e-04 9.000684152816093011e-04
1.365000000000000000e+03 4.364079070039665999e-04 2.948957222421686472e-05 1.924838143072247251e-05 5.505366540812058800e-04 1.680127069702915432e-05 7.152444028370602298e-04 8.510944819611163548e-04
1.372500000000000000e+03 4.444422668906011157e-04 2.389875990455889862e-05 2.473684219696394406e-05 5.937193362766510956e-04 3.291184164596713027e-05 7.404729427800926496e-04 8.893172729736724576e-04
1.380000000000000000e+03 4.276047317983152989e-04 2.722423067082484389e-05 1.796694104449820964e-05 5.348983460470746899e-04 1.636151484936541588e-05 7.281790767352368937e-04 8.453410772903134683e-04
1.387500000000000000e+03 4.371647850492531751e-04 2.374535549726015636e-05 2.253936196892218069e-05 5.759677262592189251e-04 3.107609271957909698e-05 7.543187037022406000e-04 8.837256075053562688e-04
1.395000000000000000e+03 4.249134263002830132e-04 2.515782135273969384e-05 1.680877635602612684e-05 5.223678475506901477e-04 1.567427552488300194e-05 7.408296521653159232e-04 8.440554630081445421e-04
1.402500000000000000e+03 4.358830061027752141e-04 2.354786262472563475e-05 2.050495442191939828e-05 5.611414544327642320e-04 2.917424764564154790e-05 7.675871251120922577e-04 8.823057928238158248e-04
1.410000000000000000e+03 4.275579387039445578e-04 2.356161123911437705e-05 1.579444025699463971e-05 5.122935461311228919e-04 1.483500049662561975e-05 7.528354296130949745e-04 8.463434572240812392e-04
1.417500000000000000e+03 4.397197757981609377e-04 2.347011581700897523e-05 1.867278375595324814e-05 5.484401423596577813e-04 2.722419503470875285e-05 7.799966443210243003e-04 8.840782812394214554e-04
1.425000000000000000e+03 4.346070717972739042e-04 2.255704293908484834e-05 1.494078007655086989e-05 5.039695898165616385e-04 1.389020345019449574e-05 7.640218855388827097e-04 8.512992735763590720e-04
1.432500000000000000e+03 4.475958369065954163e-04 2.358996873564995640e-05 1.706829097762917132e-05 5.370943785762674529e-04 2.523459993036221685e-05 7.914297277518554836e-04 8.880599716173591222e-04
1.440000000000000000e+03 4.449556856172487093e-04 2.213985222917980034e-05 1.424675547620105976e-05 4.967353620440678958e-04 1.285343910294538894e-05 7.743514406626763246e-04 8.580212441619964377e-04
1.447500000000000000e+03 4.582881235019963906e-04 2.390864208978884495e-05 1.570086282998168286e-05 5.264467188714034521e-04 2.319738681180932022e-05 8.018910877864378383e-04 8.933129650799188134e-04
1.455000000000000000e+03 4.573684123923668805e-04 2.222651783182181225e-05 1.369308204167504439e-05 4.900032836693169087e-04 1.171856768236079728e-05 7.838800673191469301e-04 8.656258816904154139e-04
1.462500000000000000e+03 4.705246341440376249e-04 2.437189895810245731e-05 1.456383959724087052e-05 5.159686408712232811e-04 2.110511733741434338e-05 8.114614246831748862e-04 8.989773498492179774e-04
1.470000000000000000e+03 4.705919938759408781e-04 2.268892659480359483e-05 1.325424174687228354e-05 4.832484024097816362e-04 1.048765117077058238e-05 7.927190105994102358e-04 8.732797034425663751e-04
1.477500000000000000e+03 4.830647641203896924e-04 2.488743057889584206e-05 1.364071456997372146e-05 5.051912888448951543e-04 1.895705845767172562e-05 8.202570241541719525e-04 9.042565385597283725e-04
1.485000000000000000e+03 4.834303880549572249e-04 2.336399926525585099e-05 1.290658461265242278e-05 4.759966547140262265e-04 9.179572140373436825e-06 8.010004891038303076e-04 8.802137659364068795e-04
1.492500000000000000e+03 4.947311841840258771e-04 2.534620936601053199e-05 1.291482874606036749e-05 4.936759578799749431e-04 1.676504802070970235e-05 8.284007581011492089e-04 9.084039500825750145e-04
1.500000000000000000e+03 4.947611472321590022e-04 2.406820855453757255e-05 1.263121354098268344e-05 4.678055648986802532e-04 7.829443576688706869e-06 8.088517327166348412e-04 8.857092224237371296e-04
1.507500000000000000e+03 5.044175476311297396e-04 2.563127705103465000e-05 1.237349353528867321e-05 4.810240989465995923e-04 1.454986402694420030e-05 8.359992578519598663e-04 9.107204522148446262e-04
1.515000000000000000e+03 5.035528109757834818e-04 2.461352890434849279e-05 1.241548261953218712e-05 4.582861602021979933e-04 6.484767431117714985e-06 8.163758335259004711e-04 8.891074023519409189e-04
1.522500000000000000e+03 5.111114658392838881e-04 2.563831268881378023e-05 1.200790067342006741e-05 4.668897808637035673e-04 1.234027734268146131e-05 8.431273634746685964e-04 9.105643050888281072e-04
1.530000000000000000e+03 5.088857968773467062e-04 2.482841326196822884e-05 1.225280530416247150e-05 4.471393158803259544e-04 5.180463807865519753e-06 8.236367620816423523e-04 8.898309374196575064e-04
1.537500000000000000e+03 5.139400291793192821e-04 2.528864612662422542e-05 1.181101778032255755e-05 4.510677669955047431e-04 1.016949636016261098e-05 8.498194422781439345e-04 9.074136192264840341e-04
1.545000000000000000e+03 5.099865845683651012e-04 2.458188703706243178e-05 1.214062184265541768e-05 4.341891468605652395e-04 3.950111052458883861e-06 8.306445354967770863e-04 8.874101334628537677e-04
1.552500000000000000e+03 5.122161957499538065e-04 2.453365208801327988e-05 1.177363805359078271e-05 4.335334878383822099e-04 8.063930231134721507e-06 8.560615615278754963e-04 9.009056225581057835e-04
1.560000000000000000e+03 5.062693575078333966e-04 2.379298679551027334e-05 1.207939776805426376e-05 4.194148124483010787e-04 2.812372195726021160e-06 8.373448494101944821e-04 8.815145096831645058e-04
1.567500000000000000e+03 5.054753950533495384e-04 2.335900423729073591e-05 1.188234754680385209e-05 4.144453624674607705e-04 6.049986268260087655e-06 8.617813888678728471e-04 8.908510731943415509e-04
1.575000000000000000e+03 4.973805033906700344e-04 2.244027768142657758e-05 1.207121104278964876e-05 4.029629330676975235e-04 1.766231549916513063e-06 8.436082224501860157e-04 8.719758294542768410e-04
1.582500000000000000e+03 4.934958121591306824e-04 2.179647294205144700e-05 1.211790852901703592e-05 3.941304852194422309e-04 4.153967611368488861e-06 8.668379365361911226e-04 8.772321169573820722e-04
1.590000000000000000e+03 4.832335504061660244e-04 2.057096468273549275e-05 1.211852373283471561e-05 3.851096290587181087e-04 7.728187779739702228e-07 8.492216704965885278e-04 8.587824249807363575e-04
1.597500000000000000e+03 4.763317947187071600e-04 1.991096469213839826e-05 1.244729407388917815e-05 3.730908368109533426e-04 2.434586146953785661e-06 8.710155734161775451e-04 8.602191024729189967e-04
1.605000000000000000e+03 4.640233858430322603e-04 1.833077732492736239e-05 1.221505766016370806e-05 3.662180677093479172e-04 -1.921182419029145175e-07 8.538937377533904879e-04 8.420675956528852514e-04
1.612500000000000000e+03 4.543347799318354550e-04 1.780777990426756155e-05 1.283710892042202786e-05 3.518294950821351276e-04 8.682116777163071881e-07 8.740199845975351982e-04 8.400921298057529175e-04
1.620000000000000000e+03 4.402229209480035006e-04 1.592884390324869097e-05 1.233864079308783983e-05 3.467822082890702510e-04 -1.101058954318572802e-06 8.572585085313972871e-04 8.221318188842355193e-04
1.627500000000000000e+03 4.281514203714696090e-04 1.565590529634421814e-05 1.324624956535279052e-05 3.309557295954594245e-04 -5.433205834041549626e-07 8.754884992550589565e-04 8.172978246109939950e-04
1.635000000000000000e+03 4.126036244113072122e-04 1.359315812756385371e-05 1.246587869371018212e-05 3.273617757316999843e-04 -1.946602995720532480e-06 8.588872933925989711e-04 7.994263467678030567e-04
1.642500000000000000e+03 3.987108386446638420e-04 1.363404764072386700e-05 1.363276831927460396e-05 3.111291078950259169e-04 -1.793207536269482113e-06 8.749994765213605676e-04 7.924197115305251903e-04
1.650000000000000000e+03 3.822202205991824314e-04 1.155568194958291941e-05 1.257494017662628486e-05 3.085921781368614926e-04 -2.714000413982369217e-06 8.582980253514494156e-04 7.745552120437466156e-04
1.657500000000000000e+03 3.672011751577177537e-04 1.193558139102268657e-05 1.395654833246666487e-05 2.930314917317021440e-04 -2.881189566711240960e-06 8.720925700274808224e-04 7.661626184584503872e-04
1.665000000000000000e+03 3.503923727266011453e-04 9.968218086732072238e-06 1.264880230144438113e-05 2.911756947785384833e-04 -3.392188074772442000e-06 8.549703409141969730e-04 7.482692042096682466e-04
1.672500000000000000e+03 3.350447035592758879e-04 1.074091987160663623e-05 1.417755408471871285e-05 2.773838166195361226e-04 -3.776154866675747550e-06 8.662749519711756023e-04 7.393517360749937792e-04
1.680000000000000000e+03 3.186582252838558445e-04 8.989703652412117736e-06 1.267249589731680139e-05 2.759898679675622203e-04 -3.998613799918563086e-06 8.483658767740831453e-04 7.215069850127506321e-04
1.687500000000000000e+03 3.038610910327615121e-04 1.015720043977035310e-05 1.427408528170551801e-05 2.649932528388093938e-04 -4.467971306118957444e-06 8.570241392792379495e-04 7.129392415754044277e-04
1.695000000000000000e+03 2.887258144821638266e-04 8.703699965375655693e-06 1.263047729481725173e-05 2.640264780343713606e-04 -4.522635237849293187e-06 8.379341462510145853e-04 6.953432193837748862e-04
1.702500000000000000e+03 2.754048617405386624e-04 1.026272906722365195e-05 1.423218544745050392e-05 2.568537978703400301e-04 -4.929275453420251341e-06 8.438053070967189203e-04 6.880319833537987522e-04
1.710000000000000000e+03 2.624035783869011732e-04 9.166490838195873235e-06 1.251481442810310196e-05 2.563048037999878914e-04 -4.967208180396957845e-06 8.231312601772320303e-04 6.709198211820605745e-04
1.717500000000000000e+03 2.514924312447268016e-04 1.109915526016713769e-05 1.404394012557032601e-05 2.540231336276567681e-04 -5.148840324961661808e-06 8.260969049580307259e-04 6.658062349152072019e-04
1.725000000000000000e+03 2.415150230313288049e-04 1.041232836982208796e-05 1.232040199327936306e-05 2.539441716606735027e-04 -5.333396034181818434e-06 8.034496098993547863e-04 6.494544022956785876e-04
1.732500000000000000e+03 2.339088780413210852e-04 1.268625400413192496e-05 1.370773727162489798e-05 2.575391416237959581e-04 -5.134365156970069295e-06 8.034222361249139261e-04 6.474351278950154576e-04
1.740000000000000000e+03 2.278028969498186568e-04 1.246123590476466749e-05 1.204738188350882591e-05 2.580536753217931197e-04 -5.627453367599991388e-06 7.784567735706517241e-04 6.321566729211317232e-04
1.747500000000000000e+03 2.243107557889823412e-04 1.503121112881018521e-05 1.322449988585128217e-05 2.683626121825186703e-04 -4.910603099116628348e-06 7.753915029004502905e-04 6.340324354359756645e-04
1.755000000000000000e+03 2.228324383927115745e-04 1.531902422867332809e-05 1.169797383992378443e-05 2.696140970835191725e-04 -5.845636122708304138e-06 7.478384224216525801e-04 6.201424789489416636e-04
1.762500000000000000e+03 2.241322071605882321e-04 1.812145126187534181e-05 1.259438237320387699e-05 2.872891953420749606e-04 -4.486353326693304339e-06 7.417447887561032021e-04 6.265830956293832110e-04
1.770000000000000000e+03 2.279017523373017494e-04 1.895340345069351765e-05 1.127487223760471992e-05 2.894792170184429139e-04 -6.021817658092325732e-06 7.114340613052137731e-04 6.144075153304792182e-04
1.777500000000000000e+03 2.345010985146783993e-04 2.193502377071965156e-05 1.182934910666760047e-05 3.148579769160896741e-04 -3.896458441523951077e-06 7.023832827807621314e-04 6.258711791057651160e-04
1.785000000000000000e+03 2.439641124702934111e-04 2.329479890115822096e-05 1.077272874892129645e-05 3.182405995405410896e-04 -6.148900547322297819e-06 6.692675199328820953e-04 6.157361159718582845e-04
1.792500000000000000e+03 2.561740583961667176e-04 2.640862511224408813e-05 1.094736935205369617e-05 3.513703648673457470e-04 -3.196694352840510030e-06 6.573940213542133751e-04 6.324692223088629198e-04
1.800000000000000000e+03 2.715638130742274140e-04 2.824541220715746061e-05 1.019075167085788019e-05 3.561711284905801165e-04 -6.213385149199399926e-06 6.215631067536264449e-04 6.246490241592169606e-04
1.807500000000000000e+03 2.894724206613113224e-04 3.144868871198971516e-05 9.969631033042148822e-06 3.968383326253269107e-04 -2.433514089459494033e-06 6.070695529953355155e-04 6.466901531409868743e-04
1.815000000000000000e+03 3.107781904741357569e-04 3.367777380125769180e-05 9.532909224598564547e-06 4.032220935004772813e-04 -6.213339882024275877e-06 5.687627778615271436e-04 6.413815309180700367e-04
1.822500000000000000e+03 3.342182857087732674e-04 3.694586769794252216e-05 8.922870070765647271e-06 4.509254574232841157e-04 -1.648720899424156713e-06 5.519265840794272942e-04 6.685351636057422844e-04
1.830000000000000000e+03 3.611535024066298244e-04 3.945080262167843972e-05 8.806671722097336385e-06 4.589175207882602650e-04 -6.146260140190215395e-06 5.115470959034762411e-04 6.658090595491831382e-04
1.837500000000000000e+03 3.896737530878713546e-04 4.278668056886250279e-05 7.838818838544373845e-06 5.128861876221776092e-04 -8.819675873009285028e-07 4.927302444642594169e-04 6.976450925871541904e-04
1.845000000000000000e+03 4.216435516167605984e-04 4.540091576670439677e-05 8.021057816590008031e-06 5.223231144768430371e-04 -6.008473493666387535e-06 4.508559594738123641e-04 6.974113127837079998e-04
1.852500000000000000e+03 4.544897924542023343e-04 4.884014343563283046e-05 6.747765315681867952e-06 5.815115191978075188e-04 -1.673061781495798642e-07 4.305165148418519674e-04 7.332589132469309644e-04
1.860000000000000000e+03 4.905897175242187941e-04 5.138001507001597421e-05 7.191507811431599868e-06 5.920808027507645527e-04 -5.795655969251621401e-06 3.878971542233538173e-04 7.352838372491685278e-04
1.867500000000000000e+03 5.267015947088163428e-04 5.495609021414962075e-05 5.681766706415967396e-06 6.550508029093494783e-04 4.665034433904775274e-07 3.665894441257467684e-04 7.741709208719561863e-04
1.875000000000000000e+03 5.657290775470035990e-04 5.722286945044156983e-05 6.328584130255226791e-06 6.663479149650241781e-04 -5.511962645377620666e-06 3.241386909292636375e-04 7.781078417206457615e-04
1.882500000000000000e+03 6.037945649030755429e-04 6.097211223905949585e-05 4.670481231937559384e-06 7.313835945891622491e-04 9.969267260335460013e-07 3.024995911064364408e-04 8.188388752993371435e-04
1.890000000000000000e+03 6.442851495995747819e-04 6.276877053997251862e-05 5.442051637132435043e-06 7.427167889204513550e-04 -5.159939246975269280e-06 2.612636082029097702e-04 8.241327733614679536e-04
1.897500000000000000e+03 6.828052044467635339e-04 6.670903558972413494e-05 3.736425078977610746e-06 8.080814803889174378e-04 1.409189476481939446e-06 2.399947874293327499e-04 8.654407361325069286e-04
1.905000000000000000e+03 7.230914124030923948e-04 6.786181664512067405e-05 4.540921538094054539e-06 8.184426237911657026e-04 -4.747206026644403707e-06 2.011079318796226865e-04 8.713209840369403377e-04
1.912500000000000000e+03 7.604453884272021876e-04 7.198729403015402528e-05 2.893789179521975120e-06 8.824049417511730742e-04 1.696321916952908308e-06 1.809581703081361624e-04 9.119042502432557528e-04
1.920000000000000000e+03 7.987162056233436435e-04 7.236127845656942822e-05 3.631744320538505578e-06 8.905417188464419091e-04 -4.285567761335981909e-06 1.455994127045639097e-04 9.174286685871746363e-04
1.927500000000000000e+03 8.332168665869940172e-04 7.663988472288538894e-05 2.146423476668666372e-06 9.513964078138432111e-04 1.861819150750074269e-06 1.273467815853264581e-04 9.559800279930817483e-04
1.935000000000000000e+03 8.675747472740059918e-04 7.614463200268347179e-05 2.718927079894019983e-06 9.558579071045368363e-04 -3.792634049908165503e-06 9.669872844542996772e-05 9.600656914119864386e-04
1.942500000000000000e+03 8.975172242290227389e-04 8.051902846482894300e-05 1.486016348840356053e-06 1.011970129815984408e-03 1.922718259012242682e-06 8.112786242472516489e-05 9.953076082348660814e-04
1.950000000000000000e+03 9.260526232291806277e-04 7.910242564017320207e-05 1.806991462115840192e-06 1.011168545561879750e-03 -3.295600323531676497e-06 5.632878864402802581e-05 9.967749787175442591e-04
1.957500000000000000e+03 9.498049233690487045e-04 8.349952137685914756e-05 8.908537156180277857e-07 1.061056377272431286e-03 1.915043320535967615e-06 4.419123189200316256e-05 1.027526266266741688e-03
1.965000000000000000e+03 9.707573645965407189e-04 8.113795672245194550e-05 9.050235404914594915e-07 1.053425403517746755e-03 -2.835982543681168995e-06 2.626652136514804389e-05 1.025224644739717922e-03
1.972500000000000000e+03 9.869458616673476396e-04 8.549075887546315740e-05 3.278617103543278924e-07 1.095926690659154972e-03 1.899269908488758204e-06 1.821411418252547702e-05 1.050543333254513965e-03
1.980000000000000000e+03 9.988296724012422304e-04 8.216274237064551068e-05 2.663305250817527698e-08 1.080067291562005751e-03 -2.466455791688944680e-06 7.983764551932444740e-06 1.043440364257590316e-03
1.987500000000000000e+03 1.006182167431766365e-03 8.638735142365581217e-05 -2.384362385914211362e-07 1.114126776646307600e-03 1.945486874911367087e-06 4.485753044708081243e-06 1.062397348561390986e-03
1.995000000000000000e+03 1.007753361683354394e-03 8.210086788245973604e-05 -8.229517340430954853e-07 1.088699299503980908e-03 -2.264059762842121423e-06 2.463597855087296869e-06 1.049458129521211322e-03
