 z uu uv uw vv vw ww tke
0.000000000000000000e+00 4.770782915605054630e-01 3.767390018517818295e-01 -3.995321854837066504e-04 4.428333401034635908e-01 -3.180315584707851654e-04 3.954251839939064309e-05 4.599755870911842459e-01
2.500000000000000000e+00 8.339881275107360326e-01 6.992456990466995315e-01 -2.333828254131881455e-02 7.767757222629050329e-01 -2.229792310945382869e-02 2.865749463722662167e-03 8.068147996186819659e-01
5.000000000000000000e+00 1.113745006622883560e+00 9.402305594678446177e-01 -5.861645246050133790e-02 1.028280010445828951e+00 -5.574851504049157386e-02 1.307092616442072537e-02 1.077547971616566569e+00
7.500000000000000000e+00 1.323673541449448487e+00 1.102564934438594380e+00 -9.010364704919933410e-02 1.203229042376571245e+00 -8.517371845201100744e-02 2.634866457495152817e-02 1.276625624200485642e+00
1.000000000000000000e+01 1.424220427014673218e+00 1.160499554637886011e+00 -1.163450844284151797e-01 1.276560961787820414e+00 -1.092538057074659424e-01 4.206424186080556099e-02 1.371422815331649447e+00
1.250000000000000000e+01 1.421777272967816419e+00 1.128164532498574513e+00 -1.336931583466905993e-01 1.261317483441436904e+00 -1.245749651807507713e-01 5.849618646692840429e-02 1.370795471438090773e+00
1.500000000000000000e+01 1.356469952404138146e+00 1.045153870704081056e+00 -1.445937679024856259e-01 1.195497729524526376e+00 -1.335679588106224724e-01 7.588362287313270282e-02 1.313925652400898647e+00
1.750000000000000000e+01 1.269263403821413450e+00 9.479093182309127341e-01 -1.508192144237277821e-01 1.113496194918076831e+00 -1.380056853387315041e-01 9.294663250622131612e-02 1.237853115622855604e+00
2.000000000000000000e+01 1.183133042387872091e+00 8.557559718176731556e-01 -1.546173180811580006e-01 1.034058738532166011e+00 -1.400829514758908934e-01 1.089890835237867367e-01 1.163090432221912440e+00
2.250000000000000000e+01 1.106550513741896946e+00 7.752119604096801009e-01 -1.568399814630630218e-01 9.639962200448466412e-01 -1.406215354675990625e-01 1.232282949673199762e-01 1.096887514377031803e+00
2.500000000000000000e+01 1.040996719252102132e+00 7.069606545680103826e-01 -1.582067965855026292e-01 9.043404492156167374e-01 -1.403326368238195232e-01 1.353951257167543276e-01 1.040366147092236515e+00
2.750000000000000000e+01 9.858758554628322957e-01 6.497595217318088423e-01 -1.589934701961377150e-01 8.536025044472911327e-01 -1.395192290269041124e-01 1.453732073721555884e-01 9.924257836411395362e-01
3.000000000000000000e+01 9.399268034068433142e-01 6.019256922550758615e-01 -1.594266645817879746e-01 8.099435209021452753e-01 -1.384348430692823595e-01 1.533403148308081776e-01 9.516053195698983558e-01
3.250000000000000000e+01 9.011881886878323478e-01 5.612108366376390434e-01 -1.595710026568185891e-01 7.716451186115483862e-01 -1.371504874626518489e-01 1.595483367644007222e-01 9.161908220318908391e-01
3.500000000000000000e+01 8.682840135338305565e-01 5.263744233639000569e-01 -1.595020328844210800e-01 7.378419409542655849e-01 -1.357205673799112833e-01 1.642902289303630747e-01 8.852080917092296497e-01
3.750000000000000000e+01 8.404287762251584359e-01 4.968813144039672114e-01 -1.592867311953983511e-01 7.081757989064959569e-01 -1.342038538921034030e-01 1.678114072814809454e-01 8.582079912065676552e-01
4.000000000000000000e+01 8.169950264003276175e-01 4.722823245270237891e-01 -1.589853223321919251e-01 6.820859113481545499e-01 -1.326458809940489481e-01 1.703251762231925981e-01 8.347030569858373550e-01
4.250000000000000000e+01 7.971506909989635181e-01 4.517053807058359904e-01 -1.585940092043040817e-01 6.588587752367455197e-01 -1.310424358647255538e-01 1.719991864987067964e-01 8.140043263672078755e-01
4.500000000000000000e+01 7.805164466312648486e-01 4.341635618679053343e-01 -1.581486930156416337e-01 6.380769203459883965e-01 -1.294078509623702300e-01 1.729747115668110458e-01 7.957840392720321177e-01
4.750000000000000000e+01 7.661108016603528359e-01 4.186533679259481500e-01 -1.576371793950115952e-01 6.193775297845907080e-01 -1.277387177893838099e-01 1.734084155705875874e-01 7.794483735077655240e-01
5.000000000000000000e+01 7.533000622593215567e-01 4.051614592344400800e-01 -1.570807898920905388e-01 6.028079541596913504e-01 -1.260605400820973832e-01 1.734346313735239120e-01 7.647713238962684512e-01
5.250000000000000000e+01 7.418378349473410127e-01 3.939574261092261276e-01 -1.565099787175640855e-01 5.884638932116641463e-01 -1.244024299991084437e-01 1.731416979478180018e-01 7.517217130534115110e-01
5.500000000000000000e+01 7.314101437563400587e-01 3.845513511435961207e-01 -1.559263395256565987e-01 5.760097845171103792e-01 -1.227607608041343112e-01 1.726184916180083795e-01 7.400192099457294503e-01
5.750000000000000000e+01 7.217277300110478411e-01 3.762006310420740740e-01 -1.553096095609747263e-01 5.649015435752660075e-01 -1.211170247445417930e-01 1.719296597102314972e-01 7.292794666482727006e-01
6.000000000000000000e+01 7.131361208586650680e-01 3.687039701075912057e-01 -1.546546805746504549e-01 5.548851089214247301e-01 -1.194588838326006430e-01 1.710777211713651047e-01 7.195494754757274514e-01
6.250000000000000000e+01 7.060649562555703085e-01 3.622261923850453869e-01 -1.539885431614388678e-01 5.459149433527961115e-01 -1.178032909127740141e-01 1.700652936518140534e-01 7.110225966300902645e-01
6.500000000000000000e+01 7.001834064969101323e-01 3.566378356656154658e-01 -1.533070129094273593e-01 5.378871604152045682e-01 -1.161527049999146743e-01 1.689385137884713006e-01 7.035045403502929728e-01
6.750000000000000000e+01 6.949375160015983655e-01 3.516412568436144692e-01 -1.525988695802219519e-01 5.306328905896762205e-01 -1.144966830016711373e-01 1.677853390793810351e-01 6.966778728353278938e-01
7.000000000000000000e+01 6.900897118686372123e-01 3.473837912753453550e-01 -1.518684712918760837e-01 5.239433423779226162e-01 -1.128599801261587626e-01 1.666752910213887273e-01 6.903541726339742501e-01
7.250000000000000000e+01 6.852388196975724988e-01 3.433747348404282973e-01 -1.511367696690489038e-01 5.170091189481990090e-01 -1.112339159496018443e-01 1.656344377214918617e-01 6.839411881836316986e-01
7.500000000000000000e+01 6.801296222030855931e-01 3.389876185789620355e-01 -1.503993171510931148e-01 5.096206666997261658e-01 -1.096185885112908598e-01 1.646684110315353167e-01 6.772093499671735239e-01
7.750000000000000000e+01 6.748088209877043386e-01 3.342467778722642557e-01 -1.496597838620953302e-01 5.022528700377877353e-01 -1.080187148292025556e-01 1.637774784880568213e-01 6.704195847567744337e-01
8.000000000000000000e+01 6.695461059564161710e-01 3.295513835450222806e-01 -1.489083401587558975e-01 4.953118280978475729e-01 -1.064342901487631277e-01 1.629472061687876339e-01 6.639025701115256473e-01
8.250000000000000000e+01 6.646957935819636232e-01 3.250331958371380225e-01 -1.481454343201631108e-01 4.887700651473909641e-01 -1.048625080898634016e-01 1.621173608839539260e-01 6.577916098066541872e-01
8.500000000000000000e+01 6.605492544324715887e-01 3.209367932249123645e-01 -1.473660227649869203e-01 4.828333206129924449e-01 -1.033108773147455167e-01 1.612279617879671945e-01 6.523052684167156556e-01
8.750000000000000000e+01 6.565809873611672121e-01 3.172089294309161089e-01 -1.465710696393411616e-01 4.774145038737148683e-01 -1.017885275499891412e-01 1.602693168513896205e-01 6.471324040431358782e-01
9.000000000000000000e+01 6.522042038336427483e-01 3.136130883105184286e-01 -1.457728633530272766e-01 4.721400898724968376e-01 -1.002877716030973615e-01 1.592808207886066418e-01 6.418125572473731832e-01
9.250000000000000000e+01 6.480170996928145133e-01 3.103608330511455904e-01 -1.449812651291384202e-01 4.669446871913245367e-01 -9.879934424582682839e-02 1.583058118933146907e-01 6.366337993887268842e-01
9.500000000000000000e+01 6.439889399435549944e-01 3.073455143389101640e-01 -1.441861516866035919e-01 4.619865212237373453e-01 -9.731948377146554252e-02 1.573403531133856503e-01 6.316579071403389811e-01
9.750000000000000000e+01 6.393891396959492379e-01 3.040434430315239189e-01 -1.433879953194347745e-01 4.571324870838487930e-01 -9.585767088262198143e-02 1.563762597143509014e-01 6.264489432470744523e-01
1.000000000000000000e+02 6.341818522990706475e-01 3.003413198706752496e-01 -1.425797424742916708e-01 4.522148914942408782e-01 -9.440845866159622291e-02 1.554163022566713015e-01 6.209065230249913858e-01
1.025000000000000000e+02 6.287245995296832923e-01 2.966123187939770922e-01 -1.417627373964090443e-01 4.473939154748486358e-01 -9.298359018777270502e-02 1.544546760178973632e-01 6.152865955112146734e-01
1.050000000000000000e+02 6.233601296077960763e-01 2.931529411385547790e-01 -1.409370395827700406e-01 4.428991790025204045e-01 -9.158625644226198181e-02 1.535104158904740945e-01 6.098848622503952877e-01
1.075000000000000000e+02 6.181293388887171281e-01 2.897044579207804782e-01 -1.400910610217893371e-01 4.386382324962930235e-01 -9.019936815606258151e-02 1.526287696323417598e-01 6.046981705086760250e-01
1.100000000000000000e+02 6.127307769540847326e-01 2.857869386725934713e-01 -1.392242627961177981e-01 4.343574955721017372e-01 -8.881652653122015795e-02 1.518496105583495848e-01 5.994689415422680412e-01
1.125000000000000000e+02 6.070015340307228779e-01 2.813805278214493444e-01 -1.383626930015632583e-01 4.299428055817797190e-01 -8.745988553511298280e-02 1.511756076427454576e-01 5.940599736276240828e-01
1.150000000000000000e+02 6.010208364221022448e-01 2.770046507488492238e-01 -1.374984163507255996e-01 4.255801315468937251e-01 -8.612728831408412999e-02 1.505922511745128867e-01 5.885966095717544144e-01
1.175000000000000000e+02 5.948293586022966872e-01 2.728505671634187113e-01 -1.366139243143449367e-01 4.211515643087193617e-01 -8.480211159104918128e-02 1.501238401161242020e-01 5.830523815135700838e-01
1.200000000000000000e+02 5.885874669154771421e-01 2.686309773784011368e-01 -1.357152510553980285e-01 4.163436454113383922e-01 -8.349594458032440214e-02 1.497660100428525876e-01 5.773485611848340193e-01
1.225000000000000000e+02 5.824516723156233367e-01 2.641785692627696691e-01 -1.348098238600444199e-01 4.112408162511802523e-01 -8.220934128314678901e-02 1.494623240738903180e-01 5.715774063203469257e-01
1.250000000000000000e+02 5.763654238384495754e-01 2.595157397117836551e-01 -1.338967131084121687e-01 4.061857230684206010e-01 -8.093591538825044285e-02 1.491510972895367382e-01 5.658511220982034295e-01
1.275000000000000000e+02 5.703970594448017906e-01 2.549763647800050159e-01 -1.329684025525094682e-01 4.014976376423132765e-01 -7.967140735777709926e-02 1.488006869881110805e-01 5.603476920376130321e-01
1.300000000000000000e+02 5.647207042510746788e-01 2.506443311495771820e-01 -1.320491274203451082e-01 3.970613296701103745e-01 -7.842801512394184660e-02 1.484114781588249388e-01 5.550967560400050793e-01
1.325000000000000000e+02 5.594093262166019986e-01 2.464221655443338543e-01 -1.311369855217466018e-01 3.927234868563932446e-01 -7.720405992260051531e-02 1.479968063966987935e-01 5.500648097348470600e-01
1.350000000000000000e+02 5.540235260968383590e-01 2.423194544641365522e-01 -1.302110134039416722e-01 3.885544429242542286e-01 -7.598887314064246834e-02 1.475796655740712060e-01 5.450788172975818968e-01
1.375000000000000000e+02 5.485131579204467478e-01 2.384050391231931354e-01 -1.292876238930603106e-01 3.844282201938574173e-01 -7.479481867596028677e-02 1.471455859666551125e-01 5.400434820404795833e-01
1.400000000000000000e+02 5.432919965741179746e-01 2.346320565154524640e-01 -1.283747772086732408e-01 3.802825450798304474e-01 -7.361518422712422238e-02 1.466687513578509294e-01 5.351216465058996619e-01
1.425000000000000000e+02 5.385252692536470764e-01 2.308773511850368831e-01 -1.274698124520815823e-01 3.762333322183654682e-01 -7.244237661996734412e-02 1.461589630314304167e-01 5.304587822517214946e-01
1.450000000000000000e+02 5.339881435229817397e-01 2.271237385409493048e-01 -1.265670417009689130e-01 3.724392938638774742e-01 -7.127977646807993894e-02 1.456229665422724417e-01 5.260252019645658139e-01
1.475000000000000000e+02 5.295055158606997159e-01 2.234788611840572148e-01 -1.256610858172274581e-01 3.689174485670113635e-01 -7.012813737192621910e-02 1.450660633490808427e-01 5.217445138883959332e-01
1.500000000000000000e+02 5.251571263445173887e-01 2.200759221219121264e-01 -1.247610506455006790e-01 3.656598596331383511e-01 -6.898812606554270699e-02 1.444918221357357480e-01 5.176544040566957161e-01
1.525000000000000000e+02 5.207879286622372206e-01 2.167625935796617387e-01 -1.238663886017428856e-01 3.623703393629186253e-01 -6.786225759046742023e-02 1.439135063160558170e-01 5.135358871706058315e-01
1.550000000000000000e+02 5.160218157565167330e-01 2.131873483197943286e-01 -1.229656694995386323e-01 3.587923808178815066e-01 -6.674080764820630729e-02 1.433323713776993580e-01 5.090732839760487849e-01
1.575000000000000000e+02 5.106997123221033164e-01 2.093176089567035103e-01 -1.220614011534683352e-01 3.552354074420786545e-01 -6.562542633668480563e-02 1.427394042158423304e-01 5.043372619900121645e-01
1.600000000000000000e+02 5.050644962193338028e-01 2.055230636863198401e-01 -1.211537280588094734e-01 3.518511651716501598e-01 -6.452231873010091934e-02 1.421323832104791351e-01 4.995240223007315628e-01
1.625000000000000000e+02 4.992947250398586112e-01 2.017794568545618894e-01 -1.202451189054768305e-01 3.483348637179826124e-01 -6.343805085442856539e-02 1.415279354848321403e-01 4.945787621213366680e-01
1.650000000000000000e+02 4.935524900303835394e-01 1.979591979482793473e-01 -1.193509105881979809e-01 3.447999705030591056e-01 -6.237571009638705893e-02 1.409631024744794903e-01 4.896577815039611092e-01
1.675000000000000000e+02 4.881311773895810058e-01 1.940995009579779551e-01 -1.184596115943703648e-01 3.414445332801612221e-01 -6.132839492226078992e-02 1.404457638864830549e-01 4.850107372781126136e-01
1.700000000000000000e+02 4.832549415776256629e-01 1.904152908980437930e-01 -1.175730116714909651e-01 3.383257667834532745e-01 -6.029516058996903238e-02 1.399443869312196331e-01 4.807625476461492298e-01
1.725000000000000000e+02 4.787238130559635652e-01 1.867997581613956848e-01 -1.166795844045758201e-01 3.352249839519676478e-01 -5.926729793641992428e-02 1.394404548106329966e-01 4.766946259092821325e-01
1.750000000000000000e+02 4.746823983451952667e-01 1.832839619140657073e-01 -1.157831416407433117e-01 3.318169725384697566e-01 -5.824900108279762456e-02 1.389277228780033957e-01 4.727135468808341678e-01
1.775000000000000000e+02 4.714298253790076276e-01 1.800744450131768759e-01 -1.148947031490580722e-01 3.280517840086110137e-01 -5.724518702905999346e-02 1.383934906169884127e-01 4.689375500023035270e-01
1.800000000000000000e+02 4.685884479013299742e-01 1.771425047289841292e-01 -1.140139012524825080e-01 3.242805617757684722e-01 -5.625699553751469656e-02 1.378117235931093643e-01 4.653403666351039192e-01
1.825000000000000000e+02 4.656124821422967242e-01 1.743799602442885899e-01 -1.131388098777091206e-01 3.208488723796505959e-01 -5.529098639971560813e-02 1.371633505196031277e-01 4.618123525207752378e-01
1.850000000000000000e+02 4.623747662321446295e-01 1.716707514174087290e-01 -1.122655048145236589e-01 3.177654760614504470e-01 -5.434017518464080709e-02 1.364398135998885209e-01 4.582900279467417848e-01
1.875000000000000000e+02 4.587815863711478537e-01 1.687969624438029892e-01 -1.113903495145633082e-01 3.145973187736225141e-01 -5.339823354201140432e-02 1.356569639018180562e-01 4.545179345232941981e-01
1.900000000000000000e+02 4.548862741999358250e-01 1.658023757617572702e-01 -1.105262920261749077e-01 3.111270676332715812e-01 -5.246952135795554528e-02 1.348506365511014660e-01 4.504319891921544361e-01
1.925000000000000000e+02 4.506506062982814087e-01 1.628277990714949441e-01 -1.096617070936680149e-01 3.075657417455041620e-01 -5.155051880154521565e-02 1.340448321400874165e-01 4.461305900919365075e-01
1.950000000000000000e+02 4.461659555916097641e-01 1.599761918990369458e-01 -1.087853634940212089e-01 3.041330167811931995e-01 -5.063147391310764134e-02 1.332356423895402764e-01 4.417673073811716478e-01
1.975000000000000000e+02 4.415139954962429281e-01 1.572915804587963207e-01 -1.079037490192049226e-01 3.008958082344748708e-01 -4.972336194139990312e-02 1.324109926149927563e-01 4.374103981728553192e-01
2.000000000000000000e+02 4.366688894726634129e-01 1.547352875101371539e-01 -1.070233359816265689e-01 2.978368117544238358e-01 -4.883256574291542501e-02 1.315839527910148132e-01 4.330448270090510032e-01
2.025000000000000000e+02 4.319344228693017818e-01 1.524249806587240630e-01 -1.061506990254303257e-01 2.950595813911043308e-01 -4.796367867200836826e-02 1.307721995869483012e-01 4.288831019236772346e-01
2.050000000000000000e+02 4.274330756366847006e-01 1.502840736397405563e-01 -1.052805803739175899e-01 2.925604027358874593e-01 -4.711464167194901603e-02 1.299594567452723726e-01 4.249764675589222662e-01
2.075000000000000000e+02 4.232051020958524368e-01 1.483052253799344300e-01 -1.044100267615249295e-01 2.902349184979216012e-01 -4.627555997530567039e-02 1.291353157306047161e-01 4.212876681621894326e-01
2.100000000000000000e+02 4.193579428590105684e-01 1.464342796766662236e-01 -1.035412609083753988e-01 2.877763888026458328e-01 -4.544557184512157400e-02 1.283044789403605113e-01 4.177194053010084840e-01
2.125000000000000000e+02 4.157687692980293059e-01 1.444018520461002042e-01 -1.026788606991546615e-01 2.848812180930153093e-01 -4.462547839004674111e-02 1.274771575600668616e-01 4.140635724755556968e-01
2.150000000000000000e+02 4.123583218173266784e-01 1.422944722255772565e-01 -1.018217509802450405e-01 2.817026191012082514e-01 -4.382450134562002747e-02 1.266621288922880062e-01 4.103615349054114958e-01
2.175000000000000000e+02 4.091331581085459468e-01 1.402944000593920881e-01 -1.009652931314641566e-01 2.783819662255763716e-01 -4.304338510500874820e-02 1.258724861926871774e-01 4.066938052634047618e-01
2.200000000000000000e+02 4.060289320921969258e-01 1.383420457485386168e-01 -1.001074122690102930e-01 2.750949782497665308e-01 -4.227270848670057479e-02 1.251181347361008112e-01 4.031210225390321478e-01
2.225000000000000000e+02 4.027667068923723726e-01 1.362961934825527577e-01 -9.924452964987404147e-02 2.721024051767084728e-01 -4.150777665812583478e-02 1.243956281210822912e-01 3.996323700950815683e-01
2.250000000000000000e+02 3.993892094833091377e-01 1.341186063904019898e-01 -9.838922808597641567e-02 2.693587304251775505e-01 -4.075079730246154719e-02 1.236752998471680742e-01 3.962116198778273812e-01
2.275000000000000000e+02 3.959872598478160199e-01 1.318710503015329272e-01 -9.755567148979674141e-02 2.667229264693415369e-01 -4.000770406523916634e-02 1.229318043157228840e-01 3.928209953164402690e-01
2.300000000000000000e+02 3.925032917891061457e-01 1.295921915354744380e-01 -9.673281975089954854e-02 2.641268121968650684e-01 -3.927879881811859736e-02 1.221579974860079326e-01 3.893940507359895942e-01
2.325000000000000000e+02 3.889000376378180523e-01 1.272989197061317190e-01 -9.590565534363040823e-02 2.616491006660005003e-01 -3.854740481642365130e-02 1.213507510704538578e-01 3.859499446871362260e-01
2.350000000000000000e+02 3.853195866319530372e-01 1.251196639905532704e-01 -9.508428857769621323e-02 2.594015821490205931e-01 -3.781419160797118428e-02 1.205022608364670345e-01 3.826117148087203601e-01
2.375000000000000000e+02 3.817257247397286002e-01 1.229846229636417376e-01 -9.426459974319816026e-02 2.572317105179463548e-01 -3.708387077254868963e-02 1.196302347524850623e-01 3.792938350050800156e-01
2.400000000000000000e+02 3.781467670298696571e-01 1.209066863689988863e-01 -9.344163718632267357e-02 2.548854543378060722e-01 -3.636160852564832707e-02 1.187756670640615769e-01 3.759039442158687017e-01
2.425000000000000000e+02 3.747085072554289242e-01 1.189822656454375682e-01 -9.262252327835077126e-02 2.521918259094049763e-01 -3.565756826426819820e-02 1.179549457637915633e-01 3.724276394643127874e-01
2.450000000000000000e+02 3.713396928448523537e-01 1.171721002413812635e-01 -9.180393472497802576e-02 2.491436599533087271e-01 -3.497084154501309966e-02 1.171332527087941278e-01 3.688083027534775904e-01
2.475000000000000000e+02 3.676857032362012556e-01 1.153525678856224951e-01 -9.097191706397918243e-02 2.459602679987939744e-01 -3.429547534277817972e-02 1.162829619354619065e-01 3.649644665852285752e-01
2.500000000000000000e+02 3.636991505813165770e-01 1.134754495709598549e-01 -9.012521775508236521e-02 2.428407748985430270e-01 -3.363254101676502877e-02 1.153961451120700255e-01 3.609680352959647731e-01
2.525000000000000000e+02 3.596742571506832964e-01 1.114659323064020602e-01 -8.927826643098177306e-02 2.397170554455454183e-01 -3.298148242996290502e-02 1.144786162940198276e-01 3.569349644451242365e-01
2.550000000000000000e+02 3.559106130761905962e-01 1.092921716758161188e-01 -8.843826368420740214e-02 2.366312992239412438e-01 -3.233844995186623689e-02 1.135529756152990760e-01 3.530474439577154788e-01
2.575000000000000000e+02 3.526089595010041267e-01 1.071153213863627329e-01 -8.760648005486651457e-02 2.336922658012542398e-01 -3.170430530959095217e-02 1.126418392963762227e-01 3.494715322993172668e-01
2.600000000000000000e+02 3.495741347754229289e-01 1.050889594041860831e-01 -8.677704792956565660e-02 2.308979443172465840e-01 -3.108162452294362110e-02 1.117552886950160668e-01 3.461136838938427829e-01
2.625000000000000000e+02 3.465229335784349440e-01 1.032045792662621420e-01 -8.595183008148052362e-02 2.283130916043437098e-01 -3.047207531670410863e-02 1.108814128480275496e-01 3.428587190154031017e-01
2.650000000000000000e+02 3.431009345326058724e-01 1.012604589909594094e-01 -8.512496066311521503e-02 2.257888655765060704e-01 -2.987611576438166036e-02 1.100125160924882717e-01 3.394511581008001211e-01
2.675000000000000000e+02 3.393101101041863799e-01 9.923155540792366613e-02 -8.429746908624180524e-02 2.230249446222518639e-01 -2.929226865625105328e-02 1.091487208954283195e-01 3.357418878109332816e-01
2.700000000000000000e+02 3.355446651127856894e-01 9.729406772318265062e-02 -8.346525661556752906e-02 2.200333081790229184e-01 -2.871759440814426051e-02 1.082795742108184911e-01 3.319287737513135217e-01
2.725000000000000000e+02 3.320369535824821416e-01 9.553634829753591962e-02 -8.263148062620111201e-02 2.169573184327611148e-01 -2.815119817415566786e-02 1.074188909318288948e-01 3.282065814735360409e-01
2.750000000000000000e+02 3.286443096019687204e-01 9.386491989987662266e-02 -8.180390673840766402e-02 2.137240997580456270e-01 -2.759222287858698747e-02 1.065838514180486724e-01 3.244761303890315030e-01
2.775000000000000000e+02 3.251840969076278953e-01 9.216270777459321939e-02 -8.098107472233460891e-02 2.104297267474438682e-01 -2.704400035735578592e-02 1.057696710852924354e-01 3.206917473701821342e-01
2.800000000000000000e+02 3.216909646815012125e-01 9.056011106915573539e-02 -8.016604345116200292e-02 2.074927353169600253e-01 -2.650967138859800301e-02 1.049643976952271684e-01 3.170740488468442031e-01
2.825000000000000000e+02 3.182756663021666377e-01 8.920207975224422881e-02 -7.936486871503105334e-02 2.051149483468698576e-01 -2.599066115391501786e-02 1.041561895906031182e-01 3.137734021198197998e-01
2.850000000000000000e+02 3.149964523554436568e-01 8.801771954420807564e-02 -7.858143790277856422e-02 2.031900705896633741e-01 -2.548308593326669216e-02 1.033365946821146464e-01 3.107615588136108387e-01
2.875000000000000000e+02 3.119323427391352266e-01 8.690014868266958403e-02 -7.780589587512398708e-02 2.014614892675459790e-01 -2.498403133239209678e-02 1.025108279807046552e-01 3.079523299936929304e-01
2.900000000000000000e+02 3.091679013468422998e-01 8.575881210152890011e-02 -7.702888696406073876e-02 1.996639027090598151e-01 -2.448991580207679833e-02 1.016919392203604749e-01 3.052618716381312880e-01
2.925000000000000000e+02 3.066511593637694655e-01 8.455571793881458409e-02 -7.624549164049494732e-02 1.976725528253141240e-01 -2.399914793938694516e-02 1.008762256857661382e-01 3.025999689374248569e-01
2.950000000000000000e+02 3.041477960843297912e-01 8.327758928918103931e-02 -7.545467233390779072e-02 1.955487652242933194e-01 -2.351377842139538293e-02 1.000349683054040234e-01 2.998657648070135462e-01
2.975000000000000000e+02 3.013366088118296648e-01 8.191184639025682335e-02 -7.466180577202771729e-02 1.934335855196442355e-01 -2.304012837432860283e-02 9.915584380004434373e-02 2.969630190657591151e-01
3.000000000000000000e+02 2.982083565127032765e-01 8.055502604027219016e-02 -7.387718558288906834e-02 1.914597592464785669e-01 -2.258142331174348150e-02 9.824614133770429025e-02 2.939571285484430807e-01
3.025000000000000000e+02 2.949903785765796704e-01 7.928658786423062321e-02 -7.310196990494634284e-02 1.895372521869942151e-01 -2.212870783403702094e-02 9.731953658039962929e-02 2.909235836719867296e-01
3.050000000000000000e+02 2.918194105337394428e-01 7.818053437848195009e-02 -7.233277204161034368e-02 1.876265033781323033e-01 -2.168317191151905576e-02 9.639518472515358483e-02 2.879205493185126863e-01
3.075000000000000000e+02 2.885818353713721640e-01 7.718322097530989911e-02 -7.156053145584387321e-02 1.857132776469270496e-01 -2.124468885017170156e-02 9.548677165128226230e-02 2.848909423347907310e-01
3.100000000000000000e+02 2.851634302237534002e-01 7.608472450869757653e-02 -7.077777080851975489e-02 1.837143335880162542e-01 -2.080331472881574717e-02 9.459993472167625705e-02 2.817388492667229349e-01
3.125000000000000000e+02 2.817979790346775149e-01 7.485880217686419202e-02 -6.998739163715862743e-02 1.816822479654939260e-01 -2.035940272659421055e-02 9.373350067037380939e-02 2.786068638352726112e-01
3.150000000000000000e+02 2.786723894611535246e-01 7.357206631511807593e-02 -6.919689942301417152e-02 1.796997666810310479e-01 -1.992177834737696857e-02 9.288529982104719307e-02 2.756287279816158620e-01
3.175000000000000000e+02 2.757746364435231246e-01 7.228381645736152439e-02 -6.841646193535934339e-02 1.778336848217584032e-01 -1.949470365588537590e-02 9.204718774110422219e-02 2.728277545031928542e-01
3.200000000000000000e+02 2.728821383955925550e-01 7.104425856109401749e-02 -6.765081550553039835e-02 1.761186920686572122e-01 -1.907951097305681659e-02 9.121393914952266591e-02 2.701073848068862304e-01
3.225000000000000000e+02 2.697579035650056745e-01 6.976598303235878595e-02 -6.689199231265502421e-02 1.743165778232201035e-01 -1.867022482421627078e-02 9.038766335890915937e-02 2.672310723735674687e-01
3.250000000000000000e+02 2.667573633303633729e-01 6.844838241280963576e-02 -6.613185335845454815e-02 1.721699864475804420e-01 -1.826559584351352544e-02 8.956383719656221820e-02 2.642455934872530166e-01
3.275000000000000000e+02 2.642101160567134621e-01 6.725339912496376693e-02 -6.536738738541512939e-02 1.698121708799112672e-01 -1.787019708632602011e-02 8.872943497604061924e-02 2.613758609563326396e-01
3.300000000000000000e+02 2.619786662687517143e-01 6.621669614636366274e-02 -6.460330686653617538e-02 1.675734348090651693e-01 -1.748491684878013958e-02 8.787189345048851408e-02 2.587119972641527266e-01
3.325000000000000000e+02 2.598068081830682274e-01 6.518834988245984785e-02 -6.384130292349594893e-02 1.655281271603728510e-01 -1.710191743568432662e-02 8.699175152198972139e-02 2.561633434327154069e-01
3.350000000000000000e+02 2.576077309403622118e-01 6.407132350504056439e-02 -6.308456237589246673e-02 1.636321553649147664e-01 -1.671867259157979249e-02 8.608927263050178413e-02 2.536645794678893950e-01
3.375000000000000000e+02 2.553319256422457162e-01 6.291316962845495964e-02 -6.233942823471361194e-02 1.618795636374206204e-01 -1.634072659911386602e-02 8.516601457994997515e-02 2.511887519298081628e-01
3.400000000000000000e+02 2.530223039043583699e-01 6.183822935242376528e-02 -6.160776945025957241e-02 1.601778641200004016e-01 -1.596918411362914514e-02 8.423474566963548571e-02 2.487174568469971425e-01
3.425000000000000000e+02 2.509646823294682805e-01 6.103100348308703599e-02 -6.088440007375914981e-02 1.586266504449809489e-01 -1.559608888131931541e-02 8.330017689594622354e-02 2.464457548351977334e-01
3.450000000000000000e+02 2.492303024229172159e-01 6.042818220018475461e-02 -6.016966581698945937e-02 1.572274302409641111e-01 -1.522339211080564816e-02 8.236184279754124593e-02 2.444097877307112587e-01
3.475000000000000000e+02 2.475077993809731980e-01 5.979217615915183304e-02 -5.946370495987023108e-02 1.557318635015681740e-01 -1.485316290502560962e-02 8.141908738600965589e-02 2.423293751342755209e-01
3.500000000000000000e+02 2.456189385107170053e-01 5.905866816726984547e-02 -5.876434969296504690e-02 1.540642343670775016e-01 -1.449069236536813625e-02 8.047182812982825451e-02 2.400775005038113807e-01
3.525000000000000000e+02 2.435754002574436472e-01 5.826661632426878568e-02 -5.807395246356084062e-02 1.523456841585798527e-01 -1.414023960375223460e-02 7.952545090325380261e-02 2.377232676596386374e-01
3.550000000000000000e+02 2.414130396301625847e-01 5.746343555900093603e-02 -5.739296003660022960e-02 1.506040378326666540e-01 -1.379858683236241668e-02 7.859189120890949787e-02 2.353044843358693683e-01
3.575000000000000000e+02 2.390683608420717532e-01 5.654126879127683442e-02 -5.671674415604056885e-02 1.487495070205221703e-01 -1.346005925375848115e-02 7.768026247119479144e-02 2.327490651668943644e-01
3.600000000000000000e+02 2.365632278285757784e-01 5.536071840826394669e-02 -5.604487207838380891e-02 1.467710563230189280e-01 -1.312494214685463838e-02 7.679433872756852297e-02 2.300643114395816147e-01
3.625000000000000000e+02 2.340257957013785473e-01 5.404826626467669481e-02 -5.537671189336397515e-02 1.447706166768966130e-01 -1.279453618499357820e-02 7.592371678832821047e-02 2.273600645833016853e-01
3.650000000000000000e+02 2.314759974779913021e-01 5.273477944121256894e-02 -5.471523456407331731e-02 1.427285108780667888e-01 -1.247173762618725840e-02 7.506580340813694130e-02 2.246351558820975369e-01
3.675000000000000000e+02 2.289661745127350156e-01 5.154617807812353347e-02 -5.405853631930311598e-02 1.407182470479554637e-01 -1.215532115162619442e-02 7.422447186825521792e-02 2.219544467144728417e-01
3.700000000000000000e+02 2.263596342642604231e-01 5.047160683018875327e-02 -5.339900129810071921e-02 1.388473714711677409e-01 -1.184231786997986917e-02 7.339071483471919233e-02 2.192988602850736990e-01
3.725000000000000000e+02 2.236196420176300714e-01 4.944320472056981663e-02 -5.273399957543132427e-02 1.371120741276385946e-01 -1.153175977520255573e-02 7.255025044711496673e-02 2.166409832961918025e-01
3.750000000000000000e+02 2.210020881197045928e-01 4.845819527987502845e-02 -5.206832652143452561e-02 1.353960000440424527e-01 -1.122314377420645208e-02 7.169419908372803851e-02 2.140461436237375559e-01
3.775000000000000000e+02 2.184682814552997565e-01 4.750083823461114657e-02 -5.140793046255617837e-02 1.336219158800465157e-01 -1.092188839766177443e-02 7.082644680189285891e-02 2.114583220686195864e-01
3.800000000000000000e+02 2.159701963816628989e-01 4.672962405682601350e-02 -5.075179623837048487e-02 1.319032016040604383e-01 -1.063353531364236854e-02 6.995456173212345752e-02 2.089139798589234043e-01
3.825000000000000000e+02 2.134415132330465814e-01 4.614147969876834093e-02 -5.009303433249724657e-02 1.302596955531295786e-01 -1.035222570911964457e-02 6.908583449741359517e-02 2.063935216417948637e-01
3.850000000000000000e+02 2.107930277485480508e-01 4.557286722748169622e-02 -4.943309918998164271e-02 1.286670578626309958e-01 -1.007534204474165238e-02 6.822456935523796284e-02 2.038423274832084908e-01
3.875000000000000000e+02 2.079539532613960129e-01 4.487675481187852755e-02 -4.877359015606121118e-02 1.271221539891491392e-01 -9.802149563326725129e-03 6.736722737990086252e-02 2.012216673152230073e-01
3.900000000000000000e+02 2.050585411863062868e-01 4.406671976923569323e-02 -4.811449087872391589e-02 1.256245909924337545e-01 -9.533962661453017351e-03 6.651227279287802441e-02 1.985977024858090190e-01
3.925000000000000000e+02 2.023094153241308257e-01 4.320705600884409275e-02 -4.745956934978628333e-02 1.240964390165356646e-01 -9.273923935476970082e-03 6.567353076153904790e-02 1.960396925511027622e-01
3.950000000000000000e+02 1.997376173824219336e-01 4.227853570768394520e-02 -4.680561604361920675e-02 1.224867913545109044e-01 -9.020801563639829421e-03 6.486729299411077287e-02 1.935458508655217846e-01
3.975000000000000000e+02 1.972373345644929388e-01 4.130519069329827847e-02 -4.615184196191871729e-02 1.209112059780017984e-01 -8.771817675347667875e-03 6.409538331892969398e-02 1.911219619307122364e-01
4.000000000000000000e+02 1.947357893559563402e-01 4.034520618751973042e-02 -4.549735812335668067e-02 1.194420698983203050e-01 -8.523212765104436900e-03 6.334989342673449930e-02 1.887638763405055653e-01
4.025000000000000000e+02 1.922882748325026869e-01 3.951358736259005799e-02 -4.484252442587118026e-02 1.181313061834609879e-01 -8.278774084225967375e-03 6.262796815614485313e-02 1.865237745860542640e-01
4.050000000000000000e+02 1.898336208819955961e-01 3.878144675617366255e-02 -4.418979798413442267e-02 1.168881209898187112e-01 -8.043050875920242093e-03 6.192932031220445971e-02 1.843255310920093870e-01
4.075000000000000000e+02 1.873346548680359658e-01 3.802120608604144664e-02 -4.354235620605045182e-02 1.155226314286798422e-01 -7.816638433683494383e-03 6.124299694881221723e-02 1.820501416227640057e-01
4.100000000000000000e+02 1.848878070521770001e-01 3.720548962486855404e-02 -4.290130902965460374e-02 1.138919275328855729e-01 -7.595919029916110843e-03 6.055867019230818521e-02 1.796692023886853895e-01
4.125000000000000000e+02 1.825576847407525682e-01 3.639747343853106526e-02 -4.226731421302645786e-02 1.120845507692334875e-01 -7.381558513468194915e-03 5.986958698635513887e-02 1.772559112481705834e-01
4.150000000000000000e+02 1.803141626420134702e-01 3.568906403682581274e-02 -4.163122153026633382e-02 1.102653280988217105e-01 -7.170142431939525822e-03 5.917216388546870515e-02 1.748758273131519325e-01
4.175000000000000000e+02 1.780621726627565904e-01 3.511396411003183532e-02 -4.099299731741203739e-02 1.085003399422767578e-01 -6.962515520588716950e-03 5.847250409737003024e-02 1.725175083512016927e-01
4.200000000000000000e+02 1.757200171811721112e-01 3.458809270408700481e-02 -4.035925594555864887e-02 1.067672262246508741e-01 -6.761332339347495522e-03 5.777948834718578397e-02 1.701333658765043777e-01
4.225000000000000000e+02 1.732602795431638365e-01 3.398136900667215327e-02 -3.973046904552646891e-02 1.049532877771955364e-01 -6.565114526454136727e-03 5.709582248766952028e-02 1.676546949040144674e-01
4.250000000000000000e+02 1.707360363168246853e-01 3.327980346915016679e-02 -3.910483649729213501e-02 1.030706203940554844e-01 -6.368942289146244974e-03 5.642213528806101080e-02 1.651143959994705868e-01
4.275000000000000000e+02 1.682195795329355092e-01 3.255558154236751905e-02 -3.848762853775501008e-02 1.012729074429996462e-01 -6.172121018805706155e-03 5.575140749673825058e-02 1.626219472363366891e-01
4.300000000000000000e+02 1.657021653863144650e-01 3.187818123322418151e-02 -3.788264780932446008e-02 9.963936947786694587e-02 -5.977931608958216014e-03 5.507233669193770803e-02 1.602069357780595837e-01
4.325000000000000000e+02 1.631987667112265727e-01 3.128621395881887174e-02 -3.728998867422274321e-02 9.808199006957372956e-02 -5.789630103336580215e-03 5.437853245637282867e-02 1.578296446185865620e-01
4.350000000000000000e+02 1.608091791507156032e-01 3.080047429815786081e-02 -3.671190943519951622e-02 9.656654058050470613e-02 -5.611458435530641657e-03 5.366602182286468736e-02 1.555208707770424914e-01
4.375000000000000000e+02 1.586223812734734728e-01 3.038299403619970293e-02 -3.614520894142016910e-02 9.516740205866876245e-02 -5.440169850208074857e-03 5.293268846839530722e-02 1.533612359002687886e-01
4.400000000000000000e+02 1.565178294386086466e-01 2.990529225948964157e-02 -3.558811535103070106e-02 9.382856821728019492e-02 -5.273540028449284767e-03 5.218261119423310557e-02 1.512645044250609805e-01
4.425000000000000000e+02 1.543029930158161256e-01 2.928841084461942038e-02 -3.504156530702016992e-02 9.245363701501953246e-02 -5.111984191932307693e-03 5.142044441493960616e-02 1.490885372228876182e-01
4.450000000000000000e+02 1.520250521860236070e-01 2.862672913152123494e-02 -3.450223415750357930e-02 9.105245530628625072e-02 -4.956022520993747307e-03 5.065533904156188649e-02 1.468664232669358860e-01
4.475000000000000000e+02 1.498454856363579113e-01 2.802851896171499810e-02 -3.396796049151881713e-02 8.965057385984341598e-02 -4.804836772301796996e-03 4.989752716162466212e-02 1.446967933289129982e-01
4.500000000000000000e+02 1.477246025749853753e-01 2.746689749237987005e-02 -3.343659782687067455e-02 8.821696742312799822e-02 -4.656027720816824714e-03 4.915210084950372843e-02 1.425468354238085544e-01
4.525000000000000000e+02 1.456217256189285270e-01 2.692598899466352655e-02 -3.290683948410686593e-02 8.670930630728475308e-02 -4.507652860626580431e-03 4.842171669693970393e-02 1.403763743115765128e-01
4.550000000000000000e+02 1.436691513361767480e-01 2.640680541527758163e-02 -3.237945903073892462e-02 8.508481239660908857e-02 -4.359976453258015971e-03 4.770549818386336099e-02 1.382297309583246092e-01
4.575000000000000000e+02 1.420134943836010299e-01 2.593515927535592486e-02 -3.185102716216334923e-02 8.335884383006630927e-02 -4.211354675637454456e-03 4.700228088743205884e-02 1.361873095505496956e-01
4.600000000000000000e+02 1.405877305533586308e-01 2.552980483750071430e-02 -3.132061133158330762e-02 8.163672484439495058e-02 -4.062308210412346986e-03 4.630371840909454362e-02 1.342640869034240625e-01
4.625000000000000000e+02 1.390477326011935189e-01 2.507078249920115243e-02 -3.078883231184243938e-02 7.999090458038975171e-02 -3.912900406279634473e-03 4.559677347614357612e-02 1.323177053288634442e-01
4.650000000000000000e+02 1.372767034834192768e-01 2.453811416619503666e-02 -3.025631279609291777e-02 7.847371517594176060e-02 -3.765495835911740214e-03 4.486695426747035198e-02 1.303086864634157016e-01
4.675000000000000000e+02 1.354746432265434286e-01 2.403303824480235162e-02 -2.972269357144215196e-02 7.712834931815487627e-02 -3.619890432433882713e-03 4.410183446203141261e-02 1.283524135033648483e-01
4.700000000000000000e+02 1.336869548537246710e-01 2.357352143060574556e-02 -2.919078590116720717e-02 7.593727713202556850e-02 -3.476366812478179618e-03 4.329971168754260386e-02 1.264619718366464252e-01
4.725000000000000000e+02 1.318893625433908701e-01 2.309847168609750756e-02 -2.866438424124360257e-02 7.482580235254072953e-02 -3.336447139091817688e-03 4.246959043361941272e-02 1.245923776647755166e-01
4.750000000000000000e+02 1.301569980434588436e-01 2.258364676894365070e-02 -2.814601013814029343e-02 7.371568926799931809e-02 -3.201203209615030749e-03 4.162114743034024678e-02 1.227469173708992112e-01
4.775000000000000000e+02 1.284890400341119066e-01 2.204921382407339439e-02 -2.763406718977573159e-02 7.260757174958805404e-02 -3.070331959743885421e-03 4.075823344111337981e-02 1.209274226124066737e-01
4.800000000000000000e+02 1.268930120893840552e-01 2.150753865684861682e-02 -2.712642669815104948e-02 7.152017984326412836e-02 -2.944070555810359997e-03 3.988756524942931037e-02 1.191503785910387470e-01
4.825000000000000000e+02 1.253733042391809438e-01 2.092802513502884862e-02 -2.661767085188193951e-02 7.043545229367291494e-02 -2.820987517378323404e-03 3.901838495370069104e-02 1.174135707432772679e-01
4.850000000000000000e+02 1.237806855415908847e-01 2.025080933039855036e-02 -2.610752921344056815e-02 6.932613225684217118e-02 -2.699559576017300511e-03 3.815803225861381237e-02 1.156324250285234306e-01
4.875000000000000000e+02 1.219480002585941053e-01 1.951745435216159161e-02 -2.560016200663952149e-02 6.821713118113149898e-02 -2.579428358648890030e-03 3.731387862719184184e-02 1.137395050334587265e-01
4.900000000000000000e+02 1.199431686943665254e-01 1.883969348579710157e-02 -2.509859823403584600e-02 6.708459631325171257e-02 -2.463002627105244629e-03 3.649605493544356288e-02 1.117619099715309039e-01
4.925000000000000000e+02 1.178877883141295768e-01 1.821290848065019313e-02 -2.459916807161629734e-02 6.583613425169916600e-02 -2.348460775857555850e-03 3.571227266595351085e-02 1.097180976158911303e-01
4.950000000000000000e+02 1.159069948930173954e-01 1.763432150046628441e-02 -2.410054560332485635e-02 6.445062206409477024e-02 -2.235450949942514344e-03 3.496293797173775225e-02 1.076602774644249555e-01
4.975000000000000000e+02 1.141126942204337413e-01 1.712494360701854318e-02 -2.360320816572679392e-02 6.296662778244756231e-02 -2.124295010759765043e-03 3.424694948812789103e-02 1.056631357455045939e-01
5.000000000000000000e+02 1.125505944688067334e-01 1.670163152376641022e-02 -2.311100030017809726e-02 6.145494139513928145e-02 -2.017616911843220576e-03 3.355992790182586727e-02 1.037827318828859480e-01
5.025000000000000000e+02 1.111172392983603707e-01 1.634256707383808724e-02 -2.262777943966449989e-02 5.996941166985532423e-02 -1.919788170108026586e-03 3.289424088298851384e-02 1.019904459256020940e-01
5.050000000000000000e+02 1.096470693666592722e-01 1.598274445163350849e-02 -2.214946083426426807e-02 5.857299096786006132e-02 -1.829031231401602366e-03 3.224308626929946187e-02 1.002315733019094046e-01
5.075000000000000000e+02 1.081198639715396370e-01 1.560017190576829492e-02 -2.167348677651269664e-02 5.733082685552216146e-02 -1.741496558351827810e-03 3.160335194086842658e-02 9.852702138396510212e-02
5.100000000000000000e+02 1.065449502524051933e-01 1.514708903881641436e-02 -2.119956415446697801e-02 5.622065224844163822e-02 -1.655940704963827824e-03 3.097149877740693058e-02 9.686855063912687414e-02
5.125000000000000000e+02 1.048740390060196176e-01 1.459296932938332000e-02 -2.073024614305832986e-02 5.519107474755604453e-02 -1.573659828858253338e-03 3.034554593922331872e-02 9.520532984639948348e-02
5.150000000000000000e+02 1.030709500657773087e-01 1.397006766299732639e-02 -2.026665144255826445e-02 5.418563929254461425e-02 -1.494955881964854950e-03 2.972915480642181890e-02 9.349287208237187785e-02
5.175000000000000000e+02 1.011719565852650798e-01 1.333668642624503443e-02 -1.980627587200580950e-02 5.314184457446376880e-02 -1.419449466656964084e-03 2.912471371908461476e-02 9.171925743940673170e-02
5.200000000000000000e+02 9.921773814872351938e-02 1.280186684206434736e-02 -1.934651638072396734e-02 5.209479390884874661e-02 -1.346304563060888053e-03 2.852601535470651595e-02 8.991927370613939097e-02
5.225000000000000000e+02 9.720458762462055868e-02 1.245186084712335273e-02 -1.888744855797226674e-02 5.109512914049838678e-02 -1.275005204142185206e-03 2.792339000195628515e-02 8.811155338353761357e-02
5.250000000000000000e+02 9.517961654083247069e-02 1.227983264282429994e-02 -1.843073216964701000e-02 5.010984204180097407e-02 -1.204903464871003894e-03 2.731631631848992908e-02 8.630288745056169386e-02
5.275000000000000000e+02 9.327146598858906956e-02 1.223002317814910270e-02 -1.797773285564497475e-02 4.912419589515244767e-02 -1.137508514340902083e-03 2.670828171248506785e-02 8.455197179811330122e-02
5.300000000000000000e+02 9.150177671997865303e-02 1.220476558222829619e-02 -1.752751400566446988e-02 4.818392834423789600e-02 -1.071302698868151606e-03 2.610280366815100062e-02 8.289425436618377829e-02
5.325000000000000000e+02 8.979091773462058446e-02 1.210712942268534452e-02 -1.708014155560747677e-02 4.731719750021436133e-02 -1.005251651171338613e-03 2.550393857591366081e-02 8.130602690537430677e-02
5.350000000000000000e+02 8.805400794694018263e-02 1.189534782685254186e-02 -1.663734326202102529e-02 4.650327593914404395e-02 -9.401600455800877701e-04 2.491458434246258957e-02 7.973593411427340460e-02
5.375000000000000000e+02 8.632014023589837382e-02 1.160217364984579905e-02 -1.620119462618301379e-02 4.570383589301647148e-02 -8.769074627392355048e-04 2.433214112942388291e-02 7.817805862916936410e-02
5.400000000000000000e+02 8.460845607802426616e-02 1.130191450735622619e-02 -1.577065533462129049e-02 4.490393276243506010e-02 -8.156408285666880966e-04 2.375023381290699773e-02 7.663131132668316026e-02
5.425000000000000000e+02 8.284441470097107796e-02 1.101899562899263767e-02 -1.534317917677245971e-02 4.409489900817594593e-02 -7.557574687505982545e-04 2.316206288659502718e-02 7.505068829787102380e-02
5.450000000000000000e+02 8.102446037230037756e-02 1.075160838483297035e-02 -1.491965548124557332e-02 4.325545184983134450e-02 -6.977588253701413022e-04 2.256557656922275612e-02 7.342274439567723909e-02
5.475000000000000000e+02 7.924152608119122698e-02 1.048110128266238270e-02 -1.450097675252726148e-02 4.234915625748428974e-02 -6.423313921535072583e-04 2.196358704952318733e-02 7.177713469409935376e-02
5.500000000000000000e+02 7.752837470407739073e-02 1.018373507339821564e-02 -1.408474820695963629e-02 4.136366040330447663e-02 -5.898488281490037134e-04 2.136108671516727051e-02 7.012656091127456026e-02
5.525000000000000000e+02 7.588156386303840373e-02 9.863113747200521683e-03 -1.366868644417021210e-02 4.031377011201652677e-02 -5.388219680780807893e-04 2.076270006052641920e-02 6.847901701779067485e-02
5.550000000000000000e+02 7.422069405772672990e-02 9.500093356363255997e-03 -1.325254938509055555e-02 3.921913841877412710e-02 -4.872013255748226216e-04 2.017346676863385549e-02 6.680664962256735451e-02
5.575000000000000000e+02 7.251701503495727730e-02 9.146662831356186865e-03 -1.283895996778960588e-02 3.817459501941613403e-02 -4.372014854173308061e-04 1.959595464604257237e-02 6.514378235020799879e-02
5.600000000000000000e+02 7.082742537055426724e-02 8.868156579675370507e-03 -1.243075541231457998e-02 3.725820779649284542e-02 -3.906565077893564292e-04 1.902685006606024548e-02 6.355624161655368254e-02
5.625000000000000000e+02 6.923618723027730182e-02 8.664913854338067087e-03 -1.202632308853049566e-02 3.642295344814430041e-02 -3.471350529200914752e-04 1.846165280429262062e-02 6.206039674135711837e-02
5.650000000000000000e+02 6.779794791460359848e-02 8.497787732228395674e-03 -1.162391657784285146e-02 3.555659076128932922e-02 -3.061071222829329268e-04 1.789930426161061988e-02 6.062692146875177379e-02
5.675000000000000000e+02 6.643198197474679823e-02 8.282550526292835336e-03 -1.122491387073793791e-02 3.458799522540597499e-02 -2.681172275879135296e-04 1.734038285743152649e-02 5.918018002879214812e-02
5.700000000000000000e+02 6.500737461055937361e-02 7.955149439240506715e-03 -1.083325351329047885e-02 3.354881536239817663e-02 -2.334954926440899778e-04 1.678696978833279715e-02 5.767157988064517543e-02
5.725000000000000000e+02 6.347683947967143470e-02 7.569138113701624933e-03 -1.044741109134616347e-02 3.254589586924198225e-02 -2.006718888892898144e-04 1.624066908576258378e-02 5.613170221733800036e-02
5.750000000000000000e+02 6.185037470440378493e-02 7.212962636537687856e-03 -1.006432742193074867e-02 3.164129849637835334e-02 -1.678113915345958655e-04 1.569987778307379775e-02 5.459577549192796975e-02
5.775000000000000000e+02 6.014708755305981508e-02 6.904498900855109492e-03 -9.684042425938191312e-03 3.082724529153195447e-02 -1.358132568877277058e-04 1.516299075810450744e-02 5.306866180134814370e-02
5.800000000000000000e+02 5.848722613826288358e-02 6.656772228068518968e-03 -9.308269450716763482e-03 3.009822882941512109e-02 -1.049367195969119103e-04 1.462953104856260823e-02 5.160749300812030732e-02
5.825000000000000000e+02 5.694954536080910901e-02 6.478992800489791898e-03 -8.936662426643957741e-03 2.948404327314959814e-02 -7.359917013942453312e-05 1.409675142084535968e-02 5.026517002740203688e-02
5.850000000000000000e+02 5.555348099625955632e-02 6.348134233434025650e-03 -8.568209840194252955e-03 2.897873721937352376e-02 -3.898589887324462245e-05 1.356274910216216135e-02 4.904748365889762679e-02
5.875000000000000000e+02 5.427002725309723608e-02 6.207654866284688898e-03 -8.202546451514254600e-03 2.849860001223045169e-02 -1.092501101809022972e-06 1.303149308214692284e-02 4.790006017373730357e-02
5.900000000000000000e+02 5.296073488117590544e-02 5.981414935517250474e-03 -7.841245620518313975e-03 2.794728312325948580e-02 3.659956381719374496e-05 1.250979234737764623e-02 4.670890517590652047e-02
5.925000000000000000e+02 5.158271929384152660e-02 5.698438845558388179e-03 -7.486531647907081546e-03 2.732593447837235873e-02 7.068073755467424370e-05 1.200245260609517257e-02 4.545555318915452808e-02
5.950000000000000000e+02 5.021072388099082073e-02 5.424156856001382046e-03 -7.138232063250510295e-03 2.668813027149318992e-02 1.002141497079894809e-04 1.151207261986133407e-02 4.420546338617267756e-02
5.975000000000000000e+02 4.890537907494737352e-02 5.139536991777228156e-03 -6.792068259145530619e-03 2.603777690207259576e-02 1.275804980704402735e-04 1.103876377145426510e-02 4.299095987423712240e-02
6.000000000000000000e+02 4.768776226268234969e-02 4.779622065169825129e-03 -6.449143339923521685e-03 2.531319389594509708e-02 1.533667829237263334e-04 1.058076694747081721e-02 4.179086155304913286e-02
6.025000000000000000e+02 4.659586276957510681e-02 4.367807599114110345e-03 -6.112591449079782593e-03 2.450855266399773816e-02 1.763087262477210527e-04 1.013416234503276489e-02 4.061928888930280840e-02
6.050000000000000000e+02 4.567559722690233553e-02 3.961675620064174924e-03 -5.783560855193671177e-03 2.367134680865511792e-02 1.964065362123546996e-04 9.698656347666999300e-03 3.952280019161222291e-02
6.075000000000000000e+02 4.490134327489306298e-02 3.532415483939179649e-03 -5.460176990084635550e-03 2.278923925260677510e-02 2.144134096764059669e-04 9.275676580317131215e-03 3.848312955390847945e-02
6.100000000000000000e+02 4.420989213801034684e-02 3.049505040155686599e-03 -5.143130293251711206e-03 2.185417505720706199e-02 2.296114457514202662e-04 8.867809948839990020e-03 3.746593857202869249e-02
6.125000000000000000e+02 4.355765247805756801e-02 2.550147189220740643e-03 -4.832876818706314387e-03 2.094702187413419875e-02 2.393077193978900453e-04 8.479512434275757529e-03 3.649209339323376128e-02
6.150000000000000000e+02 4.289128831169252559e-02 2.052090416661430088e-03 -4.529434701817469308e-03 2.010692903557134703e-02 2.442935715721099819e-04 8.117274960966950823e-03 3.555774615411541606e-02
6.175000000000000000e+02 4.215112140530851564e-02 1.516356902792094291e-03 -4.236198463905889444e-03 1.924986262361831277e-02 2.448220402790306617e-04 7.786191000421260715e-03 3.459358751467404153e-02
6.200000000000000000e+02 4.129613041808059826e-02 9.111047825772672403e-04 -3.953690698690051283e-03 1.834813544690756457e-02 2.422662234646870633e-04 7.489257244575134483e-03 3.356676155478165169e-02
6.225000000000000000e+02 4.039572111400534238e-02 2.786928428802369411e-04 -3.680176169239908392e-03 1.740808538442603637e-02 2.368126131633897270e-04 7.227441714534663456e-03 3.251562410648302370e-02
6.250000000000000000e+02 3.956654315481267919e-02 -3.055949624304631399e-04 -3.412075008304591046e-03 1.643505579569732797e-02 2.310197884123818264e-04 7.003073556723985772e-03 3.150233625361699430e-02
6.275000000000000000e+02 3.884249227201861526e-02 -8.355995328577563120e-04 -3.150109992407949550e-03 1.548500418677494460e-02 2.251345123205341302e-04 6.817944204111111954e-03 3.057272033145233547e-02
6.300000000000000000e+02 3.823762650706926530e-02 -1.375045545470922640e-03 -2.890862137195786968e-03 1.456389874908618418e-02 2.183836778372072343e-04 6.676376606581607351e-03 2.973895093136852755e-02
6.325000000000000000e+02 3.776239715746085995e-02 -1.953509945392718945e-03 -2.638490244083305496e-03 1.361806292668154943e-02 2.124738898996443408e-04 6.583603474120222621e-03 2.898203177913131687e-02
6.350000000000000000e+02 3.748786162332948257e-02 -2.596183403659873060e-03 -2.389975179202752809e-03 1.263102163205679675e-02 2.059707371065023628e-04 6.550071566344931213e-03 2.833447741086560570e-02
6.375000000000000000e+02 3.750978068884174010e-02 -3.284548103048142483e-03 -2.151495480388418511e-03 1.166610256786380743e-02 1.974468042621215478e-04 6.579558649552177778e-03 2.787772095312886222e-02
6.400000000000000000e+02 3.789661873340593318e-02 -4.011277430914708154e-03 -1.922515990227352881e-03 1.075643619021978380e-02 1.868800058240242324e-04 6.684825871155121273e-03 2.766894039739041869e-02
6.425000000000000000e+02 3.859127019174311835e-02 -4.761295871540844292e-03 -1.706016773625389964e-03 9.907370205906767743e-03 1.735621923902503402e-04 6.865369541169023294e-03 2.768200496940945513e-02
6.450000000000000000e+02 3.967650808465632978e-02 -5.537042017399909470e-03 -1.500954321728652924e-03 9.095976294181752284e-03 1.586228278954163390e-04 7.133599775096172158e-03 2.795304207696712798e-02
6.475000000000000000e+02 4.118303866537290775e-02 -6.384483424602209120e-03 -1.310936668058845182e-03 8.358422518460618955e-03 1.417371794660390232e-04 7.489392327259615338e-03 2.851542675554656972e-02
6.500000000000000000e+02 4.315773873878487460e-02 -7.311995513336175603e-03 -1.137299695663147132e-03 7.743763937690826757e-03 1.249540712339779821e-04 7.947126215032917357e-03 2.942431444575430849e-02
6.525000000000000000e+02 4.583416568167562877e-02 -8.377060191408016582e-03 -9.831375241290225483e-04 7.240593776476606132e-03 1.095897049936762815e-04 8.507541319207140296e-03 3.079115038867968890e-02
6.550000000000000000e+02 4.947091906875251965e-02 -9.685947547149294928e-03 -8.551941163399950224e-04 6.932453354448077538e-03 9.518359754169240946e-05 9.189996662284791867e-03 3.279668454274269757e-02
6.575000000000000000e+02 5.395207833453316559e-02 -1.127765837028467909e-02 -7.431241599433791338e-04 6.874662281100236971e-03 8.217531257808694076e-05 9.990640962250807097e-03 3.540869078894210570e-02
6.600000000000000000e+02 5.832879389840688739e-02 -1.301663875407958228e-02 -6.489741999055625597e-04 7.089239478722285555e-03 6.982927270450456564e-05 1.092458934537572819e-02 3.817131136125245100e-02
6.625000000000000000e+02 6.039554876822361695e-02 -1.438456776315643650e-02 -5.520988838050606019e-04 7.445642142899163568e-03 5.518004842515800471e-05 1.195906257920685903e-02 3.990012674516481977e-02
6.650000000000000000e+02 5.698883676031135659e-02 -1.440736070554216909e-02 -4.615764205298425026e-04 7.551148175172778775e-03 4.284706550835932825e-05 1.305978868907295073e-02 3.879988681227854175e-02
6.675000000000000000e+02 4.659652145493270448e-02 -1.235587688264162820e-02 -3.725376664733557664e-04 7.080180157118259529e-03 3.095825522223035072e-05 1.410376833229364663e-02 3.389023497217230618e-02
6.700000000000000000e+02 3.160011466650534950e-02 -8.571536164727975443e-03 -3.026376366419115211e-04 6.063301448608643396e-03 2.453315480652542785e-05 1.498352612111794081e-02 2.632347111811596599e-02
6.725000000000000000e+02 1.769886617498480502e-02 -4.567001651421648614e-03 -2.507166875763282331e-04 4.961626861111060292e-03 2.045012971646111276e-05 1.556229305579511293e-02 1.911139304594548782e-02
6.750000000000000000e+02 9.231763976379888867e-03 -1.862481489892314898e-03 -2.116851872909122478e-04 4.325084666908259393e-03 1.828329254965546110e-05 1.586035445668711533e-02 1.470860154998763179e-02
6.775000000000000000e+02 5.700530979644159724e-03 -5.339809495841649689e-04 -1.812204944492406958e-04 4.175182190720631500e-03 1.659115181050870423e-05 1.591777055691150772e-02 1.289674186363815034e-02
6.800000000000000000e+02 4.775767843033946677e-03 -1.082213909386098225e-05 -1.624227000410424792e-04 4.271330008824821348e-03 1.656783832858388196e-05 1.583629565162939651e-02 1.244169675174408227e-02
6.825000000000000000e+02 4.780874624521467588e-03 1.646916632986588497e-04 -1.477694730895954536e-04 4.441662007986037913e-03 1.670188441198995071e-05 1.564474336433012425e-02 1.243363999841881444e-02
6.850000000000000000e+02 5.003522925095291000e-03 2.138004007671313064e-04 -1.372315979904111232e-04 4.592471896794038215e-03 1.681444197182458848e-05 1.542096492901049408e-02 1.250847987544991165e-02
6.875000000000000000e+02 5.200875388874416812e-03 2.233223452798043147e-04 -1.267174918848845895e-04 4.711888904283216897e-03 1.721169212863381625e-05 1.515784796491358860e-02 1.253530612903561159e-02
6.900000000000000000e+02 5.331864787507151898e-03 2.274167467458497048e-04 -1.182541963144821093e-04 4.785747846073784735e-03 1.677234245167969593e-05 1.490125078491235863e-02 1.250943170924664720e-02
6.925000000000000000e+02 5.412460452195818998e-03 2.239017471505746820e-04 -1.089179668979619383e-04 4.836944712942645164e-03 1.749863780409864289e-05 1.462362508900467983e-02 1.243651512707157243e-02
6.950000000000000000e+02 5.471574856297380107e-03 2.205680297995869039e-04 -1.016410345425559745e-04 4.849608282887061909e-03 1.665706605557007471e-05 1.436151358298682484e-02 1.234134836108563386e-02
6.975000000000000000e+02 5.513278037134568786e-03 2.134537830872872664e-04 -9.321694205044635511e-05 4.843698172995392764e-03 1.812589608717232913e-05 1.407931770827349806e-02 1.221814695920173111e-02
7.000000000000000000e+02 5.556494660228020188e-03 2.095360277300102310e-04 -8.674058685711594880e-05 4.800251360867702211e-03 1.704073264561917675e-05 1.381526417906998698e-02 1.208600510008285556e-02
7.025000000000000000e+02 5.598049137711141009e-03 2.000210322706720979e-04 -7.858423679664773857e-05 4.743733093170521622e-03 1.940195558374605925e-05 1.352936242848977108e-02 1.193557232968571642e-02
7.050000000000000000e+02 5.649862334205581899e-03 1.958632324553278051e-04 -7.232494499505652508e-05 4.654642810240712698e-03 1.815105344324346559e-05 1.326295568820333448e-02 1.178373041632481411e-02
7.075000000000000000e+02 5.706288345974067436e-03 1.803521034539045385e-04 -6.406008198194507012e-05 4.563353890420129150e-03 2.126287191731394074e-05 1.297272534198915320e-02 1.162118378919167402e-02
7.100000000000000000e+02 5.782522173666282753e-03 1.692546464225898838e-04 -5.794806413558656615e-05 4.445804015857282750e-03 1.961753328091573264e-05 1.270247182419964073e-02 1.146539900686160268e-02
7.125000000000000000e+02 5.861845034129333984e-03 1.457455173718500546e-04 -4.985898452462505614e-05 4.340936048352567710e-03 2.315750790156283345e-05 1.240627860861981922e-02 1.130452984555085916e-02
7.150000000000000000e+02 5.970894113289287701e-03 1.235831887236088153e-04 -4.417567480987922272e-05 4.213911600890331288e-03 2.072658423478679460e-05 1.212980492401985987e-02 1.115730531909973899e-02
7.175000000000000000e+02 6.071936647224105907e-03 9.519460148275839945e-05 -3.663728586916528934e-05 4.110599642853950998e-03 2.437665243516431025e-05 1.182462496002971257e-02 1.100358062505388604e-02
7.200000000000000000e+02 6.204791290283518009e-03 6.307281607435726912e-05 -3.174990956845184450e-05 3.971291919716422869e-03 2.115137520539089744e-05 1.153840061952471872e-02 1.085724191476232850e-02
7.225000000000000000e+02 6.311976070903523028e-03 3.101217536801215212e-05 -2.510251230598974938e-05 3.850399115850167142e-03 2.481988845805782314e-05 1.122036089533722143e-02 1.069136804104545493e-02
7.250000000000000000e+02 6.441919862618675219e-03 -6.185806157969864077e-06 -2.150397309503926737e-05 3.664475665017671510e-03 2.149487423055521456e-05 1.092070380219940448e-02 1.051354966491787474e-02
7.275000000000000000e+02 6.534340108105538870e-03 -4.133823381206979921e-05 -1.593539814988043812e-05 3.491053758059686676e-03 2.507356595420360206e-05 1.058747128420510671e-02 1.030643257518516591e-02
7.300000000000000000e+02 6.631508676440063185e-03 -6.671914956167625851e-05 -1.388981664047016236e-05 3.241735789958431063e-03 2.264934843029812919e-05 1.027290099550361158e-02 1.007307273095105205e-02
7.325000000000000000e+02 6.678623218053539486e-03 -9.065909453695724252e-05 -9.038093717058385868e-06 3.022214869480704079e-03 2.559642534007705656e-05 9.925923462097318434e-03 9.813380774815780999e-03
7.350000000000000000e+02 6.684302894853124365e-03 -7.737896987285779681e-05 -8.292857086748573218e-06 2.747977250930829906e-03 2.470387229321555135e-05 9.599518323657544802e-03 9.515899234720749320e-03
7.375000000000000000e+02 6.596769699320804980e-03 -6.565197380044907646e-05 -3.646317856723067672e-06 2.532667429494243720e-03 2.611111858739685479e-05 9.245952612267224757e-03 9.187694870541137163e-03
7.400000000000000000e+02 6.420335902398315031e-03 -7.316075467885241099e-06 -3.882977692323601206e-06 2.295332785999899903e-03 2.692431337858200048e-05 8.917898041195885736e-03 8.816783364797050118e-03
7.425000000000000000e+02 6.151918565937222576e-03 3.913393610473434319e-05 6.401062470564394172e-07 2.126340591053970958e-03 2.617304179813005277e-05 8.570922834855792052e-03 8.424590995923492143e-03
7.450000000000000000e+02 5.860655327046095271e-03 9.527795066462800848e-05 -2.916419690170180353e-07 1.957691445732199099e-03 2.836729003940599670e-05 8.254838292294879726e-03 8.036592532536586397e-03
7.475000000000000000e+02 5.593866729894938182e-03 1.330081280183477920e-04 3.814249861555216304e-06 1.842583815805942833e-03 2.559721179282745284e-05 7.924715451829950769e-03 7.680582998765415892e-03
7.500000000000000000e+02 5.432568966708555686e-03 1.314056185073624798e-04 2.402236248850409053e-06 1.730006443301289202e-03 2.837118643575618651e-05 7.625363654190916302e-03 7.393969532100380486e-03
7.525000000000000000e+02 5.378105721451220157e-03 1.290883653541754833e-04 5.495668024161889816e-06 1.651662525048344351e-03 2.447353622538947081e-05 7.310136757729209303e-03 7.169952502114386797e-03
7.550000000000000000e+02 5.445028091829672533e-03 7.135417701891952347e-05 3.891437510408183944e-06 1.570765297984429024e-03 2.731382094917021020e-05 7.021948789568257208e-03 7.018871089691179274e-03
7.575000000000000000e+02 5.544909260682999268e-03 4.189327741779322578e-05 5.699058433542555605e-06 1.510343604471928820e-03 2.344835169283104978e-05 6.716049987129614138e-03 6.885651426142271221e-03
7.600000000000000000e+02 5.653858391439365617e-03 -2.843077495212469210e-05 4.208427964709960595e-06 1.448284672992640769e-03 2.596430279674371709e-05 6.437353181170422239e-03 6.769748122801214421e-03
7.625000000000000000e+02 5.680000098504331581e-03 -4.752193374269069229e-05 5.053149520866074262e-06 1.395640881044039449e-03 2.264568646600162091e-05 6.144670229844443471e-03 6.610155604696407033e-03
7.650000000000000000e+02 5.648487491111850618e-03 -8.826631593692156076e-05 3.980458146368617569e-06 1.341194659716245588e-03 2.448596567797797468e-05 5.882691330528054367e-03 6.436186740678075287e-03
7.675000000000000000e+02 5.533289927262998419e-03 -7.892840184953655723e-05 4.453670711043508246e-06 1.290738844949799406e-03 2.182231556332998209e-05 5.611855575466939521e-03 6.217942173839868455e-03
7.700000000000000000e+02 5.391164258724341803e-03 -9.116609199406156645e-05 3.866011526177324240e-06 1.238990376602018377e-03 2.294556971101067186e-05 5.373032023179470304e-03 6.001593329252915242e-03
7.725000000000000000e+02 5.216495640811814015e-03 -6.701554610455957134e-05 4.188014531268588063e-06 1.192013073230364711e-03 2.092615747295549166e-05 5.127950865322062311e-03 5.768229789682120627e-03
7.750000000000000000e+02 5.052130167085931191e-03 -7.062122743436844417e-05 3.850769697650116551e-06 1.144141655093935039e-03 2.140298683863637395e-05 4.913155800598217708e-03 5.554713811389042077e-03
7.775000000000000000e+02 4.879193534892001770e-03 -4.513423173590638224e-05 4.032204558097007221e-06 1.101947766769234950e-03 1.994958676986847065e-05 4.692743588834657337e-03 5.336942445247946920e-03
7.800000000000000000e+02 4.730260897237229846e-03 -5.000651154686295619e-05 3.765418683774283926e-06 1.058199117224432970e-03 1.986242512115217598e-05 4.499775048802821288e-03 5.144117531632241835e-03
7.825000000000000000e+02 4.574148343500669851e-03 -2.724926847638471530e-05 3.843528227873881067e-06 1.019524173881011103e-03 1.888237552615073649e-05 4.301212750107194678e-03 4.947442633744437816e-03
7.850000000000000000e+02 4.444443209962957789e-03 -3.467391309425380371e-05 3.582175243008412587e-06 9.789635360551976386e-04 1.838903069768047102e-05 4.127310126435432790e-03 4.775358436226794651e-03
7.875000000000000000e+02 4.303759155750006525e-03 -1.475025740910780360e-05 3.607052250792706748e-06 9.425847443920118982e-04 1.780849143221755796e-05 3.947800635747682370e-03 4.597072267944850993e-03
7.900000000000000000e+02 4.188742532876682523e-03 -2.354604766709371633e-05 3.322071024341457884e-06 9.048228436828331276e-04 1.711159144463386152e-05 3.790507869536502948e-03 4.442036623048008920e-03
7.925000000000000000e+02 4.060237837718159125e-03 -5.746087341779570645e-06 3.320869786178091776e-06 8.707606908614664958e-04 1.685902966883732882e-05 3.627697216536948568e-03 4.279347872558287094e-03
7.950000000000000000e+02 3.956299922368779372e-03 -1.473165633256030500e-05 3.002866982954373997e-06 8.360942917683615409e-04 1.609676071491452897e-05 3.484978213276861136e-03 4.138686213707000808e-03
7.975000000000000000e+02 3.838141127487648251e-03 1.485705535584713709e-06 2.985740306168838176e-06 8.048077063994462559e-04 1.608561475632873131e-05 3.336916501567757914e-03 3.989932667727426156e-03
8.000000000000000000e+02 3.743596356144845896e-03 -7.156834315891557967e-06 2.642872437224733935e-06 7.734376513107570376e-04 1.530924921475680775e-05 3.207074989490943905e-03 3.862054498473273256e-03
8.025000000000000000e+02 3.634857441115571172e-03 7.664821576112502275e-06 2.614007574672024115e-06 7.450942762711385264e-04 1.545317024154352459e-05 3.072107065658575501e-03 3.726029391522642925e-03
8.050000000000000000e+02 3.548811741381891448e-03 -6.264912702562242321e-07 2.262204273889630509e-06 7.168537384119347223e-04 1.467634978705536532e-05 2.953697794749053380e-03 3.609681637271439612e-03
8.075000000000000000e+02 3.448751434820519334e-03 1.282628712291682423e-05 2.224749429794176086e-06 6.913090620624103098e-04 1.490908585563061619e-05 2.830389527262428158e-03 3.485225012072679009e-03
8.100000000000000000e+02 3.370476350368696149e-03 4.736794646571241102e-06 1.881308119286822093e-06 6.658642670223244514e-04 1.414182812109766005e-05 2.722160543166596280e-03 3.379250580278808386e-03
8.125000000000000000e+02 3.278382596451976175e-03 1.686505796167949827e-05 1.838981177751589170e-06 6.428696288274374010e-04 1.441859982525538976e-05 2.609257627213503600e-03 3.265254926246458425e-03
8.150000000000000000e+02 3.207209959728211761e-03 8.896267030141302777e-06 1.518900498716754498e-06 6.199102567008140264e-04 1.367091315190491220e-05 2.510115561833808472e-03 3.168617889131417238e-03
8.175000000000000000e+02 3.122427145158559320e-03 1.980207519826819999e-05 1.474157538983396705e-06 5.992542007957986274e-04 1.396144102760978296e-05 2.406518072692776563e-03 3.064099709323567580e-03
8.200000000000000000e+02 3.057754170322607348e-03 1.196481418266443994e-05 1.187021978078452535e-06 5.785500279208313865e-04 1.324048686442110191e-05 2.315505141800833916e-03 2.975904670022136433e-03
8.225000000000000000e+02 2.979685202499723733e-03 2.177704263926472005e-05 1.139363776743869779e-06 5.600773753676932792e-04 1.352437980384214065e-05 2.220248131168283019e-03 2.880005354517850124e-03
8.250000000000000000e+02 2.920967435232168456e-03 1.412062328114558296e-05 8.883068466089128071e-07 5.414501930091674201e-04 1.283567895546475150e-05 2.136524245228280713e-03 2.799470936734808294e-03
8.275000000000000000e+02 2.849060563208521968e-03 2.297816353895001368e-05 8.353145284469808158e-07 5.250246916607757657e-04 1.309905674088644525e-05 2.048760641442555486e-03 2.711422948155926826e-03
8.300000000000000000e+02 2.795810253993883353e-03 1.555010107007177446e-05 6.177487661580424842e-07 5.083086272727804431e-04 1.244950183068733510e-05 1.971588139040477295e-03 2.637853510153570329e-03
8.325000000000000000e+02 2.729553944321205013e-03 2.360405552475697207e-05 5.572566569464133588e-07 4.937874959673777160e-04 1.268140237528712307e-05 1.890573185760835960e-03 2.556957313024709345e-03
8.350000000000000000e+02 2.681334053051620016e-03 1.643496421728656256e-05 3.663510999923118143e-07 4.788121630512336027e-04 1.208050547451971480e-05 1.819303432632987574e-03 2.489724824367920732e-03
8.375000000000000000e+02 2.620247619853881792e-03 2.384317295656615131e-05 2.979519150652971904e-07 4.660446353861658671e-04 1.226986048902226783e-05 1.744381062161966256e-03 2.415336658701007066e-03
8.400000000000000000e+02 2.576657581422014693e-03 1.694414203777512242e-05 1.247494269717245196e-07 4.526374037391008368e-04 1.172884252150409114e-05 1.678442836923724375e-03 2.353868911042419736e-03
8.425000000000000000e+02 2.520280615697461507e-03 2.385338577555842334e-05 5.005108759921997938e-08 4.414720706270834909e-04 1.186352014538492366e-05 1.609034105757772186e-03 2.285393396041158782e-03
8.450000000000000000e+02 2.480942623308220445e-03 1.722225896794213798e-05 -1.146261354003304921e-07 4.294675697618117864e-04 1.139375919589864814e-05 1.547923478887340901e-03 2.229166835978686756e-03
8.475000000000000000e+02 2.428831592403958139e-03 2.376178618707740616e-05 -1.926427316937468144e-07 4.197581372158055058e-04 1.146148704247693173e-05 1.483516784070735466e-03 2.166053256845249745e-03
8.500000000000000000e+02 2.393385821016028210e-03 1.739229777448088017e-05 -3.570493506231228670e-07 4.090055190373483572e-04 1.107303410137984223e-05 1.426788125927853446e-03 2.114589732990614871e-03
8.525000000000000000e+02 2.345119419262141607e-03 2.367178878076714381e-05 -4.347917828673389176e-07 4.006167564583549548e-04 1.106272270015246567e-05 1.366930846094660187e-03 2.056333510907578429e-03
8.550000000000000000e+02 2.313227785604601502e-03 1.755647847307386774e-05 -6.054143378569671372e-07 3.909858874977075382e-04 1.076284763106522258e-05 1.314188810703386138e-03 2.009201241902847535e-03
8.575000000000000000e+02 2.268415018811091761e-03 2.366227235074234251e-05 -6.788827336530693003e-07 3.838018122412776754e-04 1.066540174169601867e-05 1.258480007745080157e-03 1.955348419398724932e-03
8.600000000000000000e+02 2.239766734179036815e-03 1.779339451362034033e-05 -8.600963301493072988e-07 3.751876572382443218e-04 1.045779850319710142e-05 1.209372514168414884e-03 1.912163452792848065e-03
8.625000000000000000e+02 2.198054560268698689e-03 2.378738195990308597e-05 -9.248560413651937254e-07 3.691191544749472119e-04 1.026667627862352808e-05 1.157456558772570164e-03 1.862315136758108114e-03
8.650000000000000000e+02 2.172368586247282098e-03 1.815816346918808070e-05 -1.119245162524197926e-06 3.614436128147495496e-04 1.015149064158691544e-05 1.111668853047334928e-03 1.822740526054683098e-03
8.675000000000000000e+02 2.133444053843012913e-03 2.408115990734103270e-05 -1.170317690614903408e-06 3.564315638662691500e-04 9.863249261398272073e-06 1.063229986504636831e-03 1.776552802106959447e-03
8.700000000000000000e+02 2.110470110486883672e-03 1.868621514441173319e-05 -1.379229417267909056e-06 3.496418221575247134e-04 9.837338502030759936e-06 1.020479930410260038e-03 1.740295931527334212e-03
8.725000000000000000e+02 2.074061700186985088e-03 2.456378848835925202e-05 -1.410945673463455234e-06 3.456530767115822554e-04 9.451970196516092280e-06 9.752376451932718562e-04 1.697476211045919735e-03
8.750000000000000000e+02 2.053579759733477773e-03 1.940022461172219364e-05 -1.634976410497989933e-06 3.397156886434878108e-04 9.509285660084093245e-06 9.352719987750791322e-04 1.664283723576022358e-03
8.775000000000000000e+02 2.019455097216044104e-03 2.525045968287429213e-05 -1.640913482936682728e-06 3.367322033345530397e-04 9.030232946686562803e-06 8.929770663179814735e-04 1.624582183434289308e-03
8.800000000000000000e+02 2.001274122372754660e-03 2.031786810088931494e-05 -1.880417520905896499e-06 3.316236723126230737e-04 9.162425450322158322e-06 8.555685808797955632e-04 1.594233187782586811e-03
8.825000000000000000e+02 1.969238723287611553e-03 2.615593750489466525e-05 -1.853205694840584492e-06 3.296288079318294528e-04 8.596658847966747190e-06 8.159997119612320262e-04 1.557433621590336489e-03
8.850000000000000000e+02 1.953197222025135956e-03 2.145508184260336336e-05 -2.108835534439373753e-06 3.253252507848408714e-04 8.794036486265525773e-06 7.809447971573368810e-04 1.529733634983656936e-03
8.875000000000000000e+02 1.923088311296606862e-03 2.729601775653520590e-05 -2.039914015761193212e-06 3.242940216787794133e-04 8.151719183571220432e-06 7.439056800500236724e-04 1.495644006512705055e-03
8.900000000000000000e+02 1.909051871980034336e-03 2.282690405472607116e-05 -2.313302274500718377e-06 3.207625101856713683e-04 8.404328622569599171e-06 7.110225110522580853e-04 1.470418446608982030e-03
8.925000000000000000e+02 1.880735402364871372e-03 2.868504407799719020e-05 -2.192914094089812480e-06 3.206563813377911521e-04 7.697562753662477692e-06 6.763392045637031929e-04 1.438865494133182831e-03
8.950000000000000000e+02 1.868598607850080343e-03 2.444437365586367116e-05 -2.487336183039553853e-06 3.178512149578303068e-04 7.996256714484469276e-06 6.454661313054228366e-04 1.415957977056666716e-03
8.975000000000000000e+02 1.841968005431994081e-03 3.033037875092787754e-05 -2.304788497876037507e-06 3.186215926506065390e-04 7.237155334444693042e-06 6.129847282909266009e-04 1.386787163186763584e-03
9.000000000000000000e+02 1.831654167387156921e-03 2.630906715969132310e-05 -2.625834289799986722e-06 3.164864649360467396e-04 7.574441901029699637e-06 5.839788313730864475e-04 1.366059731848145000e-03
9.025000000000000000e+02 1.806626156101194232e-03 3.222698161660559907e-05 -2.369638964149622053e-06 3.180815166821325773e-04 6.773626385491530819e-06 5.535633416195443650e-04 1.339135507201435560e-03
9.050000000000000000e+02 1.798086451851338636e-03 2.840949118469637951e-05 -2.725723512005033665e-06 3.165520290262861499e-04 7.144650561915651178e-06 5.262990748936529489e-04 1.320468777885638921e-03
9.075000000000000000e+02 1.774597815754199804e-03 3.435953445220576579e-05 -2.383514082959257372e-06 3.189209715632543166e-04 6.310246337793953636e-06 4.978295276834305682e-04 1.295674157500442507e-03
9.100000000000000000e+02 1.767814748283703377e-03 3.072059781573983380e-05 -2.785979162556150075e-06 3.179315993657460832e-04 6.713717646655721707e-06 4.721975760321902552e-04 1.278971961840819939e-03
9.125000000000000000e+02 1.745818343851081615e-03 3.669756376828700931e-05 -2.344422330185255694e-06 3.210325536691947053e-04 5.850646749757186053e-06 4.455683447508177646e-04 1.256209621135546961e-03
9.150000000000000000e+02 1.740803784133339608e-03 3.319919321758817458e-05 -2.807409079075634971e-06 3.205254965834043865e-04 6.288713215152759644e-06 4.214748325111227802e-04 1.241402056613933333e-03
9.175000000000000000e+02 1.720261635890528874e-03 3.919290302317932458e-05 -2.252575358238624442e-06 3.243307941373117982e-04 5.398217690195838939e-06 3.965932087264324485e-04 1.220592819377136614e-03
9.200000000000000000e+02 1.717052645711584190e-03 3.578329015857662209e-05 -2.792545628428125892e-06 3.242600970605032324e-04 5.875880449658005321e-06 3.739591920941511211e-04 1.207635967433119163e-03
9.225000000000000000e+02 1.697926996997949902e-03 4.178168678853069415e-05 -2.110422814699418939e-06 3.287547898373652743e-04 4.955834265511750354e-06 3.507442256210969479e-04 1.188713006228205981e-03
9.250000000000000000e+02 1.696578012301432677e-03 3.839606922230984659e-05 -2.745481920296559226e-06 3.290879705844567066e-04 5.480213675076630448e-06 3.295054316017111411e-04 1.177585707243800290e-03
9.275000000000000000e+02 1.678821684669176868e-03 4.438967575260903924e-05 -1.922485999688786808e-06 3.342661711291377712e-04 4.525672881292761607e-06 3.078870721918878996e-04 1.160487463995101432e-03
9.300000000000000000e+02 1.679397955867017274e-03 4.095258122566463357e-05 -2.671666853927888290e-06 3.349812007762231585e-04 5.104775020452105783e-06 2.879937758903758794e-04 1.151186466266807939e-03
9.325000000000000000e+02 1.662945193844473117e-03 4.693860828484019889e-05 -1.695195525016455367e-06 3.408374024799236597e-04 4.108996882499193236e-06 2.679122949294996921e-04 1.135847445626948261e-03
9.350000000000000000e+02 1.665513314594500166e-03 4.336647292915074743e-05 -2.577514366395001651e-06 3.419164844801386759e-04 4.750542249377516582e-06 2.493291962898980837e-04 1.128379497682268327e-03
9.375000000000000000e+02 1.650269104073365158e-03 4.935250793023868572e-05 -1.436526309946241434e-06 3.484378983474556673e-04 3.706345475237240259e-06 2.307348873358834444e-04 1.114720944878352027e-03
9.400000000000000000e+02 1.654886318109768722e-03 4.555771676121765038e-05 -2.469867406103273209e-06 3.498599478989475927e-04 4.416566959395291101e-06 2.134408511076944836e-04 1.109093558558205345e-03
9.425000000000000000e+02 1.640718054540306510e-03 5.156385087671537981e-05 -1.155497201322643639e-06 3.570195844665320617e-04 3.317822015698194167e-06 1.962939430869575124e-04 1.097015791046898137e-03
9.450000000000000000e+02 1.647421037060260501e-03 4.745962251408712723e-05 -2.355508004723928950e-06 3.587500023423927922e-04 4.100373934024816635e-06 1.802814566847233942e-04 1.093226248043688330e-03
9.475000000000000000e+02 1.634154278239515271e-03 5.351915831002003460e-05 -8.614191291488668451e-07 3.664996225613300729e-04 2.943360531730140846e-06 1.645521396443192126e-04 1.082603020222582197e-03
9.500000000000000000e+02 1.642948302356941762e-03 4.902453907571953248e-05 -2.240599248791662838e-06 3.684807503179200684e-04 3.798114697949416737e-06 1.498263887635644027e-04 1.080627720719213062e-03
9.525000000000000000e+02 1.630365318220137246e-03 5.518304890312464268e-05 -5.631877582714262246e-07 3.767452441678670761e-04 2.582440652845711276e-06 1.354948412713622254e-04 1.071302701829683450e-03
9.550000000000000000e+02 1.641213110809115880e-03 5.022742965054476181e-05 -2.130531273986659148e-06 3.788885286086333959e-04 3.504701529307148570e-06 1.220723383116531936e-04 1.071086988864701234e-03
9.575000000000000000e+02 1.629055983981487566e-03 5.653925634475029936e-05 -2.689225281764358119e-07 3.875624503584660556e-04 2.233944730822075290e-06 1.091287069676827488e-04 1.062873570653818239e-03
9.600000000000000000e+02 1.641868100276494243e-03 5.106729546799329051e-05 -2.029895823497871594e-06 3.897432357663660777e-04 3.214352168732563442e-06 9.703540871598632976e-05 1.064323372379423352e-03
9.625000000000000000e+02 1.629847467440882249e-03 5.759114941108549833e-05 1.448545605285938401e-08 3.986899992723401441e-04 1.896462391355722730e-06 8.547965764373374037e-05 1.057008562178477938e-03
9.650000000000000000e+02 1.644475764628901921e-03 5.156715535350997313e-05 -1.942376685409340793e-06 4.007473520016510975e-04 2.921184843090438821e-06 7.474853751249323816e-05 1.059985827071523081e-03
9.675000000000000000e+02 1.632283975473129136e-03 5.836063421607918015e-05 2.819012659586797638e-07 4.097996777131221913e-04 1.568485559798753256e-06 6.459004236529272800e-05 1.053336847775772096e-03
9.700000000000000000e+02 1.648519226969489193e-03 5.177152223033232504e-05 -1.870741873402248852e-06 4.115404839637882683e-04 2.619764117658804922e-06 5.525811476618668516e-05 1.057658912849732168e-03
9.725000000000000000e+02 1.635847531696003800e-03 5.888533605436947478e-05 5.303759398929164055e-07 4.205037594669093601e-04 1.248391056181025277e-06 4.651492417994825646e-05 1.051433107671430854e-03
9.750000000000000000e+02 1.653422235857331590e-03 5.174240508064258641e-05 -1.817050996366775055e-06 4.217105971087334966e-04 2.305827702683386523e-06 3.861980014832701492e-05 1.056876316557196034e-03
9.775000000000000000e+02 1.639979393331475422e-03 5.921596780313364867e-05 7.595819779570208648e-07 4.303695893990592885e-04 9.342668683978857678e-07 3.131750315977593441e-05 1.050833242945155245e-03
9.800000000000000000e+02 1.658579290055868733e-03 5.155418421624347080e-05 -1.783166356778595506e-06 4.308122672964692819e-04 1.977518838763400364e-06 2.489368317546951443e-05 1.057142620263903888e-03
9.825000000000000000e+02 1.644117794110854826e-03 5.941243590039420314e-05 9.724023384738706860e-07 4.389453985818846668e-04 6.234638350464983374e-07 1.906378841995834826e-05 1.051063490556348881e-03
9.850000000000000000e+02 1.663415758186354747e-03 5.128400555435917013e-05 -1.770736438331413375e-06 4.384095730163935136e-04 1.636132485313228008e-06 1.413898350069512726e-05 1.057982157351721776e-03
9.875000000000000000e+02 1.647768091808993109e-03 5.953256222739469126e-05 1.174722656014737923e-06 4.458232609634720000e-04 3.134738095431282332e-07 9.816634642857394961e-06 1.051703993707661265e-03
9.900000000000000000e+02 1.667446873487591665e-03 5.100288542359408031e-05 -1.779082305286592026e-06 4.441536271242093074e-04 1.280108514265099927e-06 6.408455234910394144e-06 1.059004477923355730e-03
9.925000000000000000e+02 1.650507114553406100e-03 5.961948547736710787e-05 1.374350755285125379e-06 4.506803624523243539e-04 3.595930369734538927e-09 3.629913969730950816e-06 1.052408695487730677e-03
9.950000000000000000e+02 1.670198321875477569e-03 5.076942515555913613e-05 -1.809886361505698360e-06 4.476841723463848900e-04 9.115952958926240350e-07 1.743258537226615983e-06 1.059812876379544492e-03
9.975000000000000000e+02 1.651794782294860016e-03 5.974632223071836567e-05 1.588430356386204366e-06 4.530549222539164539e-04 -3.203400496686715661e-07 5.439277389539611435e-07 1.052696816143865047e-03
1.000000000000000000e+03 1.671172849760972591e-03 5.065054809853109094e-05 -1.863421069951590171e-06 4.485264966228058483e-04 5.800959353162145890e-07 1.708916378535901727e-07 1.059935119010816090e-03
