 z u v w u_mag
0.000000000000000000e+00 6.316775809613715431e+00 6.407957116651569862e+00 -8.730348071271102272e-04 8.997975983517420673e+00
2.500000000000000000e+00 7.465751655673388498e+00 7.563989743729079507e+00 6.380123360754725486e-04 1.062785909929598205e+01
5.000000000000000000e+00 8.317895267881777244e+00 8.412751429097305333e+00 -4.654492071437854096e-04 1.183054388064520879e+01
7.500000000000000000e+00 9.005610195976871069e+00 9.091081419576903855e+00 2.350161973566995872e-04 1.279643608331990201e+01
1.000000000000000000e+01 9.531740403188521782e+00 9.603942301182870622e+00 -1.741628744860239896e-04 1.353106732185450767e+01
1.250000000000000000e+01 9.919781106484187205e+00 9.976192000600573095e+00 1.014529579074644535e-04 1.406863405038670400e+01
1.500000000000000000e+01 1.020683288947597944e+01 1.024558191775791016e+01 -8.934841982101851077e-05 1.446206715774614260e+01
1.750000000000000000e+01 1.042769929792289219e+01 1.044725505865864434e+01 4.810951758023717658e-05 1.476082825965008993e+01
2.000000000000000000e+01 1.060680180217342361e+01 1.060612663748404039e+01 -3.545168470269272000e-05 1.499980555614621025e+01
2.250000000000000000e+01 1.075869474556311545e+01 1.073748973661712114e+01 3.178241475078281210e-05 1.520010521256927127e+01
2.500000000000000000e+01 1.089226329097177270e+01 1.085108707697971475e+01 -8.592100273227499399e-06 1.537489805989364022e+01
2.750000000000000000e+01 1.101276292331270312e+01 1.095273877629594850e+01 2.391667976819933009e-05 1.553201319557255111e+01
3.000000000000000000e+01 1.112342882123436461e+01 1.104560413814877684e+01 2.133388400273651398e-06 1.567597013003537398e+01
3.250000000000000000e+01 1.122645112024157932e+01 1.113139428523404639e+01 1.614331337455723132e-05 1.580952698497887354e+01
3.500000000000000000e+01 1.132377692685182424e+01 1.121157644672607567e+01 3.760161893770374937e-06 1.593509869156444125e+01
3.750000000000000000e+01 1.141688634305734951e+01 1.128735413801816456e+01 1.047090285791458009e-05 1.605458368215865050e+01
4.000000000000000000e+01 1.150658143553178547e+01 1.135939207387300698e+01 3.210578578039671870e-06 1.616901990290394409e+01
4.250000000000000000e+01 1.159336358457695404e+01 1.142806629075099778e+01 6.951648400027840161e-06 1.627902879013495152e+01
4.500000000000000000e+01 1.167774753947059097e+01 1.149385648757671419e+01 4.365163080326036589e-06 1.638531429520470795e+01
4.750000000000000000e+01 1.176043565947065339e+01 1.155741886988613132e+01 4.629342448364226404e-06 1.648883797708529997e+01
5.000000000000000000e+01 1.184194171526937822e+01 1.161916496481832084e+01 2.906684342242411307e-06 1.659025551543757970e+01
5.250000000000000000e+01 1.192223284327448063e+01 1.167898368623585093e+01 4.075048379020832988e-06 1.668946661558219091e+01
5.500000000000000000e+01 1.200113814566728720e+01 1.173670552832825820e+01 1.935022370346749606e-06 1.678623166318412530e+01
5.750000000000000000e+01 1.207861444619193314e+01 1.179238195492143504e+01 1.269572861545882037e-06 1.688055683650615535e+01
6.000000000000000000e+01 1.215497163687144955e+01 1.184634316003166710e+01 1.908289613229210844e-06 1.697289550307731432e+01
6.250000000000000000e+01 1.223054067821963997e+01 1.189895672089468981e+01 2.790208661646993790e-06 1.706374215485331547e+01
6.500000000000000000e+01 1.230539264799584309e+01 1.195036713571571596e+01 3.146219992850671949e-06 1.715324933940372176e+01
6.750000000000000000e+01 1.237977836558287770e+01 1.200082713589361383e+01 2.011495826970465161e-06 1.724177381612920001e+01
7.000000000000000000e+01 1.245400632113648065e+01 1.205041993281917634e+01 1.515748615423701771e-06 1.732959589846790038e+01
7.250000000000000000e+01 1.252811885210006615e+01 1.209908319778995534e+01 1.369902706349574812e-06 1.741670394188837889e+01
7.500000000000000000e+01 1.260198570184939193e+01 1.214681668347022914e+01 1.181761130195945917e-06 1.750300543253782593e+01
7.750000000000000000e+01 1.267546028613524278e+01 1.219356028728570607e+01 8.949042078703663895e-07 1.758835427051273825e+01
8.000000000000000000e+01 1.274838409495116487e+01 1.223930440064111380e+01 -3.902739883205438171e-07 1.767263051285679154e+01
8.250000000000000000e+01 1.282072341135838300e+01 1.228408836947017768e+01 7.353194820493954903e-07 1.775583779660948736e+01
8.500000000000000000e+01 1.289249432854437849e+01 1.232791464029856066e+01 1.198446779970728348e-06 1.783799006026290002e+01
8.750000000000000000e+01 1.296391732903516036e+01 1.237075160562789833e+01 2.304811679603392872e-06 1.791922564739360269e+01
9.000000000000000000e+01 1.303525604720407927e+01 1.241258194752778188e+01 1.240399562318288845e-06 1.799972474290272828e+01
9.250000000000000000e+01 1.310642313539741544e+01 1.245342217197919510e+01 7.736331272818041431e-07 1.807943724781344486e+01
9.500000000000000000e+01 1.317725748022377097e+01 1.249342630064908377e+01 1.205812357908339070e-06 1.815835387445307703e+01
9.750000000000000000e+01 1.324757621853700762e+01 1.253272495710816337e+01 1.118899553173059591e-06 1.823643250519328873e+01
1.000000000000000000e+02 1.331738825582411678e+01 1.257146600610657750e+01 6.445045902410278390e-07 1.831378135446243149e+01
1.025000000000000000e+02 1.338683823458190680e+01 1.260963836089436541e+01 1.948611396691755408e-06 1.839049802238663034e+01
1.050000000000000000e+02 1.345590029513114771e+01 1.264691799807445527e+01 1.591648081953455823e-06 1.846634202007892611e+01
1.075000000000000000e+02 1.352470516459793792e+01 1.268319310209314743e+01 1.803025238357893870e-06 1.854133320595605383e+01
1.100000000000000000e+02 1.359359892260018654e+01 1.271872289012589086e+01 4.367010503014728266e-07 1.861590297633529900e+01
1.125000000000000000e+02 1.366252101057479962e+01 1.275351129395600935e+01 1.186500615799962901e-06 1.869001152191894022e+01
1.150000000000000000e+02 1.373110317600628250e+01 1.278731638130783033e+01 1.920537990324985821e-06 1.876322612627682318e+01
1.175000000000000000e+02 1.379922770795437437e+01 1.282024490775072501e+01 1.223423388119055709e-07 1.883553463086949620e+01
1.200000000000000000e+02 1.386701071658644047e+01 1.285240652583157406e+01 1.130782973579219416e-08 1.890709760167226960e+01
1.225000000000000000e+02 1.393448580011128257e+01 1.288359504791418253e+01 -1.692809225350117122e-07 1.897780060681800762e+01
1.250000000000000000e+02 1.400161211699589536e+01 1.291373810014652435e+01 1.069805019437413749e-06 1.904756608057794409e+01
1.275000000000000000e+02 1.406853878577961936e+01 1.294306386341482806e+01 8.980460358424280937e-07 1.911665990018709138e+01
1.300000000000000000e+02 1.413535178491202871e+01 1.297174392975723833e+01 1.315751283459196421e-06 1.918526285101174267e+01
1.325000000000000000e+02 1.420190617381353881e+01 1.299974631678729864e+01 1.220478937593958921e-06 1.925324760321306172e+01
1.350000000000000000e+02 1.426829243999497621e+01 1.302720226520638747e+01 -1.357667518439867230e-07 1.932077037832126010e+01
1.375000000000000000e+02 1.433461703557333955e+01 1.305413202515089388e+01 8.069354754726028750e-07 1.938792429546340657e+01
1.400000000000000000e+02 1.440077508539388873e+01 1.308035886375695789e+01 9.938043141093054698e-07 1.945451389947247023e+01
1.425000000000000000e+02 1.446661826684053231e+01 1.310584465412590482e+01 6.315935864583459833e-07 1.952040491835569469e+01
1.450000000000000000e+02 1.453202104289154839e+01 1.313062381737200823e+01 8.529033647899988782e-07 1.958552826513445311e+01
1.475000000000000000e+02 1.459699063324313251e+01 1.315465495526597728e+01 6.219062429925722805e-07 1.964986215063840902e+01
1.500000000000000000e+02 1.466161910203896035e+01 1.317790407979503264e+01 1.111202881841345564e-06 1.971345303668420357e+01
1.525000000000000000e+02 1.472585560091784807e+01 1.320036772650590606e+01 2.170724968457122367e-07 1.977626181294287022e+01
1.550000000000000000e+02 1.478969710108695423e+01 1.322216805140043761e+01 4.059846504572319514e-07 1.983836859021866417e+01
1.575000000000000000e+02 1.485324110584725510e+01 1.324349017772626524e+01 7.111329064109019253e-07 1.989996993555425320e+01
1.600000000000000000e+02 1.491673262242522036e+01 1.326452058907888798e+01 1.006186265698373202e-06 1.996137316386384342e+01
1.625000000000000000e+02 1.498033772155699239e+01 1.328530044461386517e+01 1.427977843313293469e-06 2.002273023729688006e+01
1.650000000000000000e+02 1.504393905220934613e+01 1.330566558703095126e+01 -1.097371875217425189e-07 2.008384522247891724e+01
1.675000000000000000e+02 1.510734309670020536e+01 1.332553336051689996e+01 6.289180331803108494e-08 2.014451922443581466e+01
1.700000000000000000e+02 1.517032539330740448e+01 1.334489819283169965e+01 2.774628077520593408e-07 2.020458067656614887e+01
1.725000000000000000e+02 1.523284014512772799e+01 1.336383626031229710e+01 6.433269790330855080e-07 2.026404546183839273e+01
1.750000000000000000e+02 1.529508784782751185e+01 1.338251465301567578e+01 -1.347934934425092251e-07 2.032317422822872288e+01
1.775000000000000000e+02 1.535720521835939678e+01 1.340095661984774011e+01 3.162973676383582523e-07 2.038208503676319694e+01
1.800000000000000000e+02 1.541916349749081050e+01 1.341911176591358412e+01 -1.683299229484155457e-07 2.044072316598494155e+01
1.825000000000000000e+02 1.548077015114015431e+01 1.343679960150238983e+01 7.640240837304810246e-07 2.049882503958134805e+01
1.850000000000000000e+02 1.554193569733653923e+01 1.345387451652854516e+01 6.519167826604144931e-07 2.055622788175496751e+01
1.875000000000000000e+02 1.560274806481359988e+01 1.347038621294258931e+01 1.286837716044517432e-06 2.061303111868509319e+01
1.900000000000000000e+02 1.566303753759223838e+01 1.348626659253434390e+01 2.338062143429864090e-07 2.066906218261804540e+01
1.925000000000000000e+02 1.572269586039908518e+01 1.350146904561901096e+01 3.237985981265672868e-07 2.072420882707996270e+01
1.950000000000000000e+02 1.578201300129359552e+01 1.351628834643572041e+01 2.156478919798569329e-08 2.077888315182012136e+01
1.975000000000000000e+02 1.584138695928684903e+01 1.353110662191248892e+01 1.154189176577757378e-06 2.083363595744700447e+01
2.000000000000000000e+02 1.590088672050650054e+01 1.354588083219038452e+01 1.362190401411702365e-08 2.088849171238275204e+01
2.025000000000000000e+02 1.596037424299879426e+01 1.356039205244144519e+01 4.353173190827491752e-08 2.094320363727804946e+01
2.050000000000000000e+02 1.601968768819273237e+01 1.357442844859335196e+01 1.916364817587410195e-07 2.099751178909573213e+01
2.075000000000000000e+02 1.607866847611996519e+01 1.358783491891024475e+01 5.257826781347815374e-07 2.105119563703047092e+01
2.100000000000000000e+02 1.613742980424162710e+01 1.360072066730500318e+01 3.685749929294342983e-07 2.110441288822988426e+01
2.125000000000000000e+02 1.619602351833074039e+01 1.361316542318201428e+01 4.436431459544296782e-07 2.115725527201581357e+01
2.150000000000000000e+02 1.625440089028081303e+01 1.362511133483396897e+01 4.782520609191818299e-07 2.120964891714577760e+01
2.175000000000000000e+02 1.631254466818580440e+01 1.363649082658401390e+01 4.507259995227659232e-07 2.126153794096436656e+01
2.200000000000000000e+02 1.637046248098603840e+01 1.364730092989691990e+01 1.518976158473711725e-08 2.131292716903374895e+01
2.225000000000000000e+02 1.642831187670930149e+01 1.365768819502629583e+01 -4.441730192101215896e-07 2.136403234295877596e+01
2.250000000000000000e+02 1.648611329640262468e+01 1.366777102892391937e+01 1.701959868386459708e-07 2.141494563432079801e+01
2.275000000000000000e+02 1.654357447927538161e+01 1.367745135295633219e+01 2.051754897896268076e-07 2.146537984904573904e+01
2.300000000000000000e+02 1.660037422977084276e+01 1.368653481700574837e+01 2.425189216593916780e-07 2.151496362687026576e+01
2.325000000000000000e+02 1.665653328509133857e+01 1.369507549775438626e+01 9.159237209893707790e-09 2.156374721532758443e+01
2.350000000000000000e+02 1.671211975395758387e+01 1.370336654744358640e+01 1.101406029672918663e-06 2.161196893862788215e+01
2.375000000000000000e+02 1.676708013084748572e+01 1.371165423291988539e+01 9.522565714485830180e-07 2.165974233266432947e+01
2.400000000000000000e+02 1.682152484813661175e+01 1.372006900812417740e+01 -1.594056069843705301e-08 2.170723362854343463e+01
2.425000000000000000e+02 1.687545104870462964e+01 1.372849734334873872e+01 -7.186000917216422149e-07 2.175436708809429120e+01
2.450000000000000000e+02 1.692861278988285179e+01 1.373665245104912636e+01 1.433318118728587223e-07 2.180076951739775737e+01
2.475000000000000000e+02 1.698099238840586622e+01 1.374442300056402111e+01 4.077145408547028378e-08 2.184635590009306938e+01
2.500000000000000000e+02 1.703294364364826308e+01 1.375186840767821472e+01 4.981677082914886183e-07 2.189143791233906455e+01
2.525000000000000000e+02 1.708474690078870495e+01 1.375903514229675650e+01 6.471373456039075590e-07 2.193626277903706168e+01
2.550000000000000000e+02 1.713631204648730133e+01 1.376594352673023458e+01 4.701395289787972154e-07 2.198077322879502660e+01
2.575000000000000000e+02 1.718738213042942675e+01 1.377256944856815402e+01 3.071373574471430587e-07 2.202475365839622157e+01
2.600000000000000000e+02 1.723784630508101756e+01 1.377889775299481379e+01 -3.225515230193175447e-07 2.206810749758757595e+01
2.625000000000000000e+02 1.728771490156690049e+01 1.378495543563760961e+01 5.440100057590991521e-07 2.211085893583452489e+01
2.650000000000000000e+02 1.733708187785926569e+01 1.379074818442842165e+01 -7.008583443726297438e-08 2.215308428923412976e+01
2.675000000000000000e+02 1.738601869930706201e+01 1.379616305680339217e+01 1.375978860752741991e-07 2.219476878236314477e+01
2.700000000000000000e+02 1.743456446362656820e+01 1.380111927650127690e+01 7.368806827669667382e-07 2.223589286088071759e+01
2.725000000000000000e+02 1.748282597138198469e+01 1.380567338868849347e+01 2.643530656023021090e-07 2.227657562689494952e+01
2.750000000000000000e+02 1.753078620936502574e+01 1.380995906285119190e+01 -7.472888150615961097e-08 2.231688675501331431e+01
2.775000000000000000e+02 1.757844444808341677e+01 1.381407148606982638e+01 4.170505543183904504e-08 2.235688440361496632e+01
2.800000000000000000e+02 1.762598107179656282e+01 1.381806080848089735e+01 -1.586552072747622647e-07 2.239674113013333923e+01
2.825000000000000000e+02 1.767345147986133824e+01 1.382191894025199552e+01 2.227838402862524753e-07 2.243649550179149088e+01
2.850000000000000000e+02 1.772059319976943215e+01 1.382554677175623858e+01 2.714138351266359334e-07 2.247587966887467559e+01
2.875000000000000000e+02 1.776698861065405666e+01 1.382878919583167310e+01 4.944095769017643934e-07 2.251446856831983823e+01
2.900000000000000000e+02 1.781257471834530293e+01 1.383159936192518202e+01 -2.590819933709557412e-07 2.255218302083954285e+01
2.925000000000000000e+02 1.785761105237034485e+01 1.383412812453826568e+01 -4.067350283362277344e-07 2.258931989821473962e+01
2.950000000000000000e+02 1.790248546146854025e+01 1.383661353046665354e+01 3.033789915911767460e-07 2.262633111420376508e+01
2.975000000000000000e+02 1.794742056045847178e+01 1.383910509690136159e+01 2.102715608489255734e-07 2.266342283630274324e+01
3.000000000000000000e+02 1.799232363747722374e+01 1.384140465935753284e+01 5.469402501418803542e-07 2.270040071936630710e+01
3.025000000000000000e+02 1.803693580204277680e+01 1.384350245472364804e+01 3.914513972543914829e-07 2.273705375243134341e+01
3.050000000000000000e+02 1.808096440373676117e+01 1.384538475542714053e+01 3.780095965439935679e-07 2.277314103928156541e+01
3.075000000000000000e+02 1.812432013153270915e+01 1.384688752206049678e+01 1.574015648909700836e-07 2.280849127581385005e+01
3.100000000000000000e+02 1.816722393196258878e+01 1.384803731279056294e+01 5.571324438730115878e-08 2.284329579571463498e+01
3.125000000000000000e+02 1.820995457586736777e+01 1.384906864291461481e+01 1.276346454387419707e-07 2.287791834785922518e+01
3.150000000000000000e+02 1.825257507537599722e+01 1.385010171980939653e+01 -1.431200864093325311e-07 2.291248163188143749e+01
3.175000000000000000e+02 1.829501055954664324e+01 1.385109725208111264e+01 2.286209611965559909e-07 2.294690189242400180e+01
3.200000000000000000e+02 1.833708723797924733e+01 1.385195671196244938e+01 1.604165993642284299e-07 2.298098068236738811e+01
3.225000000000000000e+02 1.837857365833431444e+01 1.385263170914663000e+01 -7.297826817602946013e-08 2.301450357891898335e+01
3.250000000000000000e+02 1.841950695920890269e+01 1.385323650395394601e+01 -1.854860991908299180e-07 2.304756816357915383e+01
3.275000000000000000e+02 1.846023416984164101e+01 1.385385326430547792e+01 1.511415669285141502e-09 2.308050033847395710e+01
3.300000000000000000e+02 1.850095985896114215e+01 1.385432280571656882e+01 2.578341163347175910e-07 2.311336790924009321e+01
3.325000000000000000e+02 1.854156997310377619e+01 1.385442732028561608e+01 -1.022206571300356766e-07 2.314594939596516099e+01
3.350000000000000000e+02 1.858202842659752463e+01 1.385421040453563357e+01 3.606214278344585818e-07 2.317824252138246166e+01
3.375000000000000000e+02 1.862233768101491194e+01 1.385376635923214472e+01 2.179179643006945602e-07 2.321030596614228259e+01
3.400000000000000000e+02 1.866236380460543387e+01 1.385302926190468931e+01 7.418054632231983461e-08 2.324199308378338458e+01
3.425000000000000000e+02 1.870209106290045398e+01 1.385200819064567312e+01 4.362132380776514605e-08 2.327329673765055063e+01
3.450000000000000000e+02 1.874174615376793795e+01 1.385085777477091185e+01 1.868750780789215033e-07 2.330449119781865264e+01
3.475000000000000000e+02 1.878142904795376111e+01 1.384968633814428252e+01 -7.418994723855062769e-08 2.333572130336454009e+01
3.500000000000000000e+02 1.882103675847933744e+01 1.384849804187094868e+01 4.327451312430728598e-07 2.336690657061251031e+01
3.525000000000000000e+02 1.886042151078087770e+01 1.384713688189894398e+01 1.901145374574263988e-07 2.339783535693787186e+01
3.550000000000000000e+02 1.889949794883828105e+01 1.384549061020029193e+01 3.079263904702272297e-07 2.342837239236407143e+01
3.575000000000000000e+02 1.893821797348602232e+01 1.384364620333029272e+01 -2.783078026849837198e-10 2.345853022280488531e+01
3.600000000000000000e+02 1.897655633602017744e+01 1.384177246307554832e+01 -1.821140822009177686e-07 2.348838766909521425e+01
3.625000000000000000e+02 1.901452085682612037e+01 1.383997970313389381e+01 3.156742182011778638e-07 2.351801525634835244e+01
3.650000000000000000e+02 1.905214937639493655e+01 1.383827887240813048e+01 -7.916416828465061724e-09 2.354744907651364016e+01
3.675000000000000000e+02 1.908944106494312720e+01 1.383654864802814011e+01 -8.600210414860059971e-08 2.357661635309838744e+01
3.700000000000000000e+02 1.912646084133471547e+01 1.383463771887036842e+01 -1.908635869440087581e-07 2.360548040450566631e+01
3.725000000000000000e+02 1.916335643721529536e+01 1.383249405870957993e+01 4.238284074544512774e-08 2.363413044357665171e+01
3.750000000000000000e+02 1.920021202394964277e+01 1.383019382015998744e+01 2.143450545930626534e-07 2.366267953693773762e+01
3.775000000000000000e+02 1.923693200434026096e+01 1.382781322818401470e+01 2.016862951363526192e-07 2.369109477447489098e+01
3.800000000000000000e+02 1.927328923335564781e+01 1.382522473448435463e+01 2.029798293286422159e-07 2.371911711745571694e+01
3.825000000000000000e+02 1.930926191621004051e+01 1.382225764763729181e+01 8.458176187227098465e-08 2.374662928136258699e+01
3.850000000000000000e+02 1.934498651404403091e+01 1.381888263243496162e+01 -3.799430431768938843e-08 2.377372542193499072e+01
3.875000000000000000e+02 1.938052597802908750e+01 1.381518419918236340e+01 1.339168886890597257e-07 2.380050633163921603e+01
3.900000000000000000e+02 1.941585717321710192e+01 1.381129140980666214e+01 4.832038087716171920e-07 2.382702835389603280e+01
3.925000000000000000e+02 1.945084065946900154e+01 1.380724214533185012e+01 2.317818355558977847e-07 2.385319974384737662e+01
3.950000000000000000e+02 1.948541142256656045e+01 1.380302920424396262e+01 -4.095326372151913261e-08 2.387896299088172469e+01
3.975000000000000000e+02 1.951980341614412851e+01 1.379882694086306216e+01 -1.228126818468726564e-07 2.390460939544506047e+01
4.000000000000000000e+02 1.955423059598632207e+01 1.379489087164325234e+01 1.390298729937700569e-07 2.393046068009460470e+01
4.025000000000000000e+02 1.958875788945089269e+01 1.379128996218847547e+01 2.584579657711084371e-08 2.395660899360936469e+01
4.050000000000000000e+02 1.962332781459087627e+01 1.378785113365750803e+01 -2.643334250747455441e-07 2.398290710908076662e+01
4.075000000000000000e+02 1.965777160612558916e+01 1.378437448513886210e+01 4.890171268407369228e-08 2.400910170050401149e+01
4.100000000000000000e+02 1.969186171850492073e+01 1.378079383625772358e+01 -1.312568506434084308e-07 2.403496820672243928e+01
4.125000000000000000e+02 1.972536736673847102e+01 1.377707935150171714e+01 1.310479335807267334e-07 2.406029994015797868e+01
4.150000000000000000e+02 1.975824648926336735e+01 1.377323384810954998e+01 2.563495882250630369e-07 2.408506331661179090e+01
4.175000000000000000e+02 1.979072030300296348e+01 1.376935122016303126e+01 1.680720747482961975e-07 2.410949280129921846e+01
4.200000000000000000e+02 1.982296399005227627e+01 1.376546504130376292e+01 7.824082732300457955e-08 2.413375083061614035e+01
4.225000000000000000e+02 1.985492164943028826e+01 1.376140442693273158e+01 6.352942126576790750e-08 2.415769371249290742e+01
4.250000000000000000e+02 1.988656581156903869e+01 1.375707152862612226e+01 -1.802785637833480063e-07 2.418124307850202470e+01
4.275000000000000000e+02 1.991795705970625718e+01 1.375263992050953377e+01 -7.475508062612972822e-08 2.420454746975234883e+01
4.300000000000000000e+02 1.994906336791343904e+01 1.374827282284877761e+01 1.116021125629874778e-08 2.422767291484075258e+01
4.325000000000000000e+02 1.997981634019728858e+01 1.374394481504170429e+01 -2.876427639313166538e-08 2.425054803642437662e+01
4.350000000000000000e+02 2.001014224019862198e+01 1.373953127558358567e+01 8.591889391922068060e-08 2.427304085082296936e+01
4.375000000000000000e+02 2.004003678363574537e+01 1.373496614572547792e+01 1.724420939996932947e-07 2.429510998768473584e+01
4.400000000000000000e+02 2.006962100967650642e+01 1.373027564617515850e+01 8.567352443676789103e-08 2.431686979839303575e+01
4.425000000000000000e+02 2.009896752104876327e+01 1.372550967097774333e+01 3.509227378906639293e-07 2.433840814721202506e+01
4.450000000000000000e+02 2.012814767157011175e+01 1.372069048386273415e+01 1.026072758632658756e-07 2.435979630543931407e+01
4.475000000000000000e+02 2.015726755894243993e+01 1.371575306688361096e+01 1.826593955584715578e-07 2.438108524316586667e+01
4.500000000000000000e+02 2.018634227092345412e+01 1.371063607895432845e+01 2.284721075634399509e-08 2.440225309204859627e+01
4.525000000000000000e+02 2.021536596564707722e+01 1.370539640678094351e+01 2.936120482912100573e-08 2.442332720560501613e+01
4.550000000000000000e+02 2.024426187641809349e+01 1.370006768646708295e+01 -8.469528282362832737e-09 2.444426299839646433e+01
4.575000000000000000e+02 2.027292193539469523e+01 1.369466302423559512e+01 -1.855743936556843010e-07 2.446497821674838491e+01
4.600000000000000000e+02 2.030129771642623027e+01 1.368918359736895063e+01 -1.940683529704578180e-07 2.448543314980251751e+01
4.625000000000000000e+02 2.032936839188640121e+01 1.368363748896433307e+01 -2.176134067676945689e-07 2.450561474728638700e+01
4.650000000000000000e+02 2.035720486307940291e+01 1.367805208369460068e+01 -1.341032444512076795e-07 2.452559680500447925e+01
4.675000000000000000e+02 2.038492731671741964e+01 1.367243264364128486e+01 1.536533083298650286e-07 2.454548178591652530e+01
4.700000000000000000e+02 2.041258337033055170e+01 1.366682151096227393e+01 1.807570070758361377e-07 2.456533268781834778e+01
4.725000000000000000e+02 2.044013116935705199e+01 1.366127600338323411e+01 2.011767979633683501e-07 2.458514641528775613e+01
4.750000000000000000e+02 2.046741485463772037e+01 1.365578402186753237e+01 -1.088430221745337942e-09 2.460478628404923640e+01
4.775000000000000000e+02 2.049418711716613473e+01 1.365029190404974813e+01 3.032462335776269840e-07 2.462401621708336563e+01
4.800000000000000000e+02 2.052023463171822470e+01 1.364471309686882883e+01 8.515133480750112540e-08 2.464260994368558499e+01
4.825000000000000000e+02 2.054564215700515106e+01 1.363900561666302025e+01 2.099133171899090949e-07 2.466061406078674167e+01
4.850000000000000000e+02 2.057076042895353041e+01 1.363329711949819689e+01 6.175350347656868359e-08 2.467839085057853410e+01
4.875000000000000000e+02 2.059579462740162725e+01 1.362774530895196001e+01 3.297145218665665271e-07 2.469619805840097371e+01
4.900000000000000000e+02 2.062074689592610355e+01 1.362237463829482209e+01 1.633106252407793478e-08 2.471405052458831619e+01
4.925000000000000000e+02 2.064562325999992964e+01 1.361712637130150760e+01 8.187706922850899962e-08 2.473192047548764805e+01
4.950000000000000000e+02 2.067058149511668574e+01 1.361202296572245274e+01 -4.524873746834367662e-08 2.474995168814711022e+01
4.975000000000000000e+02 2.069578610488349568e+01 1.360714912235010488e+01 -5.724737859277111108e-08 2.476832795602000203e+01
5.000000000000000000e+02 2.072121737335963942e+01 1.360251946746995699e+01 -1.484225826382697635e-07 2.478704067243446474e+01
5.025000000000000000e+02 2.074661494869574696e+01 1.359795247212267988e+01 -4.196714686030273224e-08 2.480577237788723011e+01
5.050000000000000000e+02 2.077178709924259792e+01 1.359322963358634162e+01 -1.084903471064173438e-08 2.482424281156771073e+01
5.075000000000000000e+02 2.079680543757156741e+01 1.358831996847763435e+01 -6.428581006932871670e-08 2.484249496274346214e+01
5.100000000000000000e+02 2.082177740316195269e+01 1.358329847412784908e+01 4.925597916469238563e-08 2.486065992012419912e+01
5.125000000000000000e+02 2.084673272529054344e+01 1.357819376420061808e+01 1.098237445279807979e-07 2.487877833049437015e+01
5.150000000000000000e+02 2.087148807371044867e+01 1.357296122463296406e+01 3.260633191758334439e-08 2.489667228399063603e+01
5.175000000000000000e+02 2.089585117453322027e+01 1.356756758159005471e+01 -1.712586888665341520e-07 2.491416236579618015e+01
5.200000000000000000e+02 2.091993380290871229e+01 1.356206280954399901e+01 -7.047108722982963921e-08 2.493136935605621574e+01
5.225000000000000000e+02 2.094402619014862665e+01 1.355654547209716121e+01 8.231809676209044562e-08 2.494859030467793204e+01
5.250000000000000000e+02 2.096826419384445472e+01 1.355105623801191328e+01 5.581825440176287306e-08 2.496596139684232085e+01
5.275000000000000000e+02 2.099254754009565715e+01 1.354545973729755204e+01 2.032890270734865603e-08 2.498332507329489260e+01
5.300000000000000000e+02 2.101682428392956936e+01 1.353962749516667330e+01 1.046070614995836201e-07 2.500056830732943425e+01
5.325000000000000000e+02 2.104115113596277098e+01 1.353359894515027761e+01 -5.901215878731669106e-08 2.501776052196919053e+01
5.350000000000000000e+02 2.106550604298592333e+01 1.352747441831736275e+01 -5.470135314001709849e-08 2.503493776675522398e+01
5.375000000000000000e+02 2.108979356754980117e+01 1.352133335247386370e+01 -2.240358465706851452e-07 2.505206275639966407e+01
5.400000000000000000e+02 2.111391917528933959e+01 1.351518717324781527e+01 -1.870041946546291160e-08 2.506906195430082818e+01
5.425000000000000000e+02 2.113786395882221569e+01 1.350903254836595124e+01 -1.109287550592002426e-07 2.508591742660582469e+01
5.450000000000000000e+02 2.116163964365787820e+01 1.350292809726079035e+01 1.864537947111998888e-07 2.510267036806697050e+01
5.475000000000000000e+02 2.118512853895729364e+01 1.349687495859931197e+01 -7.340380529569146685e-08 2.511922182035518247e+01
5.500000000000000000e+02 2.120822093033156008e+01 1.349076503955172335e+01 2.393928797350819686e-07 2.513542075204122739e+01
5.525000000000000000e+02 2.123100274240621843e+01 1.348452584512178731e+01 -1.173657612765907873e-07 2.515130045774607481e+01
5.550000000000000000e+02 2.125370987090312980e+01 1.347820943416341599e+01 2.138448330693338519e-07 2.516708788929893004e+01
5.575000000000000000e+02 2.127656275036224542e+01 1.347190343679742064e+01 -4.102880216496362841e-07 2.518301619505686517e+01
5.600000000000000000e+02 2.129968635668273080e+01 1.346563942145201231e+01 2.626682733994024954e-07 2.519920800187218290e+01
5.625000000000000000e+02 2.132310140653541097e+01 1.345938729816233703e+01 -4.307871765863064466e-07 2.521566497309413180e+01
5.650000000000000000e+02 2.134679978046088777e+01 1.345307179112115392e+01 4.017680717305947369e-07 2.523234038855977701e+01
5.675000000000000000e+02 2.137070632330198805e+01 1.344655992386885046e+01 -5.433989710640788183e-07 2.524910023234522782e+01
5.700000000000000000e+02 2.139469315803883021e+01 1.343976057514823275e+01 5.376781230120521158e-07 2.526578832421309428e+01
5.725000000000000000e+02 2.141863592303550590e+01 1.343264874835848133e+01 -8.503273245217557243e-07 2.528228662918614233e+01
5.750000000000000000e+02 2.144261805728259418e+01 1.342534934342332420e+01 7.295660623987234978e-07 2.529873265884003075e+01
5.775000000000000000e+02 2.146678750622978882e+01 1.341800282554354595e+01 -1.062304063020420268e-06 2.531532669478944442e+01
5.800000000000000000e+02 2.149103528431101395e+01 1.341051534331277573e+01 9.083589682365628333e-07 2.533192687824455902e+01
5.825000000000000000e+02 2.151521103845703209e+01 1.340277141301067587e+01 -1.375582672564429131e-06 2.534834486862527569e+01
5.850000000000000000e+02 2.153930558944803053e+01 1.339483714916684853e+01 1.388585900222443159e-06 2.536460816823964493e+01
5.875000000000000000e+02 2.156342000803464387e+01 1.338686716063602056e+01 -1.704617444654160282e-06 2.538088443729703769e+01
5.900000000000000000e+02 2.158772728860495960e+01 1.337895837149789990e+01 1.744641934353253673e-06 2.539737184421758442e+01
5.925000000000000000e+02 2.161240626645388829e+01 1.337107297253002258e+01 -2.320451994169824372e-06 2.541420266431711994e+01
5.950000000000000000e+02 2.163758275027718980e+01 1.336301945913154299e+01 2.215831916276140971e-06 2.543138368906076963e+01
5.975000000000000000e+02 2.166346099999628905e+01 1.335458824206397033e+01 -3.118405843096330719e-06 2.544897973619852749e+01
6.000000000000000000e+02 2.169028395623467631e+01 1.334569068327104624e+01 2.840630360628480211e-06 2.546715292127581165e+01
6.025000000000000000e+02 2.171810910219656421e+01 1.333630082521221460e+01 -3.972522292589357533e-06 2.548594088268049518e+01
6.050000000000000000e+02 2.174689605467181863e+01 1.332637657025501277e+01 3.781710247727527341e-06 2.550528965734278586e+01
6.075000000000000000e+02 2.177673370270516884e+01 1.331596533492066925e+01 -5.199093952864074396e-06 2.552530241856834792e+01
6.100000000000000000e+02 2.180784789627542963e+01 1.330518586266435221e+01 4.975363569341010515e-06 2.554623652726860783e+01
6.125000000000000000e+02 2.184047904317753108e+01 1.329407553002490872e+01 -6.727997827863813152e-06 2.556831963648626527e+01
6.150000000000000000e+02 2.187487604855162715e+01 1.328257806221050252e+01 6.372484614309598019e-06 2.559173855208461390e+01
6.175000000000000000e+02 2.191120620650938022e+01 1.327067775113182790e+01 -8.893733027010575763e-06 2.561663220250936135e+01
6.200000000000000000e+02 2.194950592346393847e+01 1.325822583773457453e+01 8.131449240317728498e-06 2.564295931924818461e+01
6.225000000000000000e+02 2.198976543550156748e+01 1.324496914342796394e+01 -1.159128187472779229e-05 2.567058611560851489e+01
6.250000000000000000e+02 2.203221818290072420e+01 1.323080910179036351e+01 1.041008588177466711e-05 2.569966823807397560e+01
6.275000000000000000e+02 2.207731505150962548e+01 1.321583425297452230e+01 -1.508455137626273710e-05 2.573064544246676277e+01
6.300000000000000000e+02 2.212554585058924772e+01 1.320000914512408485e+01 1.333619289070908912e-05 2.576392867204193138e+01
6.325000000000000000e+02 2.217734492276064628e+01 1.318335845791120597e+01 -1.953245919684733404e-05 2.579991410941629226e+01
6.350000000000000000e+02 2.223324714846370398e+01 1.316609234274952023e+01 1.679502827538297186e-05 2.583918083730130633e+01
6.375000000000000000e+02 2.229375976941553361e+01 1.314822562309432286e+01 -2.503654066391890426e-05 2.588218618457164766e+01
6.400000000000000000e+02 2.235932142477923890e+01 1.312956527889923031e+01 2.092078116819065607e-05 2.592922557636278214e+01
6.425000000000000000e+02 2.243037234136602009e+01 1.310985307740537742e+01 -3.200685527995864331e-05 2.598056679682907699e+01
6.450000000000000000e+02 2.250730176258050363e+01 1.308889875096193300e+01 2.555759013664002456e-05 2.603647255573315178e+01
6.475000000000000000e+02 2.259057547074996819e+01 1.306656077243289360e+01 -4.177143560343955341e-05 2.609730082826722253e+01
6.500000000000000000e+02 2.268077327361440254e+01 1.304253821814719316e+01 2.900863190549410437e-05 2.616343401508626698e+01
6.525000000000000000e+02 2.277888885721353418e+01 1.301679487904515931e+01 -5.736899816024786645e-05 2.623575282883482274e+01
6.550000000000000000e+02 2.288556184018598927e+01 1.298889926428507913e+01 2.797861345990175201e-05 2.631464316382620794e+01
6.575000000000000000e+02 2.300165394659651596e+01 1.295831138269551452e+01 -8.074191368917724696e-05 2.640064238188901768e+01
6.600000000000000000e+02 2.312781472372341085e+01 1.292482688138277958e+01 2.344299822552936983e-05 2.649428171906424367e+01
6.625000000000000000e+02 2.326282047893086258e+01 1.288804184040704648e+01 -1.044941485252657009e-04 2.659436856039200592e+01
6.650000000000000000e+02 2.340162623249369744e+01 1.284907287339931514e+01 2.961902351377237942e-05 2.669709317570249141e+01
6.675000000000000000e+02 2.353403482459714979e+01 1.281057632609947383e+01 -1.105065178915169997e-04 2.679480660397427627e+01
6.700000000000000000e+02 2.364663878428630284e+01 1.277638339919171173e+01 5.996690757199444011e-05 2.687749055550482069e+01
6.725000000000000000e+02 2.372910779828759686e+01 1.275004209541277689e+01 -9.700486193492966142e-05 2.693759696682242932e+01
6.750000000000000000e+02 2.378154278669648747e+01 1.273283048030644338e+01 9.597688861391039117e-05 2.697566958140071947e+01
6.775000000000000000e+02 2.381206803721493870e+01 1.272229008405665596e+01 -9.446709950582612048e-05 2.699761562065738474e+01
6.800000000000000000e+02 2.382769953861378198e+01 1.271656752937967028e+01 1.182244203029305600e-04 2.700870887409662657e+01
6.825000000000000000e+02 2.383542139859197562e+01 1.271307502867313133e+01 -1.037007822986041512e-04 2.701387772875050430e+01
6.850000000000000000e+02 2.383857613976073608e+01 1.271143021260960282e+01 1.313413674990638561e-04 2.701588737092425418e+01
6.875000000000000000e+02 2.384097748532046879e+01 1.270930691489047959e+01 -1.199645133244669771e-04 2.701700741619678325e+01
6.900000000000000000e+02 2.384178041177874974e+01 1.270857783175372724e+01 1.416423976040381643e-04 2.701737299830021755e+01
6.925000000000000000e+02 2.384374570341510235e+01 1.270625317564678625e+01 -1.380480510748287911e-04 2.701801397127141513e+01
6.950000000000000000e+02 2.384423205469677498e+01 1.270595995221171748e+01 1.525826164321538673e-04 2.701830528750311444e+01
6.975000000000000000e+02 2.384624312323023787e+01 1.270343483982616561e+01 -1.554932118116322359e-04 2.701889279460009163e+01
7.000000000000000000e+02 2.384646828302956578e+01 1.270386122622916147e+01 1.651815132831350736e-04 2.701929199028184669e+01
7.025000000000000000e+02 2.384843098215830537e+01 1.270128258624800388e+01 -1.719821591130225565e-04 2.701981198446933874e+01
7.050000000000000000e+02 2.384831224220414825e+01 1.270266323332241143e+01 1.792212650670410405e-04 2.702035621624899164e+01
7.075000000000000000e+02 2.385017850726443100e+01 1.269999488768680962e+01 -1.880701136947026124e-04 2.702074915710183944e+01
7.100000000000000000e+02 2.384969519044800990e+01 1.270236536697536067e+01 1.941316080364929289e-04 2.702143679805167409e+01
7.125000000000000000e+02 2.385146795215605664e+01 1.269945605272995870e+01 -2.042944484292074422e-04 2.702163406512795163e+01
7.150000000000000000e+02 2.385065219019854510e+01 1.270269974963380122e+01 2.096212851471583041e-04 2.702243865514566323e+01
7.175000000000000000e+02 2.385229286363351164e+01 1.269936702504040582e+01 -2.205811720527944505e-04 2.702232036183942654e+01
7.200000000000000000e+02 2.385112520723060925e+01 1.270327947171069916e+01 2.260021573983686939e-04 2.702312866857675289e+01
7.225000000000000000e+02 2.385248872102258133e+01 1.269932150823567163e+01 -2.361971569272223309e-04 2.702247185236457483e+01
7.250000000000000000e+02 2.385088415288071673e+01 1.270376747443833487e+01 2.440188192162364399e-04 2.702314531986014146e+01
7.275000000000000000e+02 2.385191177635451965e+01 1.269900838968759693e+01 -2.502445334051505593e-04 2.702181543736426406e+01
7.300000000000000000e+02 2.384993078084170648e+01 1.270398952341907162e+01 2.643751134465628151e-04 2.702240825929429135e+01
7.325000000000000000e+02 2.385093686837352323e+01 1.269817114814684444e+01 -2.622517736150338703e-04 2.702056143153847145e+01
7.350000000000000000e+02 2.384908731791520964e+01 1.270358316374663943e+01 2.871746318140100309e-04 2.702147277959216609e+01
7.375000000000000000e+02 2.385111888706975591e+01 1.269611146699087634e+01 -2.727835057314730504e-04 2.701975422948557792e+01
7.400000000000000000e+02 2.385083983161717924e+01 1.270144445032222436e+01 3.112307981210943471e-04 2.702201420869551640e+01
7.425000000000000000e+02 2.385580299010946348e+01 1.269154309191372754e+01 -2.838246802368979632e-04 2.702174314209531403e+01
7.450000000000000000e+02 2.385881682052122699e+01 1.269621626917467871e+01 3.340338045804917139e-04 2.702659889332027987e+01
7.475000000000000000e+02 2.386755718901159540e+01 1.268403691736679129e+01 -2.980890351191901335e-04 2.702859742533303944e+01
7.500000000000000000e+02 2.387315834958323180e+01 1.268839880581878887e+01 3.530410920826171492e-04 2.703559050519180573e+01
7.525000000000000000e+02 2.388314797523272759e+01 1.267574036786032110e+01 -3.173348658898278917e-04 2.703847538566049025e+01
7.550000000000000000e+02 2.388775119937351832e+01 1.268109209661256642e+01 3.674904849985895141e-04 2.704505045772682692e+01
7.575000000000000000e+02 2.389523790546411064e+01 1.266981178460647861e+01 -3.408960924086408355e-04 2.704637730514554761e+01
7.600000000000000000e+02 2.389632887817541018e+01 1.267686715085943661e+01 3.792829497652750988e-04 2.705064684546960407e+01
7.625000000000000000e+02 2.390050427474564287e+01 1.266718831660315914e+01 -3.659585194846967367e-04 2.704980156247635037e+01
7.650000000000000000e+02 2.389885944174269383e+01 1.267547487230709535e+01 3.916066935097762083e-04 2.705222996368355481e+01
7.675000000000000000e+02 2.390142637230554712e+01 1.266655121573686316e+01 -3.898297494214052064e-04 2.705031797379830039e+01
7.700000000000000000e+02 2.389876514276166475e+01 1.267529705818018826e+01 4.063836833767294605e-04 2.705206334140039459e+01
7.725000000000000000e+02 2.390114691168726324e+01 1.266644199650743019e+01 -4.117945664236519546e-04 2.705001990229433062e+01
7.750000000000000000e+02 2.389829758154965944e+01 1.267526502358645679e+01 4.235472750124247548e-04 2.705163527208380714e+01
7.775000000000000000e+02 2.390092742639783552e+01 1.266627878369943438e+01 -4.325393098251210846e-04 2.704974954145455612e+01
7.800000000000000000e+02 2.389803830671455742e+01 1.267511868063704661e+01 4.423354510908373985e-04 2.705133765034718607e+01
7.825000000000000000e+02 2.390089876326042884e+01 1.266603080615269938e+01 -4.527917791810161718e-04 2.704960809843746006e+01
7.850000000000000000e+02 2.389793399822059072e+01 1.267491056854123954e+01 4.622172736084067201e-04 2.705114798890189221e+01
7.875000000000000000e+02 2.390094065972406412e+01 1.266577720386215056e+01 -4.730008561207498722e-04 2.704952636962900314e+01
7.900000000000000000e+02 2.389786824787895725e+01 1.267470488855337685e+01 4.828377734739403449e-04 2.705099353144044017e+01
7.925000000000000000e+02 2.390097910718230878e+01 1.266555789863427428e+01 -4.935205958608836424e-04 2.704945765462192853e+01
7.950000000000000000e+02 2.389779589670860105e+01 1.267452385390685876e+01 5.039296536882815298e-04 2.705084479083678417e+01
7.975000000000000000e+02 2.390100262627619543e+01 1.266537586835393370e+01 -5.145774346500629065e-04 2.704939320378062817e+01
8.000000000000000000e+02 2.389771541113254827e+01 1.267436834130085188e+01 5.253977138069400267e-04 2.705070082268654019e+01
8.025000000000000000e+02 2.390101794520547784e+01 1.266522187836944724e+01 -5.362177301581726044e-04 2.704933463752652045e+01
8.050000000000000000e+02 2.389763188782629300e+01 1.267423370013274919e+01 5.472913957414876369e-04 2.705056395033494709e+01
8.075000000000000000e+02 2.390102943559978854e+01 1.266508758620084052e+01 -5.583996226608781577e-04 2.704928191208329125e+01
8.100000000000000000e+02 2.389754768242285010e+01 1.267411556979818066e+01 5.696873738253742294e-04 2.705043421157630945e+01
8.125000000000000000e+02 2.390103885131747674e+01 1.266496882784241684e+01 -5.810950784770825854e-04 2.704923462725108507e+01
8.150000000000000000e+02 2.389746397756531948e+01 1.267401112537596575e+01 5.926257987252041932e-04 2.705031132753172329e+01
8.175000000000000000e+02 2.390104772415991619e+01 1.266486342162896328e+01 -6.043133245699566173e-04 2.704919311488384892e+01
8.200000000000000000e+02 2.389738194286098150e+01 1.267391808371806938e+01 6.161176678301849346e-04 2.705019526168665323e+01
8.225000000000000000e+02 2.390105762311293347e+01 1.266476894038603795e+01 -6.280786815115252863e-04 2.704915762479886610e+01
8.250000000000000000e+02 2.389730243592970638e+01 1.267383451994723309e+01 6.401696070731664788e-04 2.705008586979189289e+01
8.275000000000000000e+02 2.390106969565499284e+01 1.266468286987081093e+01 -6.524120690716806673e-04 2.704912799364515763e+01
8.300000000000000000e+02 2.389722589267665143e+01 1.267375939763204507e+01 6.647940826763369324e-04 2.704998305131877956e+01
8.325000000000000000e+02 2.390108473923214660e+01 1.266460359176047135e+01 -6.773286804251140835e-04 2.704910416829293496e+01
8.350000000000000000e+02 2.389715258017724508e+01 1.267369248598353515e+01 6.900069495042001526e-04 2.704988693406419742e+01
8.375000000000000000e+02 2.390110335651017692e+01 1.266453026478055932e+01 -7.028421165830456979e-04 2.704908628734271758e+01
8.400000000000000000e+02 2.389708262536365524e+01 1.267363357049104167e+01 7.158238655737096928e-04 2.704979752964777262e+01
8.425000000000000000e+02 2.390112583336455998e+01 1.266446216202853314e+01 -7.289665244555554270e-04 2.704907426303479312e+01
8.450000000000000000e+02 2.389701586159810986e+01 1.267358237551537492e+01 7.422595056710813927e-04 2.704971456169906929e+01
8.475000000000000000e+02 2.390115208106792011e+01 1.266439868923508527e+01 -7.557164817866445687e-04 2.704906773871040926e+01
8.500000000000000000e+02 2.389695186999049525e+01 1.267353878316993132e+01 7.693281192026300841e-04 2.704963760491109070e+01
8.525000000000000000e+02 2.390118187350417855e+01 1.266433944416307611e+01 -7.831064881342982746e-04 2.704906632622585150e+01
8.550000000000000000e+02 2.389689025729449767e+01 1.267350275469924625e+01 7.970439249643466442e-04 2.704956629371023880e+01
8.575000000000000000e+02 2.390121512076818888e+01 1.266428411478288396e+01 -8.111508949835096773e-04 2.704906980003463346e+01
8.600000000000000000e+02 2.389683081373990348e+01 1.267347430832523969e+01 8.254212280334751427e-04 2.704950045131349512e+01
8.625000000000000000e+02 2.390125186524521794e+01 1.266423245487516347e+01 -8.398640535853450989e-04 2.704907808230019839e+01
8.650000000000000000e+02 2.389677337943695434e+01 1.267345353871309932e+01 8.544744752983420575e-04 2.704943998082424272e+01
8.675000000000000000e+02 2.390129219294005480e+01 1.266418424704175649e+01 -8.692605277058806836e-04 2.704909114722584818e+01
8.700000000000000000e+02 2.389671788787285323e+01 1.267344063003377030e+01 8.842183562384417234e-04 2.704938490977965415e+01
8.725000000000000000e+02 2.390133630418401012e+01 1.266413937814569302e+01 -8.993551805821878862e-04 2.704910911885352220e+01
8.750000000000000000e+02 2.389666440208062070e+01 1.267343588057097925e+01 9.146679498130245393e-04 2.704933543363364379e+01
8.775000000000000000e+02 2.390138450259787462e+01 1.266409775007480576e+01 -9.301632472426812079e-04 2.704913221953117031e+01
8.800000000000000000e+02 2.389661312470800425e+01 1.267343944844824755e+01 9.458386835114553949e-04 2.704929180551797430e+01
8.825000000000000000e+02 2.390143719723294424e+01 1.266405915428700624e+01 -9.617003307373792271e-04 2.704916071306868730e+01
8.850000000000000000e+02 2.389656433657092904e+01 1.267345135878254858e+01 9.777463566106941398e-04 2.704925428530865972e+01
8.875000000000000000e+02 2.390149481651087982e+01 1.266402337449126847e+01 -9.939823456066691765e-04 2.704919487676774992e+01
8.900000000000000000e+02 2.389651841582247371e+01 1.267347153821283712e+01 1.010407035262672181e-03 2.704922317273743460e+01
8.925000000000000000e+02 2.390155789075547332e+01 1.266399022781380168e+01 -1.027025548846891749e-03 2.704923509362289025e+01
8.950000000000000000e+02 2.389647589665399607e+01 1.267349984920191908e+01 1.043837020086984526e-03 2.704919887532128442e+01
8.975000000000000000e+02 2.390162698561670140e+01 1.266395956721425087e+01 -1.060846305854215924e-03 2.704928179462428517e+01
9.000000000000000000e+02 2.389643730162456592e+01 1.267353604559183111e+01 1.078052836329518359e-03 2.704918173940918535e+01
9.025000000000000000e+02 2.390170249309576889e+01 1.266393124021036165e+01 -1.095461113200564638e-03 2.704933525477606793e+01
9.050000000000000000e+02 2.389640309322999912e+01 1.267357989687727304e+01 1.113070986846480042e-03 2.704917206562136300e+01
9.075000000000000000e+02 2.390178484864122765e+01 1.266390515330033040e+01 -1.130886550365103969e-03 2.704939581509033175e+01
9.100000000000000000e+02 2.389637391755559648e+01 1.267363101467445397e+01 1.148907988750219947e-03 2.704917024279560067e+01
9.125000000000000000e+02 2.390187454467250561e+01 1.266388111345678702e+01 -1.167139156733695013e-03 2.704946382032821006e+01
9.150000000000000000e+02 2.389635044456031920e+01 1.267368886328012145e+01 1.185580313268781889e-03 2.704917661183181821e+01
9.175000000000000000e+02 2.390197196936612656e+01 1.266385889706673495e+01 -1.204235343418209783e-03 2.704953950882275038e+01
9.200000000000000000e+02 2.389633329767240255e+01 1.267375284890126963e+01 1.223104286601808940e-03 2.704919144529950614e+01
9.225000000000000000e+02 2.390207738139283578e+01 1.266383832250104646e+01 -1.242191337039366163e-03 2.704962302413060371e+01
9.250000000000000000e+02 2.389632302061080082e+01 1.267382243133245545e+01 1.261496043812270406e-03 2.704921497045139489e+01
9.275000000000000000e+02 2.390219092483229346e+01 1.266381923500481577e+01 -1.281023212687912695e-03 2.704971442113638602e+01
9.300000000000000000e+02 2.389632006146313969e+01 1.267389706753532863e+01 1.300771536697482725e-03 2.704924732872197524e+01
9.325000000000000000e+02 2.390231254995256904e+01 1.266380143762368782e+01 -1.320746818294521148e-03 2.704981356371152756e+01
9.350000000000000000e+02 2.389632466158479218e+01 1.267397613714195970e+01 1.340946535016791265e-03 2.704928844267159604e+01
9.375000000000000000e+02 2.390244192995555750e+01 1.266378471449115395e+01 -1.361377801365798576e-03 2.704992006204874144e+01
9.400000000000000000e+02 2.389633682589402142e+01 1.267405898821174937e+01 1.382036596673611025e-03 2.704933801118384196e+01
9.425000000000000000e+02 2.390257842275140376e+01 1.266376885419989939e+01 -1.402931631749825469e-03 2.705003324982432389e+01
9.450000000000000000e+02 2.389635623780780449e+01 1.267414496806708080e+01 1.424057117170443110e-03 2.704939544876621937e+01
9.475000000000000000e+02 2.390272098664213374e+01 1.266375360121976179e+01 -1.445423650323319435e-03 2.705015208694617002e+01
9.500000000000000000e+02 2.389638214614805634e+01 1.267423342934134922e+01 1.467023399047604230e-03 2.704945978847516841e+01
9.525000000000000000e+02 2.390286809746892516e+01 1.266373867745418202e+01 -1.488869079631224010e-03 2.705027509643068129e+01
9.550000000000000000e+02 2.389641329830501704e+01 1.267432370271694708e+01 1.510950695245809328e-03 2.704952961009920287e+01
9.575000000000000000e+02 2.390301772483689291e+01 1.266372370865530605e+01 -1.533283103299961985e-03 2.705040030894149794e+01
9.600000000000000000e+02 2.389644794052160037e+01 1.267441503490130472e+01 1.555854227932759433e-03 2.704960301135071532e+01
9.625000000000000000e+02 2.390316738448241551e+01 1.266370812110614708e+01 -1.578680999899806457e-03 2.705052526069295027e+01
9.650000000000000000e+02 2.389648380870712785e+01 1.267450657576565121e+01 1.601749261284535859e-03 2.704967759372612690e+01
9.675000000000000000e+02 2.390331418281717646e+01 1.266369107382332082e+01 -1.625078101196860206e-03 2.705064700107152831e+01
9.700000000000000000e+02 2.389651818213893009e+01 1.267459739415567377e+01 1.648651537853881551e-03 2.704975051735756963e+01
9.725000000000000000e+02 2.390345499422958397e+01 1.266367141443354605e+01 -1.672489329237725718e-03 2.705076222865302427e+01
9.750000000000000000e+02 2.389654801143355556e+01 1.267468655706747604e+01 1.696577798582036764e-03 2.704981865116718609e+01
9.775000000000000000e+02 2.390358666823151168e+01 1.266364764607179616e+01 -1.720930096970544297e-03 2.705086745875472687e+01
9.800000000000000000e+02 2.389657001220056998e+01 1.267477325320213311e+01 1.745541510563652530e-03 2.704987871349900885e+01
9.825000000000000000e+02 2.390370622294694058e+01 1.266361790260466869e+01 -1.770425588686709573e-03 2.705095918281879719e+01
9.850000000000000000e+02 2.389658064207236166e+01 1.267485702171199158e+01 1.795541311486241205e-03 2.704992735901296186e+01
9.875000000000000000e+02 2.390381094163923237e+01 1.266358008831662652e+01 -1.821006211485980651e-03 2.705103401910737304e+01
9.900000000000000000e+02 2.389657630009408962e+01 1.267493797550472756e+01 1.846618971141562957e-03 2.704996145947553643e+01
9.925000000000000000e+02 2.390389921184767985e+01 1.266353218827086380e+01 -1.872528733994717693e-03 2.705108959949503245e+01
9.950000000000000000e+02 2.389655412624486175e+01 1.267501625783866892e+01 1.899195112256973038e-03 2.704997855548072394e+01
9.975000000000000000e+02 2.390397090084216103e+01 1.266347200712355203e+01 -1.924370131685969971e-03 2.705112477895717760e+01
1.000000000000000000e+03 2.389651147884931248e+01 1.267509336156473410e+01 1.953608676283289693e-03 2.704997701292454337e+01
