z Tu Tv Tw
0.000000000000000000e+00 9.402514764948455978e-03 1.048983180030473375e-02 -2.888714997294622496e-08
2.500000000000000000e+00 2.121761502276527794e-02 2.234290470316259436e-02 -9.706759941568490193e-04
5.000000000000000000e+00 3.052658078484363213e-02 3.179916657741477942e-02 -3.057061485293858724e-03
7.500000000000000000e+00 3.829580635914127396e-02 3.971921344617408006e-02 -5.959645437687398871e-03
1.000000000000000000e+01 4.354267359100870427e-02 4.502940814572641698e-02 -9.458325484143602011e-03
1.250000000000000000e+01 4.659323354356088159e-02 4.803819541246881486e-02 -1.320477571014870566e-02
1.500000000000000000e+01 4.807274317663027402e-02 4.933453341539670994e-02 -1.706117605848702506e-02
1.750000000000000000e+01 4.858410152301360918e-02 4.949991651124937414e-02 -2.062439068769375550e-02
2.000000000000000000e+01 4.856538388961237351e-02 4.903796614538789844e-02 -2.366353495401818732e-02
2.250000000000000000e+01 4.824415264097499378e-02 4.826317914969376760e-02 -2.608016219964861757e-02
2.500000000000000000e+01 4.778839102559445662e-02 4.733948256045889674e-02 -2.791566918391732641e-02
2.750000000000000000e+01 4.728479411902104801e-02 4.633222655940004431e-02 -2.924528830085452655e-02
3.000000000000000000e+01 4.675608511009556739e-02 4.530953222837898892e-02 -3.017333870248792640e-02
3.250000000000000000e+01 4.620616897420266878e-02 4.431971090592187745e-02 -3.079468882159795348e-02
3.500000000000000000e+01 4.568759722306198201e-02 4.339722556971215700e-02 -3.118612810381205663e-02
3.750000000000000000e+01 4.523221280598696548e-02 4.254408875650637217e-02 -3.140180353112359546e-02
4.000000000000000000e+01 4.480591193455026044e-02 4.171887047258185377e-02 -3.148548401559954357e-02
4.250000000000000000e+01 4.439689696771536437e-02 4.088484134616283266e-02 -3.146513382824935728e-02
4.500000000000000000e+01 4.403547939758674368e-02 4.002321605129646048e-02 -3.136576700665914125e-02
4.750000000000000000e+01 4.373634040264171019e-02 3.917132322334120065e-02 -3.120632859050421690e-02
5.000000000000000000e+01 4.349339280626811355e-02 3.839197805429468008e-02 -3.100108290575471354e-02
5.250000000000000000e+01 4.327428208908127433e-02 3.768555389482591139e-02 -3.075977098261686860e-02
5.500000000000000000e+01 4.302744616223650592e-02 3.702625124385107436e-02 -3.049062091756549187e-02
5.750000000000000000e+01 4.271306745960621459e-02 3.636550419411400947e-02 -3.020095424205282084e-02
6.000000000000000000e+01 4.234498635759191554e-02 3.566290741296199857e-02 -2.989489871538449431e-02
6.250000000000000000e+01 4.197156020861191050e-02 3.491836129883931633e-02 -2.957496430144712987e-02
6.500000000000000000e+01 4.164620620645200638e-02 3.419235351010742330e-02 -2.924387936117469125e-02
6.750000000000000000e+01 4.138004582967452077e-02 3.354599715979842550e-02 -2.890808978708061042e-02
7.000000000000000000e+01 4.111778918130038624e-02 3.298014946187392132e-02 -2.857353586671574144e-02
7.250000000000000000e+01 4.080607019793012352e-02 3.245494269531525033e-02 -2.823830489663145538e-02
7.500000000000000000e+01 4.046213100457349277e-02 3.192685770174653881e-02 -2.789999574643369298e-02
7.750000000000000000e+01 4.016330944724608165e-02 3.136754291833512842e-02 -2.756219929299875276e-02
8.000000000000000000e+01 3.993770840303669661e-02 3.075418468424112595e-02 -2.722789096262089384e-02
8.250000000000000000e+01 3.976233496258375910e-02 3.011705836859655469e-02 -2.689424100751653529e-02
8.500000000000000000e+01 3.960745455684136496e-02 2.949770213959811843e-02 -2.656046819717393370e-02
8.750000000000000000e+01 3.946611041019786048e-02 2.890419338424219525e-02 -2.622837926917465090e-02
9.000000000000000000e+01 3.931302043202458685e-02 2.834333392783701042e-02 -2.590268978004070868e-02
9.250000000000000000e+01 3.910500655325666736e-02 2.783216016959688677e-02 -2.558965925210218706e-02
9.500000000000000000e+01 3.882854101056934515e-02 2.735375900867296692e-02 -2.528594099884614796e-02
9.750000000000000000e+01 3.850793221223465512e-02 2.685471968976402279e-02 -2.498690124744019914e-02
1.000000000000000000e+02 3.820983482166768336e-02 2.631651561148378241e-02 -2.469094957239166901e-02
1.025000000000000000e+02 3.797336408980363232e-02 2.577537144733852217e-02 -2.439857310505197038e-02
1.050000000000000000e+02 3.781385007584896207e-02 2.526035320586200728e-02 -2.411169593179703433e-02
1.075000000000000000e+02 3.771169834241354379e-02 2.475126084474181878e-02 -2.383453310892932192e-02
1.100000000000000000e+02 3.761644423531709108e-02 2.424338887778911683e-02 -2.357054762654887600e-02
1.125000000000000000e+02 3.748670389467813335e-02 2.372730307983795389e-02 -2.331649350310325067e-02
1.150000000000000000e+02 3.729096506966100150e-02 2.317840295413122961e-02 -2.306558625082852712e-02
1.175000000000000000e+02 3.702646252401734644e-02 2.260959198472431778e-02 -2.281678218458293647e-02
1.200000000000000000e+02 3.673282771254113288e-02 2.207129980271161154e-02 -2.256862583205825404e-02
1.225000000000000000e+02 3.644330836407023294e-02 2.158999883906889336e-02 -2.232060303394142048e-02
1.250000000000000000e+02 3.615407907480414768e-02 2.112154802865030823e-02 -2.207368199602099956e-02
1.275000000000000000e+02 3.585963247326310471e-02 2.060239073066887777e-02 -2.182609567824114402e-02
1.300000000000000000e+02 3.555746500708717450e-02 2.002518722556959410e-02 -2.157636338850608612e-02
1.325000000000000000e+02 3.523155763105280391e-02 1.942929822271593013e-02 -2.132379555881248195e-02
1.350000000000000000e+02 3.488132761868239368e-02 1.885914819057360470e-02 -2.106963339442814720e-02
1.375000000000000000e+02 3.451221180418458795e-02 1.832295285435110374e-02 -2.081559438316454153e-02
1.400000000000000000e+02 3.414196721290963660e-02 1.779918609912530328e-02 -2.056110681429416248e-02
1.425000000000000000e+02 3.379462393006958665e-02 1.729512794997639311e-02 -2.030718620956927650e-02
1.450000000000000000e+02 3.346526002938162575e-02 1.680950728243044492e-02 -2.005565497915990161e-02
1.475000000000000000e+02 3.315530502025119258e-02 1.633106512568855209e-02 -1.980724980110361994e-02
1.500000000000000000e+02 3.288107071200547377e-02 1.586079494296661896e-02 -1.955975883832360498e-02
1.525000000000000000e+02 3.262028269000068204e-02 1.540383856592525240e-02 -1.931241153381325903e-02
1.550000000000000000e+02 3.234508530410810240e-02 1.497539155819283679e-02 -1.906812212383937610e-02
1.575000000000000000e+02 3.204020219840829353e-02 1.455013326668232534e-02 -1.882914436132832395e-02
1.600000000000000000e+02 3.168581462381787200e-02 1.408293830108823391e-02 -1.859541157974727021e-02
1.625000000000000000e+02 3.128229492823129260e-02 1.358947817088115850e-02 -1.836429242220948693e-02
1.650000000000000000e+02 3.084730603745619928e-02 1.311617412197724729e-02 -1.813470046063661578e-02
1.675000000000000000e+02 3.042978230802193679e-02 1.269925700727262720e-02 -1.790847741226664000e-02
1.700000000000000000e+02 3.005574793391802002e-02 1.234239103867349786e-02 -1.768680083959821639e-02
1.725000000000000000e+02 2.972201050444919085e-02 1.203157428352861873e-02 -1.746939466482046871e-02
1.750000000000000000e+02 2.943144317662640952e-02 1.176368390426067723e-02 -1.725605103279507363e-02
1.775000000000000000e+02 2.917451008998534628e-02 1.152875199247661159e-02 -1.704463982739485781e-02
1.800000000000000000e+02 2.895065453995862223e-02 1.131639905888894189e-02 -1.683318289867182654e-02
1.825000000000000000e+02 2.875456402530380748e-02 1.110883860007997985e-02 -1.662141132294605098e-02
1.850000000000000000e+02 2.855848673574425817e-02 1.087913901076810810e-02 -1.640862288280813333e-02
1.875000000000000000e+02 2.834618515924210158e-02 1.062194941332784276e-02 -1.619464396244584339e-02
1.900000000000000000e+02 2.811481378302558079e-02 1.036163882101036500e-02 -1.598412759254837570e-02
1.925000000000000000e+02 2.785362042490532875e-02 1.012752001144828079e-02 -1.577874289646178860e-02
1.950000000000000000e+02 2.755954748792207795e-02 9.921523337071164184e-03 -1.557653588327114792e-02
1.975000000000000000e+02 2.723756248293043511e-02 9.724772741603725928e-03 -1.537423338558195976e-02
2.000000000000000000e+02 2.687882722546000927e-02 9.514750870136480868e-03 -1.517128878187429600e-02
2.025000000000000000e+02 2.651215922297135361e-02 9.300447592646105682e-03 -1.497044536776471861e-02
2.050000000000000000e+02 2.617279862729233325e-02 9.093435032456761644e-03 -1.477333530488084828e-02
2.075000000000000000e+02 2.585686824050160287e-02 8.884817658391091361e-03 -1.457934602437261154e-02
2.100000000000000000e+02 2.554637966917587197e-02 8.663299484078481466e-03 -1.438663216711103497e-02
2.125000000000000000e+02 2.522293576897422993e-02 8.431430231474325993e-03 -1.419459014850410136e-02
2.150000000000000000e+02 2.489917956026397455e-02 8.215321074615667199e-03 -1.400520832084391383e-02
2.175000000000000000e+02 2.460998347575730355e-02 8.029960460843052136e-03 -1.382013363839530544e-02
2.200000000000000000e+02 2.436797195883830258e-02 7.868556359205388165e-03 -1.363848837871459163e-02
2.225000000000000000e+02 2.416423045317849308e-02 7.713907432197015905e-03 -1.346105950354416041e-02
2.250000000000000000e+02 2.399664189243653697e-02 7.546701866115393224e-03 -1.328692486700316575e-02
2.275000000000000000e+02 2.383993921754556586e-02 7.351322499053481244e-03 -1.311418013621523312e-02
2.300000000000000000e+02 2.365794917136929479e-02 7.126383993663921133e-03 -1.294256165776291358e-02
2.325000000000000000e+02 2.343807846846568746e-02 6.886589918768334234e-03 -1.277317149149997076e-02
2.350000000000000000e+02 2.318945445032652430e-02 6.642582231904566037e-03 -1.260588280278337157e-02
2.375000000000000000e+02 2.292062236367601105e-02 6.395172363847905113e-03 -1.243929167975281989e-02
2.400000000000000000e+02 2.263880441571125210e-02 6.157705440210315545e-03 -1.227223207471433465e-02
2.425000000000000000e+02 2.234022482808047799e-02 5.937664334340138524e-03 -1.210562113560083135e-02
2.450000000000000000e+02 2.201977935074665021e-02 5.734969154979535633e-03 -1.194021397002483810e-02
2.475000000000000000e+02 2.167574124325158044e-02 5.545619916814893864e-03 -1.177661948153349916e-02
2.500000000000000000e+02 2.130798922558412717e-02 5.358258000716886911e-03 -1.161463030436669930e-02
2.525000000000000000e+02 2.092827159388655281e-02 5.171963264346322517e-03 -1.145378812253174984e-02
2.550000000000000000e+02 2.056592215666476139e-02 4.990181587932511487e-03 -1.129449739337639973e-02
2.575000000000000000e+02 2.025281447479096789e-02 4.825241596337037121e-03 -1.113759924629114349e-02
2.600000000000000000e+02 1.998457542382534383e-02 4.679933288957999725e-03 -1.098411748297771669e-02
2.625000000000000000e+02 1.974654748209852748e-02 4.554360667424407760e-03 -1.083406218522124306e-02
2.650000000000000000e+02 1.952671820816856418e-02 4.450596815412018528e-03 -1.068611279153910618e-02
2.675000000000000000e+02 1.931145300837392928e-02 4.364979469505919987e-03 -1.053911518004779606e-02
2.700000000000000000e+02 1.910353900522511472e-02 4.303616658146120627e-03 -1.039181756621725128e-02
2.725000000000000000e+02 1.890950412186625726e-02 4.254412375203378734e-03 -1.024512621550719565e-02
2.750000000000000000e+02 1.872820522983320232e-02 4.190834157249105282e-03 -1.010055855147879746e-02
2.775000000000000000e+02 1.856433044065286184e-02 4.111512936759618118e-03 -9.957654531011678883e-03
2.800000000000000000e+02 1.841724279445904749e-02 4.031381823157289407e-03 -9.815561191423544107e-03
2.825000000000000000e+02 1.827966392213365918e-02 3.958491840452961312e-03 -9.674746845407047879e-03
2.850000000000000000e+02 1.815440341144242131e-02 3.892076839666401469e-03 -9.535775453556440476e-03
2.875000000000000000e+02 1.804270242204615918e-02 3.829456858714388404e-03 -9.399202129035963069e-03
2.900000000000000000e+02 1.792619381927904737e-02 3.767094078750028545e-03 -9.264857515107343539e-03
2.925000000000000000e+02 1.778920245383130636e-02 3.700620675618824726e-03 -9.131571776515117617e-03
2.950000000000000000e+02 1.762142794983451513e-02 3.618781217662762981e-03 -8.998477732995705317e-03
2.975000000000000000e+02 1.741722835965388294e-02 3.513662293861216472e-03 -8.866040291061727183e-03
3.000000000000000000e+02 1.719177901438536174e-02 3.392827718648732272e-03 -8.735264685312460822e-03
3.025000000000000000e+02 1.696155145718516999e-02 3.268997645399599698e-03 -8.606555741776737364e-03
3.050000000000000000e+02 1.671453052066999498e-02 3.142527037329386971e-03 -8.479160281102569516e-03
3.075000000000000000e+02 1.644663161587843828e-02 3.011650826162076515e-03 -8.352618358504830878e-03
3.100000000000000000e+02 1.617338064588555099e-02 2.881425212650674372e-03 -8.226191739771989211e-03
3.125000000000000000e+02 1.590828047552756905e-02 2.757280116401898511e-03 -8.099773654301102230e-03
3.150000000000000000e+02 1.564623016271702791e-02 2.645493427742485592e-03 -7.974112072558277309e-03
3.175000000000000000e+02 1.537741036055892928e-02 2.558563639747012553e-03 -7.849460490911537927e-03
3.200000000000000000e+02 1.510490225782093639e-02 2.496923623564748732e-03 -7.725670740932748769e-03
3.225000000000000000e+02 1.484535358973048530e-02 2.454392107437024673e-03 -7.602871087318338952e-03
3.250000000000000000e+02 1.461307358848637321e-02 2.419737168654728567e-03 -7.481610610007386267e-03
3.275000000000000000e+02 1.440549883773876473e-02 2.380210777784395708e-03 -7.361952865295259656e-03
3.300000000000000000e+02 1.421054566609768720e-02 2.325825239766891352e-03 -7.243335316991369836e-03
3.325000000000000000e+02 1.400820681619002230e-02 2.249019133867795860e-03 -7.125010347903702572e-03
3.350000000000000000e+02 1.379371042495717951e-02 2.156647945616714523e-03 -7.006588408993465189e-03
3.375000000000000000e+02 1.357244964956939859e-02 2.056562732951283494e-03 -6.888566737391471281e-03
3.400000000000000000e+02 1.335242657186916024e-02 1.951753179934030431e-03 -6.772396120779355239e-03
3.425000000000000000e+02 1.314609446067863639e-02 1.851095104443015735e-03 -6.658994594187796733e-03
3.450000000000000000e+02 1.296411257797353694e-02 1.765015852571718722e-03 -6.548540805237490665e-03
3.475000000000000000e+02 1.280903217236261694e-02 1.697066364619126888e-03 -6.440917886298126033e-03
3.500000000000000000e+02 1.266055571803392440e-02 1.640723688735442991e-03 -6.335222427700874445e-03
3.525000000000000000e+02 1.250415636691836960e-02 1.589387952916376931e-03 -6.230703941410023483e-03
3.550000000000000000e+02 1.234153668664755496e-02 1.539066325370254135e-03 -6.127394898825201316e-03
3.575000000000000000e+02 1.216833577597904031e-02 1.486654580685080980e-03 -6.025820040845796671e-03
3.600000000000000000e+02 1.198275500193828925e-02 1.431778559196527495e-03 -5.926369195633270776e-03
3.625000000000000000e+02 1.178764086979360894e-02 1.372963921547079797e-03 -5.828594814785161525e-03
3.650000000000000000e+02 1.158735859164710356e-02 1.308868189522695421e-03 -5.732222226096527276e-03
3.675000000000000000e+02 1.139407829526155672e-02 1.243287773836516388e-03 -5.636950652272381020e-03
3.700000000000000000e+02 1.121566328399433050e-02 1.180811290299993823e-03 -5.542650780597182039e-03
3.725000000000000000e+02 1.104880929547855453e-02 1.115199030107078167e-03 -5.449303377013678916e-03
3.750000000000000000e+02 1.088717051804949203e-02 1.041591984851504516e-03 -5.357087911421721041e-03
3.775000000000000000e+02 1.072392133098687764e-02 9.708274777068822510e-04 -5.266366495744199787e-03
3.800000000000000000e+02 1.056403388736016496e-02 9.164492001090479914e-04 -5.177043725260732643e-03
3.825000000000000000e+02 1.041181392471162391e-02 8.760947589675538482e-04 -5.089053110108373440e-03
3.850000000000000000e+02 1.026478386434964696e-02 8.435956373526324117e-04 -5.002349707051820422e-03
3.875000000000000000e+02 1.011840629806733810e-02 8.177591769766194910e-04 -4.916553782121063816e-03
3.900000000000000000e+02 9.972186190191519722e-03 7.984861398311522435e-04 -4.831417143852590607e-03
3.925000000000000000e+02 9.831253708610165204e-03 7.853385052986595850e-04 -4.747023834422295537e-03
3.950000000000000000e+02 9.694770232928022480e-03 7.741072291477052664e-04 -4.663633693856589733e-03
3.975000000000000000e+02 9.558751065760338894e-03 7.611464013063596505e-04 -4.581241387138247460e-03
4.000000000000000000e+02 9.421680683449267651e-03 7.465697939772439643e-04 -4.499613515856378844e-03
4.025000000000000000e+02 9.280883893725012587e-03 7.357162164374471489e-04 -4.419049968762983442e-03
4.050000000000000000e+02 9.127656632104049275e-03 7.301220001800743124e-04 -4.339347228382972599e-03
4.075000000000000000e+02 8.955674589001023575e-03 7.235001497339907991e-04 -4.260365222664427159e-03
4.100000000000000000e+02 8.765060754267892801e-03 7.054950593413309963e-04 -4.182214493230424456e-03
4.125000000000000000e+02 8.564772293411989160e-03 6.763792424738653778e-04 -4.104808030498128049e-03
4.150000000000000000e+02 8.368854556344285101e-03 6.497335992703938282e-04 -4.028217181663276171e-03
4.175000000000000000e+02 8.185151580685147421e-03 6.344419928652428407e-04 -3.952457934868032312e-03
4.200000000000000000e+02 8.011724579292627338e-03 6.260364193761234087e-04 -3.877400093893613401e-03
4.225000000000000000e+02 7.842298653585294543e-03 6.118027519997439913e-04 -3.802659187687166924e-03
4.250000000000000000e+02 7.668043039885424211e-03 5.793563872968320299e-04 -3.728169790688466451e-03
4.275000000000000000e+02 7.486450545420393274e-03 5.282016710930747269e-04 -3.654205395011201913e-03
4.300000000000000000e+02 7.300512958261197276e-03 4.657694033873781259e-04 -3.580843129323676554e-03
4.325000000000000000e+02 7.116904572498970391e-03 4.009208864830725262e-04 -3.508223452271808096e-03
4.350000000000000000e+02 6.945538044048226237e-03 3.426770436021683700e-04 -3.436653447364585064e-03
4.375000000000000000e+02 6.788487041529038188e-03 2.936256391104279865e-04 -3.366177566126673029e-03
4.400000000000000000e+02 6.639969475006227834e-03 2.531203707979330099e-04 -3.296872692377688339e-03
4.425000000000000000e+02 6.493618835078063603e-03 2.190605744587060069e-04 -3.228812308796082629e-03
4.450000000000000000e+02 6.345296443668916979e-03 1.886620292877864741e-04 -3.161693820643514223e-03
4.475000000000000000e+02 6.194628472496856511e-03 1.595359169617608991e-04 -3.095063803202920301e-03
4.500000000000000000e+02 6.045936408827537814e-03 1.287774202546756812e-04 -3.028902802030620286e-03
4.525000000000000000e+02 5.909871126621260053e-03 9.825980287254196396e-05 -2.963519052135155530e-03
4.550000000000000000e+02 5.794484678317553088e-03 7.345134139105766093e-05 -2.899164401250185503e-03
4.575000000000000000e+02 5.693544302333066603e-03 5.727481643219789692e-05 -2.835882532818099176e-03
4.600000000000000000e+02 5.596156809185799663e-03 4.915640895422938931e-05 -2.773378237953956840e-03
4.625000000000000000e+02 5.497322069120423593e-03 4.605402555713453692e-05 -2.711688874010705682e-03
4.650000000000000000e+02 5.395216547130735237e-03 4.563499374002049215e-05 -2.650863987523299943e-03
4.675000000000000000e+02 5.293246338087874252e-03 4.871448375630506907e-05 -2.590608052534744670e-03
4.700000000000000000e+02 5.195322097193502860e-03 5.564859741568852674e-05 -2.530955552027790330e-03
4.725000000000000000e+02 5.100898006438842058e-03 6.449500903900116748e-05 -2.472260614262300742e-03
4.750000000000000000e+02 5.006062049610500095e-03 7.170947568373548474e-05 -2.414668576675600524e-03
4.775000000000000000e+02 4.906766944435298969e-03 7.150221064018751028e-05 -2.357800555417267473e-03
4.800000000000000000e+02 4.808361437948678770e-03 6.296855643096250154e-05 -2.301457405339969297e-03
4.825000000000000000e+02 4.718243796933029553e-03 4.823074682988135478e-05 -2.245655818682087447e-03
4.850000000000000000e+02 4.634897303547745769e-03 2.830015962612151151e-05 -2.190805881563447771e-03
4.875000000000000000e+02 4.553538274778702599e-03 6.974644373815408150e-06 -2.137350117945751790e-03
4.900000000000000000e+02 4.473822948262500335e-03 -8.819418435939497457e-06 -2.085534200048408393e-03
4.925000000000000000e+02 4.397260691990959383e-03 -1.579733812926633772e-05 -2.035228473744904888e-03
4.950000000000000000e+02 4.326537815208235209e-03 -1.767037308759427126e-05 -1.985955748119854879e-03
4.975000000000000000e+02 4.266522593249124327e-03 -1.988400728688475395e-05 -1.937560832997291000e-03
5.000000000000000000e+02 4.218392860061681224e-03 -2.594844430647072080e-05 -1.890156798631576493e-03
5.025000000000000000e+02 4.176718505116900834e-03 -3.699940288948937156e-05 -1.843958385180522385e-03
5.050000000000000000e+02 4.135373497577461352e-03 -5.155362340088913713e-05 -1.798902781133794159e-03
5.075000000000000000e+02 4.089634769368580974e-03 -6.972727575778207897e-05 -1.754905072652425272e-03
5.100000000000000000e+02 4.035852529503381608e-03 -9.265538663263442299e-05 -1.711891351295692946e-03
5.125000000000000000e+02 3.972933860345642491e-03 -1.173125671783964164e-04 -1.669705844128737456e-03
5.150000000000000000e+02 3.902063744348765670e-03 -1.383906056844466431e-04 -1.628559906157422878e-03
5.175000000000000000e+02 3.823335554912841994e-03 -1.567264972897646684e-04 -1.588679875184174656e-03
5.200000000000000000e+02 3.736768571834591084e-03 -1.755677965718064086e-04 -1.549829206144219713e-03
5.225000000000000000e+02 3.644551146721550922e-03 -1.943312499282569706e-04 -1.511373520208028447e-03
5.250000000000000000e+02 3.552907477686085246e-03 -2.106696842151222751e-04 -1.473031973784248629e-03
5.275000000000000000e+02 3.467308515419381329e-03 -2.228871408348595713e-04 -1.435001491989429216e-03
5.300000000000000000e+02 3.389739439081654402e-03 -2.311025261655913596e-04 -1.397577896050027253e-03
5.325000000000000000e+02 3.320493992467163456e-03 -2.366114424802276579e-04 -1.360925078011773716e-03
5.350000000000000000e+02 3.256119035321899079e-03 -2.432189091236409669e-04 -1.325103502141260431e-03
5.375000000000000000e+02 3.192465224061447580e-03 -2.552014095180993748e-04 -1.290108546647684897e-03
5.400000000000000000e+02 3.126683340813792879e-03 -2.726410848928025933e-04 -1.255954761251940922e-03
5.425000000000000000e+02 3.057028472380147847e-03 -2.937553970606586397e-04 -1.222642014588260200e-03
5.450000000000000000e+02 2.986223682581339630e-03 -3.161923138708061607e-04 -1.190293968777986688e-03
5.475000000000000000e+02 2.919127839278007862e-03 -3.352327237615668242e-04 -1.159021393744060239e-03
5.500000000000000000e+02 2.856355845763982812e-03 -3.492888503156564356e-04 -1.128876327720108874e-03
5.525000000000000000e+02 2.795514481512600437e-03 -3.611180726564157221e-04 -1.099820628761257954e-03
5.550000000000000000e+02 2.735197736079226193e-03 -3.725061866130204339e-04 -1.071743674550275447e-03
5.575000000000000000e+02 2.675699331249484138e-03 -3.835493819652810834e-04 -1.044479750287113104e-03
5.600000000000000000e+02 2.616869971223058974e-03 -3.949164088153679360e-04 -1.017885943291989498e-03
5.625000000000000000e+02 2.559152049158092395e-03 -4.063926578690256887e-04 -9.918199876926901259e-04
5.650000000000000000e+02 2.506811732204755443e-03 -4.142178181903204896e-04 -9.663170299015595927e-04
5.675000000000000000e+02 2.460978430752493087e-03 -4.159859968299087739e-04 -9.415042463569390976e-04
5.700000000000000000e+02 2.415644928279311703e-03 -4.146272928041298865e-04 -9.174193299303512071e-04
5.725000000000000000e+02 2.366451118938948852e-03 -4.134565869961647627e-04 -8.940707159552935962e-04
5.750000000000000000e+02 2.314469983539720575e-03 -4.120924797266752385e-04 -8.714626702594740473e-04
5.775000000000000000e+02 2.263885542630737421e-03 -4.080865684340324244e-04 -8.495690946276783029e-04
5.800000000000000000e+02 2.217513912529488988e-03 -4.007439471782049635e-04 -8.283476251307389515e-04
5.825000000000000000e+02 2.174979982699369423e-03 -3.917778636758839574e-04 -8.076427756051484828e-04
5.850000000000000000e+02 2.135735113650184900e-03 -3.825380308173180195e-04 -7.872065813429173116e-04
5.875000000000000000e+02 2.103038481494718445e-03 -3.743729150831768627e-04 -7.670975989015715694e-04
5.900000000000000000e+02 2.082011357011265534e-03 -3.692028043231516542e-04 -7.476278404064260396e-04
5.925000000000000000e+02 2.073874151883137434e-03 -3.679811828050446741e-04 -7.289105379682984205e-04
5.950000000000000000e+02 2.074365995720040597e-03 -3.725164965778844802e-04 -7.107734027816975820e-04
5.975000000000000000e+02 2.077840139632258082e-03 -3.867982111525520867e-04 -6.931485326581915190e-04
6.000000000000000000e+02 2.083797546422419978e-03 -4.109829073990453911e-04 -6.759904330375396484e-04
6.025000000000000000e+02 2.098815403235676155e-03 -4.400562604406559422e-04 -6.591970397287807417e-04
6.050000000000000000e+02 2.129575079141091121e-03 -4.680547468342297415e-04 -6.427324626087781330e-04
6.075000000000000000e+02 2.177880126316108708e-03 -4.936196132424583785e-04 -6.265742532168728932e-04
6.100000000000000000e+02 2.241392728645496407e-03 -5.221760958815139467e-04 -6.108039009083842839e-04
6.125000000000000000e+02 2.319064263390350784e-03 -5.588413871625561632e-04 -5.954132606058638606e-04
6.150000000000000000e+02 2.414232137497651816e-03 -6.046248087312619751e-04 -5.802262634697426431e-04
6.175000000000000000e+02 2.531281004676156840e-03 -6.586858507209512577e-04 -5.649981304643867308e-04
6.200000000000000000e+02 2.673841004881364995e-03 -7.206458054794097432e-04 -5.494233928032108034e-04
6.225000000000000000e+02 2.854199526468710179e-03 -7.900868387201739982e-04 -5.332747279859879289e-04
6.250000000000000000e+02 3.090970006746647254e-03 -8.652220316110515765e-04 -5.163794513360036968e-04
6.275000000000000000e+02 3.402867023332487376e-03 -9.470860006906377379e-04 -4.987529478633976731e-04
6.300000000000000000e+02 3.810162208563087991e-03 -1.042807345733638095e-03 -4.798389497548167398e-04
6.325000000000000000e+02 4.330635283779406437e-03 -1.160407161245188877e-03 -4.594076371153402497e-04
6.350000000000000000e+02 4.985538237528681048e-03 -1.311118343841974430e-03 -4.371245680075381917e-04
6.375000000000000000e+02 5.811486229851607621e-03 -1.501917175989592656e-03 -4.131715691488210547e-04
6.400000000000000000e+02 6.843043741516271171e-03 -1.737472139299086477e-03 -3.880038948006824884e-04
6.425000000000000000e+02 8.142083382289888593e-03 -2.015213693708722050e-03 -3.620737838913017786e-04
6.450000000000000000e+02 9.822428529490070948e-03 -2.346858355840913436e-03 -3.371111620820132484e-04
6.475000000000000000e+02 1.207057360605929240e-02 -2.786636214521593085e-03 -3.155904314273061850e-04
6.500000000000000000e+02 1.522730625002127400e-02 -3.421822244918621553e-03 -3.002357574385344612e-04
6.525000000000000000e+02 1.985649036993395247e-02 -4.372120620212899440e-03 -2.928316284360948452e-04
6.550000000000000000e+02 2.667868644056525101e-02 -5.845611882675052530e-03 -2.978973239531973677e-04
6.575000000000000000e+02 3.624379075381700677e-02 -8.106152173899431462e-03 -3.125904670081997580e-04
6.600000000000000000e+02 4.828696839361216325e-02 -1.130026673818840602e-02 -3.379075174662392127e-04
6.625000000000000000e+02 6.074386630613191895e-02 -1.510408827599640097e-02 -3.570443938645982630e-04
6.650000000000000000e+02 6.916806810123873883e-02 -1.841730312704440917e-02 -3.765474329940111139e-04
6.675000000000000000e+02 6.845267711487804108e-02 -1.967318434228283036e-02 -3.828535405839563984e-04
6.700000000000000000e+02 5.650509219689556911e-02 -1.783313107458218277e-02 -3.997473099398764370e-04
6.725000000000000000e+02 3.740959391359986036e-02 -1.347996831415864544e-02 -4.042227231861379613e-04
6.750000000000000000e+02 1.904843664118680002e-02 -8.709471776655153263e-03 -4.071566462347730401e-04
6.775000000000000000e+02 5.539742444905641251e-03 -4.922075552594253924e-03 -3.780904838786021513e-04
6.800000000000000000e+02 -2.847443692731371680e-03 -2.384621384833894749e-03 -3.536856980007789877e-04
6.825000000000000000e+02 -7.273001987690167792e-03 -8.092316096220201734e-04 -3.171340039266013432e-04
6.850000000000000000e+02 -9.056356336957878048e-03 -1.190541856670847634e-04 -2.954265106932874637e-04
6.875000000000000000e+02 -9.685526697889940140e-03 3.090831427691000718e-04 -2.658797057128961679e-04
6.900000000000000000e+02 -9.713450152032874346e-03 3.631186576976346914e-04 -2.521727747694417964e-04
6.925000000000000000e+02 -9.685656273022641774e-03 4.822502224935305837e-04 -2.310126868069468215e-04
6.950000000000000000e+02 -9.626015335132229178e-03 4.054289536716169321e-04 -2.237271832637343283e-04
6.975000000000000000e+02 -9.686873242853312471e-03 5.030448360781178884e-04 -2.092515257854400950e-04
7.000000000000000000e+02 -9.767799142180138075e-03 4.132978287465221157e-04 -2.054209773804486778e-04
7.025000000000000000e+02 -9.960723250755018632e-03 5.582783084685160810e-04 -1.949918505705236179e-04
7.050000000000000000e+02 -1.015858508096448461e-02 4.837034509446084640e-04 -1.916382870847648391e-04
7.075000000000000000e+02 -1.045578331317128726e-02 6.821445339487922782e-04 -1.828086547006906764e-04
7.100000000000000000e+02 -1.075230282469801825e-02 6.291186607206213522e-04 -1.778942615027266465e-04
7.125000000000000000e+02 -1.113954403826235111e-02 8.536006777170769425e-04 -1.692686619125920448e-04
7.150000000000000000e+02 -1.153921678019862590e-02 8.174479537268439277e-04 -1.621692091633199770e-04
7.175000000000000000e+02 -1.201146854753822046e-02 1.041621692526302967e-03 -1.535024286608008064e-04
7.200000000000000000e+02 -1.250515869297828472e-02 1.009511924637263285e-03 -1.445384278752427415e-04
7.225000000000000000e+02 -1.303026173802513711e-02 1.231523757077729927e-03 -1.361822892054292901e-04
7.250000000000000000e+02 -1.353550398213674254e-02 1.171785822427102606e-03 -1.261011516877854515e-04
7.275000000000000000e+02 -1.400311106575979903e-02 1.377253336934018170e-03 -1.184452126970610359e-04
7.300000000000000000e+02 -1.432532739176344862e-02 1.214727430444440806e-03 -1.080301590174925948e-04
7.325000000000000000e+02 -1.447823899900670293e-02 1.327985376282742871e-03 -1.007249959559198340e-04
7.350000000000000000e+02 -1.426605912481274975e-02 9.811635093645576511e-04 -9.032118642661709552e-05
7.375000000000000000e+02 -1.370582083553642874e-02 9.164064287772589589e-04 -8.192478564569084841e-05
7.400000000000000000e+02 -1.265595284922467305e-02 4.375096575447173395e-04 -7.139811087632782301e-05
7.425000000000000000e+02 -1.130262953342917216e-02 2.609063188341451600e-04 -6.066486963434897565e-05
7.450000000000000000e+02 -9.711297898798284742e-03 -8.992207863141174961e-05 -5.030109357463632589e-05
7.475000000000000000e+02 -8.146951498548309772e-03 -1.746650131280489500e-04 -3.818221613872313150e-05
7.500000000000000000e+02 -6.691968682618653838e-03 -2.235648385353215448e-04 -2.940628065085638832e-05
7.525000000000000000e+02 -5.424610310499270241e-03 -1.649531468574764472e-04 -1.885711313936780771e-05
7.550000000000000000e+02 -4.316145807557495231e-03 -6.886816228806082998e-05 -1.326861886055247525e-05
7.575000000000000000e+02 -3.342570644909074063e-03 -4.880822724032895988e-06 -6.546555128945619106e-06
7.600000000000000000e+02 -2.502990027654982547e-03 4.553567185514566527e-05 -4.312028480307131121e-06
7.625000000000000000e+02 -1.813225892799482687e-03 5.255958711375114631e-05 -1.261704499678115774e-06
7.650000000000000000e+02 -1.285235234654646865e-03 5.110784931262060221e-05 -1.048855981010417992e-06
7.675000000000000000e+02 -9.129471025933980771e-04 3.857523224105534847e-05 -8.684490823982274939e-09
7.700000000000000000e+02 -6.686000626119721277e-04 2.958909167360843640e-05 -3.686706091588318239e-07
7.725000000000000000e+02 -5.214131356360212710e-04 2.189738717764839879e-05 4.984325850434789594e-08
7.750000000000000000e+02 -4.390822000399794084e-04 1.799392091744493811e-05 -2.924478085464726672e-07
7.775000000000000000e+02 -3.989060726562002079e-04 1.560114477524621290e-05 3.185767927479863087e-08
7.800000000000000000e+02 -3.823337309160479013e-04 1.490347610634898948e-05 -2.672255618723987079e-07
7.825000000000000000e+02 -3.782989489438932473e-04 1.462052704523557658e-05 1.028829335177360022e-07
7.850000000000000000e+02 -3.778415693462648119e-04 1.477120577962978088e-05 -1.828823156046793912e-07
7.875000000000000000e+02 -3.769827321472575782e-04 1.476451675420094104e-05 2.725671213515607041e-07
7.900000000000000000e+02 -3.724958793414771059e-04 1.462290668596324397e-05 -2.144942414513267843e-08
7.925000000000000000e+02 -3.648386844072547524e-04 1.419907535805577956e-05 4.725236908863818003e-07
7.950000000000000000e+02 -3.538367349677401020e-04 1.356192490407011002e-05 1.421836922513575224e-07
7.975000000000000000e+02 -3.416524472443597800e-04 1.274272073018209981e-05 6.095229000281157822e-07
8.000000000000000000e+02 -3.285628658205268899e-04 1.184633833294128665e-05 2.414736167129394184e-07
8.025000000000000000e+02 -3.163642733999722802e-04 1.084835292842853906e-05 6.597174142624638230e-07
8.050000000000000000e+02 -3.046347023569978898e-04 9.918114986498948891e-06 2.761772584284394108e-07
8.075000000000000000e+02 -2.943691526727661937e-04 8.848793471611315979e-06 6.556903073512733700e-07
8.100000000000000000e+02 -2.846634769103047538e-04 7.975896378297875588e-06 2.767851528144876869e-07
8.125000000000000000e+02 -2.761200063365322433e-04 6.845913769518574153e-06 6.307614420370359411e-07
8.150000000000000000e+02 -2.678388264738487288e-04 6.054810152784284337e-06 2.645682236891051948e-07
8.175000000000000000e+02 -2.603562425154450619e-04 4.864721288379314398e-06 5.983555415443979655e-07
8.200000000000000000e+02 -2.529757943626009353e-04 4.165865976574423474e-06 2.464779907053141000e-07
8.225000000000000000e+02 -2.462107757508192837e-04 2.926545431375870877e-06 5.606603399639385334e-07
8.250000000000000000e+02 -2.395469644428885748e-04 2.320477966463840712e-06 2.248130977568027598e-07
8.275000000000000000e+02 -2.334070506809211940e-04 1.037925415073459589e-06 5.190488774237812592e-07
8.300000000000000000e+02 -2.274099831817238645e-04 5.155262692483120262e-07 2.026915278829088996e-07
8.325000000000000000e+02 -2.218436569326058853e-04 -8.142048817489921617e-07 4.763274941065820428e-07
8.350000000000000000e+02 -2.164516328406080063e-04 -1.265163728442075712e-06 1.832495959367144826e-07
8.375000000000000000e+02 -2.113798766659328915e-04 -2.649924191950958818e-06 4.350447791860973021e-07
8.400000000000000000e+02 -2.065078369345656033e-04 -3.039088736159101221e-06 1.681658118876487605e-07
8.425000000000000000e+02 -2.018432108237220852e-04 -4.483143785034826839e-06 3.963107665496595905e-07
8.450000000000000000e+02 -1.974083429459369662e-04 -4.816501379877990721e-06 1.572669723606416471e-07
8.475000000000000000e+02 -1.930755904573516226e-04 -6.318815389943211197e-06 3.596801464133228579e-07
8.500000000000000000e+02 -1.890081474860380616e-04 -6.598844359177747227e-06 1.490652294271324592e-07
8.525000000000000000e+02 -1.849464342553574093e-04 -8.154286389924437014e-06 3.235479296484059052e-07
8.550000000000000000e+02 -1.811889194696277559e-04 -8.380350044217266383e-06 1.411927082042269082e-07
8.575000000000000000e+02 -1.773486354731630742e-04 -9.981306901795506227e-06 2.854352153233763214e-07
8.600000000000000000e+02 -1.738549415003944987e-04 -1.015028115504037507e-05 1.308112583293705106e-07
8.625000000000000000e+02 -1.701966098013826833e-04 -1.178715344808551909e-05 2.424905316427680569e-07
8.650000000000000000e+02 -1.669316050685892990e-04 -1.189416227455240072e-05 1.151332965870083290e-07
8.675000000000000000e+02 -1.634247619536608777e-04 -1.355632968954978339e-05 1.920251179185206237e-07
8.700000000000000000e+02 -1.603632350889256579e-04 -1.359582422303446981e-05 9.192809942656920963e-08
8.725000000000000000e+02 -1.569857420266089422e-04 -1.527222696454373253e-05 1.322573939579491197e-07
8.750000000000000000e+02 -1.541111277757409043e-04 -1.523811356233863924e-05 6.030966852147018477e-08
8.775000000000000000e+02 -1.508480783069899103e-04 -1.691732227283182459e-05 6.299046229987503984e-08
8.800000000000000000e+02 -1.481506945428236676e-04 -1.680242948132217910e-05 2.112808280196748441e-08
8.825000000000000000e+02 -1.449927034669371917e-04 -1.847268950647276299e-05 -1.424837249111993246e-08
8.850000000000000000e+02 -1.424668664297996522e-04 -1.826928907623823851e-05 -2.330201899876926964e-08
8.875000000000000000e+02 -1.394074614239798377e-04 -1.991972234586683076e-05 -9.668814386411956178e-08
8.900000000000000000e+02 -1.370499854935360419e-04 -1.961938200255417499e-05 -6.970853395806830502e-08
8.925000000000000000e+02 -1.340845473939225607e-04 -2.123952841988056991e-05 -1.805416045365770773e-07
8.950000000000000000e+02 -1.318932347669942893e-04 -2.083169498463348617e-05 -1.141816954600902198e-07
8.975000000000000000e+02 -1.290159970905961075e-04 -2.241189922344801852e-05 -2.615490680469956281e-07
9.000000000000000000e+02 -1.269880920981677130e-04 -2.188271644319002016e-05 -1.529245716487645639e-07
9.025000000000000000e+02 -1.241903513026727584e-04 -2.341535395515847927e-05 -3.357190189201386429e-07
9.050000000000000000e+02 -1.223225194725273434e-04 -2.274847100585475422e-05 -1.829519408428889478e-07
9.075000000000000000e+02 -1.195913087643475593e-04 -2.423006286981035408e-05 -4.000535913616223886e-07
9.100000000000000000e+02 -1.178782055644887831e-04 -2.340780400089670366e-05 -2.026192132293241925e-07
9.125000000000000000e+02 -1.151946431019951005e-04 -2.483830861435762914e-05 -4.527373970908049465e-07
9.150000000000000000e+02 -1.136276087332589648e-04 -2.384132445241675724e-05 -2.112866833758247793e-07
9.175000000000000000e+02 -1.109655774623433838e-04 -2.522396491376639320e-05 -4.927568668398899053e-07
9.200000000000000000e+02 -1.095305071781240325e-04 -2.403255710570419929e-05 -2.092193442596854184e-07
9.225000000000000000e+02 -1.068554392037640349e-04 -2.537445675574190329e-05 -5.199591537281042837e-07
9.250000000000000000e+02 -1.055313587377668176e-04 -2.397109659880243123e-05 -1.976284559016161580e-07
9.275000000000000000e+02 -1.028010344044105344e-04 -2.528239790286761646e-05 -5.349661308844289448e-07
9.300000000000000000e+02 -1.015593755988675135e-04 -2.365335089563131975e-05 -1.783349215791915669e-07
9.325000000000000000e+02 -9.872498533770794984e-05 -2.494566567262381676e-05 -5.387636994524950187e-07
9.350000000000000000e+02 -9.752851795494734311e-05 -2.308306372208335103e-05 -1.533309288247311407e-07
9.375000000000000000e+02 -9.453634115766363331e-05 -2.436783100611137202e-05 -5.323494111977689119e-07
9.400000000000000000e+02 -9.333870548175582480e-05 -2.227109031539384980e-05 -1.245827275594288527e-07
9.425000000000000000e+02 -9.013283298932038058e-05 -2.355664871005273944e-05 -5.166805269833165720e-07
9.450000000000000000e+02 -8.887869167283497232e-05 -2.123350937439454327e-05 -9.400039759851347273e-08
9.475000000000000000e+02 -8.540506701974664495e-05 -2.252175175627826387e-05 -4.926906719984733314e-07
9.500000000000000000e+02 -8.403144903174961772e-05 -1.998922552705835034e-05 -6.323789639258586794e-08
9.525000000000000000e+02 -8.024228766639680181e-05 -2.127265664444166703e-05 -4.611734770923095509e-07
9.550000000000000000e+02 -7.868062430545706123e-05 -1.855748197418733895e-05 -3.361200148239012775e-08
9.575000000000000000e+02 -7.453949605237540394e-05 -1.981697246862950285e-05 -4.227812769546812538e-07
9.600000000000000000e+02 -7.271922899840319986e-05 -1.695609734221079776e-05 -6.188548698406181877e-09
9.625000000000000000e+02 -6.820674812868219065e-05 -1.815948304299581730e-05 -3.782604515880888295e-07
9.650000000000000000e+02 -6.605974390454321624e-05 -1.520063583212731769e-05 1.801362218266100433e-08
9.675000000000000000e+02 -6.117800273391367060e-05 -1.630292573789802167e-05 -3.286306954373763465e-07
9.700000000000000000e+02 -5.864190129459530227e-05 -1.330493359592992389e-05 3.796997282086711306e-08
9.725000000000000000e+02 -5.341500893307511434e-05 -1.424929166346373617e-05 -2.751751797859469840e-07
9.750000000000000000e+02 -5.043478900674927057e-05 -1.128125637907260188e-05 5.257710837277273774e-08
9.775000000000000000e+02 -4.491155943851481142e-05 -1.200171023368739092e-05 -2.194698766244618247e-07
9.800000000000000000e+02 -4.145749919573518357e-05 -9.145251457937320639e-06 6.049994107844847604e-08
9.825000000000000000e+02 -3.574270097230964786e-05 -9.578425358927234617e-06 -1.638041771926140836e-07
9.850000000000000000e+02 -3.185440750044108224e-05 -6.933012160266116161e-06 6.035446338462646233e-08
9.875000000000000000e+02 -2.610039718631469537e-05 -7.022720609552380063e-06 -1.111387000359370640e-07
9.900000000000000000e+02 -2.175814156610158498e-05 -4.674345729006290539e-06 5.136405894334283785e-08
9.925000000000000000e+02 -1.586999118371750338e-05 -4.291965195579905653e-06 -6.230862125205516149e-08
9.950000000000000000e+02 -1.068016896715562326e-05 -2.271924845035755408e-06 2.990096614671755460e-08
9.975000000000000000e+02 -4.725655328866196298e-06 -1.279541863857502820e-06 -1.431343941617480050e-08
1.000000000000000000e+03 -2.234562369881132307e-06 -4.349621553046745290e-07 4.027647080140361862e-09
