 z T
0.000000000000000000e+00 2.949977262064435308e+02
2.500000000000000000e+00 2.951290852448529449e+02
5.000000000000000000e+00 2.952465419175850911e+02
7.500000000000000000e+00 2.953697540154389003e+02
1.000000000000000000e+01 2.954981249924572353e+02
1.250000000000000000e+01 2.956294063565341617e+02
1.500000000000000000e+01 2.957597771098191970e+02
1.750000000000000000e+01 2.958853296147444212e+02
2.000000000000000000e+01 2.960036288405812570e+02
2.250000000000000000e+01 2.961138664735789234e+02
2.500000000000000000e+01 2.962162904678224322e+02
2.750000000000000000e+01 2.963116654903839162e+02
3.000000000000000000e+01 2.964009208136781695e+02
3.250000000000000000e+01 2.964849409662755875e+02
3.500000000000000000e+01 2.965644873077671946e+02
3.750000000000000000e+01 2.966402012618390245e+02
4.000000000000000000e+01 2.967126115338725754e+02
4.250000000000000000e+01 2.967821506913091980e+02
4.500000000000000000e+01 2.968491664920640574e+02
4.750000000000000000e+01 2.969139443362505517e+02
5.000000000000000000e+01 2.969767271543136644e+02
5.250000000000000000e+01 2.970377205329203889e+02
5.500000000000000000e+01 2.970970931687659231e+02
5.750000000000000000e+01 2.971549687256931520e+02
6.000000000000000000e+01 2.972114328299967383e+02
6.250000000000000000e+01 2.972665618466743922e+02
6.500000000000000000e+01 2.973204317721324514e+02
6.750000000000000000e+01 2.973730954640581672e+02
7.000000000000000000e+01 2.974245736144878265e+02
7.250000000000000000e+01 2.974748869157691615e+02
7.500000000000000000e+01 2.975240756444314911e+02
7.750000000000000000e+01 2.975721794193804044e+02
8.000000000000000000e+01 2.976192160852979214e+02
8.250000000000000000e+01 2.976652134970925090e+02
8.500000000000000000e+01 2.977102244875860038e+02
8.750000000000000000e+01 2.977542964024251546e+02
9.000000000000000000e+01 2.977974523077077151e+02
9.250000000000000000e+01 2.978396875284498151e+02
9.500000000000000000e+01 2.978809957163069271e+02
9.750000000000000000e+01 2.979213828588790420e+02
1.000000000000000000e+02 2.979608657316317135e+02
1.025000000000000000e+02 2.979994708049927681e+02
1.050000000000000000e+02 2.980372218521129639e+02
1.075000000000000000e+02 2.980741173344270578e+02
1.100000000000000000e+02 2.981101248968250843e+02
1.125000000000000000e+02 2.981452095926391621e+02
1.150000000000000000e+02 2.981793619270749218e+02
1.175000000000000000e+02 2.982125906242454221e+02
1.200000000000000000e+02 2.982449158279051744e+02
1.225000000000000000e+02 2.982763667813225084e+02
1.250000000000000000e+02 2.983069712960852939e+02
1.275000000000000000e+02 2.983367555108818010e+02
1.300000000000000000e+02 2.983657569742163673e+02
1.325000000000000000e+02 2.983940187372776336e+02
1.350000000000000000e+02 2.984215792016426008e+02
1.375000000000000000e+02 2.984484684607774625e+02
1.400000000000000000e+02 2.984747162872282615e+02
1.425000000000000000e+02 2.985003549101315343e+02
1.450000000000000000e+02 2.985254090763971817e+02
1.475000000000000000e+02 2.985498934327080178e+02
1.500000000000000000e+02 2.985738253931944541e+02
1.525000000000000000e+02 2.985972332601619996e+02
1.550000000000000000e+02 2.986201433215052248e+02
1.575000000000000000e+02 2.986425668570699941e+02
1.600000000000000000e+02 2.986645003408247590e+02
1.625000000000000000e+02 2.986859460418712047e+02
1.650000000000000000e+02 2.987069261899607682e+02
1.675000000000000000e+02 2.987274596696017284e+02
1.700000000000000000e+02 2.987475593451927125e+02
1.725000000000000000e+02 2.987672317312480459e+02
1.750000000000000000e+02 2.987864770367676783e+02
1.775000000000000000e+02 2.988052991001716805e+02
1.800000000000000000e+02 2.988237121700865941e+02
1.825000000000000000e+02 2.988417396830708981e+02
1.850000000000000000e+02 2.988594122891339566e+02
1.875000000000000000e+02 2.988767638145099568e+02
1.900000000000000000e+02 2.988938104348122806e+02
1.925000000000000000e+02 2.989105450392468697e+02
1.950000000000000000e+02 2.989269591963426365e+02
1.975000000000000000e+02 2.989430647610579399e+02
2.000000000000000000e+02 2.989588884340265054e+02
2.025000000000000000e+02 2.989744533868031908e+02
2.050000000000000000e+02 2.989897701197071456e+02
2.075000000000000000e+02 2.990048434909925277e+02
2.100000000000000000e+02 2.990196813976481280e+02
2.125000000000000000e+02 2.990342962237039615e+02
2.150000000000000000e+02 2.990486905450008521e+02
2.175000000000000000e+02 2.990628535290854870e+02
2.200000000000000000e+02 2.990767765859123415e+02
2.225000000000000000e+02 2.990904524780782481e+02
2.250000000000000000e+02 2.991038762937052979e+02
2.275000000000000000e+02 2.991170551553710197e+02
2.300000000000000000e+02 2.991299978071043597e+02
2.325000000000000000e+02 2.991427042910470959e+02
2.350000000000000000e+02 2.991551726915837435e+02
2.375000000000000000e+02 2.991674120806024462e+02
2.400000000000000000e+02 2.991794431613270717e+02
2.425000000000000000e+02 2.991912875476883755e+02
2.450000000000000000e+02 2.992029582987012191e+02
2.475000000000000000e+02 2.992144574861089836e+02
2.500000000000000000e+02 2.992257869168529965e+02
2.525000000000000000e+02 2.992369547507895504e+02
2.550000000000000000e+02 2.992479685597999719e+02
2.575000000000000000e+02 2.992588261911420204e+02
2.600000000000000000e+02 2.992695137001539933e+02
2.625000000000000000e+02 2.992800133316877123e+02
2.650000000000000000e+02 2.992903147866915674e+02
2.675000000000000000e+02 2.993004190601767505e+02
2.700000000000000000e+02 2.993103402888770574e+02
2.725000000000000000e+02 2.993200970731768962e+02
2.750000000000000000e+02 2.993296946696628993e+02
2.775000000000000000e+02 2.993391346492368257e+02
2.800000000000000000e+02 2.993484270776348239e+02
2.825000000000000000e+02 2.993575822468596925e+02
2.850000000000000000e+02 2.993666046550359852e+02
2.875000000000000000e+02 2.993754939104987329e+02
2.900000000000000000e+02 2.993842453357881368e+02
2.925000000000000000e+02 2.993928568630192899e+02
2.950000000000000000e+02 2.994013356078266952e+02
2.975000000000000000e+02 2.994096921696565801e+02
3.000000000000000000e+02 2.994179288520990667e+02
3.025000000000000000e+02 2.994260393340387623e+02
3.050000000000000000e+02 2.994340187378926430e+02
3.075000000000000000e+02 2.994418683078980052e+02
3.100000000000000000e+02 2.994495914399092840e+02
3.125000000000000000e+02 2.994571933373658794e+02
3.150000000000000000e+02 2.994646800014397172e+02
3.175000000000000000e+02 2.994720569547360469e+02
3.200000000000000000e+02 2.994793288360041288e+02
3.225000000000000000e+02 2.994865008335940502e+02
3.250000000000000000e+02 2.994935748613514193e+02
3.275000000000000000e+02 2.995005483162799464e+02
3.300000000000000000e+02 2.995074213348314061e+02
3.325000000000000000e+02 2.995142023008539240e+02
3.350000000000000000e+02 2.995209060948321849e+02
3.375000000000000000e+02 2.995275484351674891e+02
3.400000000000000000e+02 2.995341357915059461e+02
3.425000000000000000e+02 2.995406618481842429e+02
3.450000000000000000e+02 2.995471161295510569e+02
3.475000000000000000e+02 2.995534893965940455e+02
3.500000000000000000e+02 2.995597791063137265e+02
3.525000000000000000e+02 2.995659894713825224e+02
3.550000000000000000e+02 2.995721248268507679e+02
3.575000000000000000e+02 2.995781853820357696e+02
3.600000000000000000e+02 2.995841673182687828e+02
3.625000000000000000e+02 2.995900650084204813e+02
3.650000000000000000e+02 2.995958761442873879e+02
3.675000000000000000e+02 2.996016043147783989e+02
3.700000000000000000e+02 2.996072543945272741e+02
3.725000000000000000e+02 2.996128316231865938e+02
3.750000000000000000e+02 2.996183430635753666e+02
3.775000000000000000e+02 2.996237919178758489e+02
3.800000000000000000e+02 2.996291776038175954e+02
3.825000000000000000e+02 2.996344999100713267e+02
3.850000000000000000e+02 2.996397557427959555e+02
3.875000000000000000e+02 2.996449423605676543e+02
3.900000000000000000e+02 2.996500629459985703e+02
3.925000000000000000e+02 2.996551246822183430e+02
3.950000000000000000e+02 2.996601306266318261e+02
3.975000000000000000e+02 2.996650798381424465e+02
4.000000000000000000e+02 2.996699724699280409e+02
4.025000000000000000e+02 2.996748073787462658e+02
4.050000000000000000e+02 2.996795835004789410e+02
4.075000000000000000e+02 2.996843030423553955e+02
4.100000000000000000e+02 2.996889660803656170e+02
4.125000000000000000e+02 2.996935714992951603e+02
4.150000000000000000e+02 2.996981188978473938e+02
4.175000000000000000e+02 2.997026075233357574e+02
4.200000000000000000e+02 2.997070364392938018e+02
4.225000000000000000e+02 2.997114073566229422e+02
4.250000000000000000e+02 2.997157228311587573e+02
4.275000000000000000e+02 2.997199840159851760e+02
4.300000000000000000e+02 2.997241916894872134e+02
4.325000000000000000e+02 2.997283470517222099e+02
4.350000000000000000e+02 2.997324517378540918e+02
4.375000000000000000e+02 2.997365073203914108e+02
4.400000000000000000e+02 2.997405141948435698e+02
4.425000000000000000e+02 2.997444691070913336e+02
4.450000000000000000e+02 2.997483694578388054e+02
4.475000000000000000e+02 2.997522197514360869e+02
4.500000000000000000e+02 2.997560285566423772e+02
4.525000000000000000e+02 2.997598019055741361e+02
4.550000000000000000e+02 2.997635425198478742e+02
4.575000000000000000e+02 2.997672505791265962e+02
4.600000000000000000e+02 2.997709276132357559e+02
4.625000000000000000e+02 2.997745757716295998e+02
4.650000000000000000e+02 2.997781953488887439e+02
4.675000000000000000e+02 2.997817876388197078e+02
4.700000000000000000e+02 2.997853561796288773e+02
4.725000000000000000e+02 2.997889018048748540e+02
4.750000000000000000e+02 2.997924213536081766e+02
4.775000000000000000e+02 2.997959126856297303e+02
4.800000000000000000e+02 2.997993777834234947e+02
4.825000000000000000e+02 2.998028209739458134e+02
4.850000000000000000e+02 2.998062457974347694e+02
4.875000000000000000e+02 2.998096495284974594e+02
4.900000000000000000e+02 2.998130247917871429e+02
4.925000000000000000e+02 2.998163654137927665e+02
4.950000000000000000e+02 2.998196716511617979e+02
4.975000000000000000e+02 2.998229493431330752e+02
5.000000000000000000e+02 2.998262057930952551e+02
5.025000000000000000e+02 2.998294453937211301e+02
5.050000000000000000e+02 2.998326678548278892e+02
5.075000000000000000e+02 2.998358709673145768e+02
5.100000000000000000e+02 2.998390528749139321e+02
5.125000000000000000e+02 2.998422146238177106e+02
5.150000000000000000e+02 2.998453572567265155e+02
5.175000000000000000e+02 2.998484759004398938e+02
5.200000000000000000e+02 2.998515646402830157e+02
5.225000000000000000e+02 2.998546278048660838e+02
5.250000000000000000e+02 2.998576788640926338e+02
5.275000000000000000e+02 2.998607319598561389e+02
5.300000000000000000e+02 2.998637962594479518e+02
5.325000000000000000e+02 2.998668769289420197e+02
5.350000000000000000e+02 2.998699765469665408e+02
5.375000000000000000e+02 2.998730939246789262e+02
5.400000000000000000e+02 2.998762278690282983e+02
5.425000000000000000e+02 2.998793783400014945e+02
5.450000000000000000e+02 2.998825452600217432e+02
5.475000000000000000e+02 2.998857274565765465e+02
5.500000000000000000e+02 2.998889231688317523e+02
5.525000000000000000e+02 2.998921301869585818e+02
5.550000000000000000e+02 2.998953473326074004e+02
5.575000000000000000e+02 2.998985754099745122e+02
5.600000000000000000e+02 2.999018192549566493e+02
5.625000000000000000e+02 2.999050892725343829e+02
5.650000000000000000e+02 2.999083993909885066e+02
5.675000000000000000e+02 2.999117617446829058e+02
5.700000000000000000e+02 2.999151844200827668e+02
5.725000000000000000e+02 2.999186729347337632e+02
5.750000000000000000e+02 2.999222328499129731e+02
5.775000000000000000e+02 2.999258697238805098e+02
5.800000000000000000e+02 2.999295909261884390e+02
5.825000000000000000e+02 2.999334082419280207e+02
5.850000000000000000e+02 2.999373413432183497e+02
5.875000000000000000e+02 2.999414108791162334e+02
5.900000000000000000e+02 2.999456299045385208e+02
5.925000000000000000e+02 2.999500075624030160e+02
5.950000000000000000e+02 2.999545574568674624e+02
5.975000000000000000e+02 2.999592987478133068e+02
6.000000000000000000e+02 2.999642574721930259e+02
6.025000000000000000e+02 2.999694696182726261e+02
6.050000000000000000e+02 2.999749815466863652e+02
6.075000000000000000e+02 2.999808475958264466e+02
6.100000000000000000e+02 2.999871252409353701e+02
6.125000000000000000e+02 2.999938777658381923e+02
6.150000000000000000e+02 3.000011804733326812e+02
6.175000000000000000e+02 3.000091224885110250e+02
6.200000000000000000e+02 3.000178121298816336e+02
6.225000000000000000e+02 3.000273867513194546e+02
6.250000000000000000e+02 3.000380118596889361e+02
6.275000000000000000e+02 3.000498784841627753e+02
6.300000000000000000e+02 3.000632188362469037e+02
6.325000000000000000e+02 3.000783058474718246e+02
6.350000000000000000e+02 3.000954388474793859e+02
6.375000000000000000e+02 3.001149556646877841e+02
6.400000000000000000e+02 3.001372432908187307e+02
6.425000000000000000e+02 3.001627714675380503e+02
6.450000000000000000e+02 3.001921873419352664e+02
6.475000000000000000e+02 3.002264400141864371e+02
6.500000000000000000e+02 3.002670464913014143e+02
6.525000000000000000e+02 3.003164591721571242e+02
6.550000000000000000e+02 3.003783734090624762e+02
6.575000000000000000e+02 3.004577929636694762e+02
6.600000000000000000e+02 3.005606347589246639e+02
6.625000000000000000e+02 3.006924518934691264e+02
6.650000000000000000e+02 3.008564976263295989e+02
6.675000000000000000e+02 3.010521448650150660e+02
6.700000000000000000e+02 3.012742294965329393e+02
6.725000000000000000e+02 3.015142598721567424e+02
6.750000000000000000e+02 3.017629850062692185e+02
6.775000000000000000e+02 3.020126884319166720e+02
6.800000000000000000e+02 3.022580111803912359e+02
6.825000000000000000e+02 3.024959345552149443e+02
6.850000000000000000e+02 3.027253959795471587e+02
6.875000000000000000e+02 3.029467823104705531e+02
6.900000000000000000e+02 3.031612658864702325e+02
6.925000000000000000e+02 3.033703889903863455e+02
6.950000000000000000e+02 3.035756738797453522e+02
6.975000000000000000e+02 3.037784670945994208e+02
7.000000000000000000e+02 3.039798278747841209e+02
7.025000000000000000e+02 3.041805546255116610e+02
7.050000000000000000e+02 3.043812004662536879e+02
7.075000000000000000e+02 3.045821684216439849e+02
7.100000000000000000e+02 3.047837413588946447e+02
7.125000000000000000e+02 3.049861656918694166e+02
7.150000000000000000e+02 3.051896251743884250e+02
7.175000000000000000e+02 3.053942625962824309e+02
7.200000000000000000e+02 3.056000798268971721e+02
7.225000000000000000e+02 3.058068964937968417e+02
7.250000000000000000e+02 3.060142231517617120e+02
7.275000000000000000e+02 3.062211984167238938e+02
7.300000000000000000e+02 3.064265056314600315e+02
7.325000000000000000e+02 3.066283446371258492e+02
7.350000000000000000e+02 3.068244529152950690e+02
7.375000000000000000e+02 3.070121884693429024e+02
7.400000000000000000e+02 3.071887021043467030e+02
7.425000000000000000e+02 3.073511740864429385e+02
7.450000000000000000e+02 3.074971058557350148e+02
7.475000000000000000e+02 3.076246204103549076e+02
7.500000000000000000e+02 3.077327136967196566e+02
7.525000000000000000e+02 3.078214087459123789e+02
7.550000000000000000e+02 3.078917651800305180e+02
7.575000000000000000e+02 3.079457290737695416e+02
7.600000000000000000e+02 3.079858556747924467e+02
7.625000000000000000e+02 3.080149616349560233e+02
7.650000000000000000e+02 3.080357915873501042e+02
7.675000000000000000e+02 3.080507683262205774e+02
7.700000000000000000e+02 3.080618572180666774e+02
7.725000000000000000e+02 3.080705453324106315e+02
7.750000000000000000e+02 3.080778929189095834e+02
7.775000000000000000e+02 3.080846197339413379e+02
7.800000000000000000e+02 3.080911863723669057e+02
7.825000000000000000e+02 3.080978614155758919e+02
7.850000000000000000e+02 3.081047700025098948e+02
7.875000000000000000e+02 3.081119367918557259e+02
7.900000000000000000e+02 3.081193216969779201e+02
7.925000000000000000e+02 3.081268560529653655e+02
7.950000000000000000e+02 3.081344670554138929e+02
7.975000000000000000e+02 3.081420980450962475e+02
8.000000000000000000e+02 3.081497122157658737e+02
8.025000000000000000e+02 3.081572952814425435e+02
8.050000000000000000e+02 3.081648457772835172e+02
8.075000000000000000e+02 3.081723724244209848e+02
8.100000000000000000e+02 3.081798837473212984e+02
8.125000000000000000e+02 3.081873892129662522e+02
8.150000000000000000e+02 3.081948927186941205e+02
8.175000000000000000e+02 3.082023979490217016e+02
8.200000000000000000e+02 3.082099037471490988e+02
8.225000000000000000e+02 3.082174109104723243e+02
8.250000000000000000e+02 3.082249169779554450e+02
8.275000000000000000e+02 3.082324229379811982e+02
8.300000000000000000e+02 3.082399268202055396e+02
8.325000000000000000e+02 3.082474303965477134e+02
8.350000000000000000e+02 3.082549320473818852e+02
8.375000000000000000e+02 3.082624338491776257e+02
8.400000000000000000e+02 3.082699340999805599e+02
8.425000000000000000e+02 3.082774348563432909e+02
8.450000000000000000e+02 3.082849342294595090e+02
8.475000000000000000e+02 3.082924342299830869e+02
8.500000000000000000e+02 3.082999328636380483e+02
8.525000000000000000e+02 3.083074321381688492e+02
8.550000000000000000e+02 3.083149300303579139e+02
8.575000000000000000e+02 3.083224285569806966e+02
8.600000000000000000e+02 3.083299256989442938e+02
8.625000000000000000e+02 3.083374234692510640e+02
8.650000000000000000e+02 3.083449198623689540e+02
8.675000000000000000e+02 3.083524168834701413e+02
8.700000000000000000e+02 3.083599125481291026e+02
8.725000000000000000e+02 3.083674088575318706e+02
8.750000000000000000e+02 3.083749038393283968e+02
8.775000000000000000e+02 3.083823994890422568e+02
8.800000000000000000e+02 3.083898938425179495e+02
8.825000000000000000e+02 3.083973888918337138e+02
8.850000000000000000e+02 3.084048826754358856e+02
8.875000000000000000e+02 3.084123771725177221e+02
8.900000000000000000e+02 3.084198704258471935e+02
8.925000000000000000e+02 3.084273644104717960e+02
8.950000000000000000e+02 3.084348571955947023e+02
8.975000000000000000e+02 3.084423507368745732e+02
9.000000000000000000e+02 3.084498431240890000e+02
9.025000000000000000e+02 3.084573362612210303e+02
9.050000000000000000e+02 3.084648282824281864e+02
9.075000000000000000e+02 3.084723210332225563e+02
9.100000000000000000e+02 3.084798127279357232e+02
9.125000000000000000e+02 3.084873051394023378e+02
9.150000000000000000e+02 3.084947965941787515e+02
9.175000000000000000e+02 3.085022887660364290e+02
9.200000000000000000e+02 3.085097801231262338e+02
9.225000000000000000e+02 3.085172722120477715e+02
9.250000000000000000e+02 3.085247636663721664e+02
9.275000000000000000e+02 3.085322558924013947e+02
9.300000000000000000e+02 3.085397477132607946e+02
9.325000000000000000e+02 3.085472403785773849e+02
9.350000000000000000e+02 3.085547329094608244e+02
9.375000000000000000e+02 3.085622263838011463e+02
9.400000000000000000e+02 3.085697200263492732e+02
9.425000000000000000e+02 3.085772147396876903e+02
9.450000000000000000e+02 3.085847099508554834e+02
9.475000000000000000e+02 3.085922063932291053e+02
9.500000000000000000e+02 3.085997036853059399e+02
9.525000000000000000e+02 3.086072023924434689e+02
9.550000000000000000e+02 3.086147022992239499e+02
9.575000000000000000e+02 3.086222038050472634e+02
9.600000000000000000e+02 3.086297068356620912e+02
9.625000000000000000e+02 3.086372116497429374e+02
9.650000000000000000e+02 3.086447183053201115e+02
9.675000000000000000e+02 3.086522269418225619e+02
9.700000000000000000e+02 3.086597376570383062e+02
9.725000000000000000e+02 3.086672502945067436e+02
9.750000000000000000e+02 3.086747646084128291e+02
9.775000000000000000e+02 3.086822798505464789e+02
9.800000000000000000e+02 3.086897958645719768e+02
9.825000000000000000e+02 3.086973137873770838e+02
9.850000000000000000e+02 3.087048392548879292e+02
9.875000000000000000e+02 3.087123820326225427e+02
9.900000000000000000e+02 3.087199511739958098e+02
9.925000000000000000e+02 3.087275255000535026e+02
9.950000000000000000e+02 3.087349971290436201e+02
9.975000000000000000e+02 3.087420909515075778e+02
1.000000000000000000e+03 3.087483725779148926e+02
