# Xi, RijLong, Xi, RijLat
0.000000000000000000e+00 1.000000000000000000e+00 0.000000000000000000e+00 1.000000000000000000e+00
3.689252771408074061e+00 9.615422689749831830e-01 3.689252771408130016e+00 8.927253259210528036e-01
7.378505542816148122e+00 8.672237918975054249e-01 7.378505542816179208e+00 6.444730519948614900e-01
1.106775831422422129e+01 7.557513234812672787e-01 1.106775831422422840e+01 3.791542991100500526e-01
1.475701108563229624e+01 6.514262879714034504e-01 1.475701108563227848e+01 1.649529155571463901e-01
1.844626385704037119e+01 5.595441097590914126e-01 1.844626385704040672e+01 1.620296859453439209e-02
2.213551662844844259e+01 4.794474080516165082e-01 2.213551662844845680e+01 -7.320160532393811537e-02
2.582476939985651754e+01 4.110874304139935931e-01 2.582476939985650688e+01 -1.182604682916115896e-01
2.951402217126459249e+01 3.526411173061124171e-01 2.951402217126463867e+01 -1.341582478599069039e-01
3.320327494267267099e+01 3.021937961863574440e-01 3.320327494267268520e+01 -1.295017657046903803e-01
3.689252771408074238e+01 2.593984388420278453e-01 3.689252771408073528e+01 -1.115364630036417559e-01
4.058178048548881378e+01 2.232590931619435892e-01 4.058178048548887062e+01 -9.040040075403184272e-02
4.427103325689688518e+01 1.933823046403062851e-01 4.427103325689691360e+01 -7.322275285917562160e-02
4.796028602830495657e+01 1.687908717034384831e-01 4.796028602830496368e+01 -6.056841588594950865e-02
5.164953879971303508e+01 1.477771470209959526e-01 5.164953879971301376e+01 -4.953283400510367224e-02
5.533879157112111358e+01 1.297724872171037991e-01 5.533879157112114910e+01 -3.806514662589634279e-02
5.902804434252918497e+01 1.141839369609866928e-01 5.902804434252919918e+01 -2.806341798285127281e-02
6.271729711393726348e+01 9.989456430173387913e-02 6.271729711393724926e+01 -2.316360485686905224e-02
6.640654988534534198e+01 8.639240046044538435e-02 6.640654988534537040e+01 -2.233631741869884779e-02
7.009580265675340627e+01 7.396514156411997110e-02 7.009580265675343469e+01 -2.013786035360784141e-02
7.378505542816148477e+01 6.321316969373272365e-02 7.378505542816147056e+01 -1.588971208991477729e-02
7.747430819956954906e+01 5.459138530618184992e-02 7.747430819956960590e+01 -1.191692381717226849e-02
8.116356097097762756e+01 4.830977537319901954e-02 8.116356097097765598e+01 -8.190404096619356700e-03
8.485281374238570606e+01 4.396655401450450668e-02 8.485281374238570606e+01 -4.408962958621766813e-03
8.854206651379377035e+01 4.031723351894857948e-02 8.854206651379382720e+01 -1.253089359485872964e-04
9.223131928520186307e+01 3.616955150183853024e-02 9.223131928520189149e+01 3.371671686259748810e-03
9.592057205660991315e+01 3.124941853296453464e-02 9.592057205660992736e+01 3.397474008440098600e-03
9.960982482801800586e+01 2.616424356015658453e-02 9.960982482801797744e+01 1.470561883718584208e-03
1.032990775994260702e+02 2.224674978634176223e-02 1.032990775994260986e+02 -7.382738057766432280e-04
1.069883303708341629e+02 1.974925702208182865e-02 1.069883303708341629e+02 -3.269253637232160444e-03
1.106775831422422272e+02 1.742863781478951740e-02 1.106775831422422129e+02 -6.837792926952801498e-03
1.143668359136503057e+02 1.496114390191044530e-02 1.143668359136503483e+02 -9.783854514830957194e-03
1.180560886850583699e+02 1.230727967603499270e-02 1.180560886850583984e+02 -9.563994816585860703e-03
1.217453414564664342e+02 9.379513278830735323e-03 1.217453414564664342e+02 -7.595458553099248070e-03
1.254345942278745270e+02 7.372761715768019752e-03 1.254345942278745696e+02 -7.115497977201065000e-03
1.291238469992825912e+02 7.393438324620632031e-03 1.291238469992826197e+02 -6.579892495695207483e-03
1.328130997706906840e+02 8.239064639372527948e-03 1.328130997706906840e+02 -4.498135972335534465e-03
1.365023525420987482e+02 8.925504708226134759e-03 1.365023525420987198e+02 -3.999436686334952723e-03
1.401916053135068125e+02 1.016352695235267153e-02 1.401916053135068694e+02 -4.102493145361294641e-03
1.438808580849148768e+02 1.173449863835610875e-02 1.438808580849149052e+02 -3.209339561700045706e-03
1.475701108563229695e+02 1.214637202373096934e-02 1.475701108563229411e+02 -2.427877831356875862e-03
1.512593636277310338e+02 1.227374599317704144e-02 1.512593636277310907e+02 -1.553054026136941029e-03
1.549486163991390981e+02 1.294328921904944023e-02 1.549486163991391265e+02 -1.344061822688994313e-03
1.586378691705471908e+02 1.304625053674744392e-02 1.586378691705471908e+02 -1.793257488966861065e-03
1.623271219419552551e+02 1.201881275358424039e-02 1.623271219419553120e+02 -2.427510822232845523e-03
1.660163747133633478e+02 1.047016939712560463e-02 1.660163747133633478e+02 -3.633264737767513946e-03
1.697056274847714121e+02 8.623824008633904775e-03 1.697056274847714121e+02 -4.414029190901565258e-03
1.733948802561795048e+02 6.741587914138142193e-03 1.733948802561795333e+02 -3.618173119558176429e-03
1.770841330275875407e+02 5.139575484474353390e-03 1.770841330275875691e+02 -1.194925492424656066e-03
1.807733857989956334e+02 3.588789966211836883e-03 1.807733857989956334e+02 1.441007359807829373e-03
1.844626385704037261e+02 2.661064890753984773e-03 1.844626385704036693e+02 3.082683276209297312e-03
1.881518913418117620e+02 2.858278310623254236e-03 1.881518913418118188e+02 6.003462619453499988e-03
1.918411441132198263e+02 3.959974242369975438e-03 1.918411441132198547e+02 1.050884812565344023e-02
1.955303968846279474e+02 5.523629566208185758e-03 1.955303968846279190e+02 1.135089636945530583e-02
1.992196496560360117e+02 6.833920917052940802e-03 1.992196496560360686e+02 8.299323098389261091e-03
2.029089024274440760e+02 7.359309622068363477e-03 2.029089024274440760e+02 5.147020943309356389e-03
2.065981551988521403e+02 6.847516153011761787e-03 2.065981551988521403e+02 4.282677387150731103e-03
2.102874079702602046e+02 6.157823612816542072e-03 2.102874079702602614e+02 4.533129416613563417e-03
2.139766607416683257e+02 6.440339928226616016e-03 2.139766607416683257e+02 3.656044302206157021e-03
2.176659135130763900e+02 7.314315982665639017e-03 2.176659135130763900e+02 1.615071858361316311e-03
2.213551662844844543e+02 8.220792417578663691e-03 2.213551662844844259e+02 -1.037785108801577176e-03
2.250444190558925186e+02 8.724613017042213980e-03 2.250444190558925470e+02 -3.099302549296001873e-03
2.287336718273006113e+02 8.139714633677864672e-03 2.287336718273006113e+02 -4.839072535233097244e-03
2.324229245987086756e+02 5.874027332638933306e-03 2.324229245987086472e+02 -4.776053018915512108e-03
2.361121773701167399e+02 3.008524090008650974e-03 2.361121773701167967e+02 -1.193375409145538187e-03
2.398014301415248042e+02 1.398884678412403056e-03 2.398014301415248326e+02 4.607476022885990084e-03
2.434906829129328685e+02 8.731257635644436473e-04 2.434906829129328685e+02 1.131341982432356591e-02
2.471799356843409896e+02 1.622420611602621671e-05 2.471799356843410180e+02 1.859814296032457140e-02
2.508691884557490539e+02 -1.019632508671520187e-03 2.508691884557490823e+02 2.562175950166785052e-02
2.545584412271571182e+02 -6.815451374215111087e-04 2.545584412271571182e+02 2.922334364870524462e-02
2.582476939985651825e+02 6.843199876714530514e-04 2.582476939985652393e+02 2.878076885195337761e-02
2.619369467699733036e+02 1.809152600830940842e-03 2.619369467699733036e+02 2.579686144621680388e-02
2.656261995413813679e+02 2.562399783739700235e-03 2.656261995413813679e+02 2.178469268676803960e-02
2.693154523127894322e+02 3.056918075916326659e-03 2.693154523127893754e+02 1.681155558060576719e-02
2.730047050841974965e+02 3.531507021496869091e-03 2.730047050841974965e+02 1.061749020318231845e-02
2.766939578556055608e+02 3.608619819426827149e-03 2.766939578556055608e+02 4.059161712236442066e-03
2.803832106270136251e+02 2.275924876111638448e-03 2.803832106270136251e+02 -1.226140817975562413e-03
2.840724633984216894e+02 -5.312952728894156963e-04 2.840724633984217462e+02 -2.594210423688016534e-03
2.877617161698297537e+02 -3.347344175165813205e-03 2.877617161698298105e+02 7.171599571998420490e-04
2.914509689412378179e+02 -4.469804146693807240e-03 2.914509689412378748e+02 4.097975226466970405e-03
2.951402217126459391e+02 -4.584350171089254800e-03 2.951402217126459391e+02 4.231831229568465934e-03
2.988294744840540034e+02 -5.475636374830200603e-03 2.988294744840540034e+02 4.495328508504260225e-03
3.025187272554620677e+02 -6.608271295118650634e-03 3.025187272554620677e+02 5.477029501071502444e-03
3.062079800268701320e+02 -7.110245857319476108e-03 3.062079800268701888e+02 4.417929618668419572e-03
3.098972327982781962e+02 -7.231562379542078728e-03 3.098972327982782531e+02 1.487553408144669936e-03
3.135864855696863174e+02 -7.382671917618197077e-03 3.135864855696863174e+02 -1.592434200669418792e-03
3.172757383410943817e+02 -7.264594797251581679e-03 3.172757383410943817e+02 -3.748006123164553983e-03
3.209649911125024460e+02 -6.125512016180733460e-03 3.209649911125024460e+02 -5.124223501403747313e-03
3.246542438839105102e+02 -4.678771523228601042e-03 3.246542438839105671e+02 -6.644412168809532906e-03
3.283434966553185745e+02 -4.209203915215710412e-03 3.283434966553185745e+02 -8.443718506164245297e-03
3.320327494267266957e+02 -4.832149526652089987e-03 3.320327494267266957e+02 -9.273028958006702613e-03
3.357220021981347600e+02 -5.677880291703853513e-03 3.357220021981347600e+02 -7.957390202630271886e-03
3.394112549695428243e+02 -6.439941739005184546e-03 3.394112549695428243e+02 -4.477119645932617180e-03
3.431005077409508885e+02 -7.020347887675696535e-03 3.431005077409508885e+02 -3.201508492736057621e-04
3.467897605123590097e+02 -7.211822297758447783e-03 3.467897605123590097e+02 3.752560009178966018e-03
3.504790132837670740e+02 -7.967400823998087994e-03 3.504790132837670740e+02 6.587174094471089265e-03
3.541682660551750814e+02 -9.187390534403892806e-03 3.541682660551751383e+02 5.580740092377745043e-03
3.578575188265832026e+02 -9.825783512018047144e-03 3.578575188265832026e+02 1.132502691569201286e-03
3.615467715979912668e+02 -9.639152824745055026e-03 3.615467715979912668e+02 -3.013292178007756852e-03
3.652360243693992743e+02 -8.619129246126896321e-03 3.652360243693993311e+02 -4.121322566106660860e-03
3.689252771408074523e+02 -6.773040140731803951e-03 3.689252771408074523e+02 -4.660963260563548774e-03
3.726145299122155166e+02 -4.139769036813703736e-03 3.726145299122155166e+02 -6.484565326570376938e-03
3.763037826836235240e+02 -2.472128942748108831e-03 3.763037826836235809e+02 -7.672191932951246719e-03
3.799930354550316451e+02 -2.663288747567175464e-03 3.799930354550316451e+02 -7.228049897290898113e-03
3.836822882264396526e+02 -3.312946013435831647e-03 3.836822882264397094e+02 -4.642209924435176417e-03
3.873715409978477737e+02 -4.443596113833190447e-03 3.873715409978477737e+02 -1.617245978256262682e-03
3.910607937692558949e+02 -6.508754987742166112e-03 3.910607937692558949e+02 1.277731283506772795e-03
3.947500465406639023e+02 -8.165640638402639831e-03 3.947500465406639591e+02 4.708550085322314900e-03
3.984392993120720234e+02 -7.893504184954809252e-03 3.984392993120720234e+02 6.048725513244659034e-03
4.021285520834800309e+02 -6.476285224372704472e-03 4.021285520834800877e+02 1.905621982197370232e-03
