# z, uu, uv, uw, vv, vw, ww, tke
0.000000000000000000e+00 1.183518369037485363e-01 7.096369525783906285e-02 -9.269630273989548988e-03 1.220414132021663961e-01 -9.342269776496461148e-03 1.121452277312955971e-02 1.258038864395222556e-01
2.500000000000000000e+00 1.176413286385190188e-01 7.375664081808187833e-02 -1.050758893864908207e-02 1.219253966622714652e-01 -1.058424815347695086e-02 9.739859066223493719e-03 1.246532921835069863e-01
5.000000000000000000e+00 1.190938997614674477e-01 6.987159128886970272e-02 -1.589592092187259997e-02 1.197847815738284083e-01 -1.543107510758906682e-02 1.767729240787747902e-02 1.282779868715866745e-01
7.500000000000000000e+00 1.065304392935099709e-01 5.905044999177652687e-02 -1.653230762298166234e-02 1.052102015557055265e-01 -1.556958454669426020e-02 2.196829076104541562e-02 1.168544658051304669e-01
1.000000000000000000e+01 9.770709237934163682e-02 5.117065719910435934e-02 -1.707935121826450672e-02 9.490972333762427715e-02 -1.552763077986147808e-02 2.324183461647276114e-02 1.079293251667193393e-01
1.250000000000000000e+01 9.078247561559808776e-02 4.534368101740510193e-02 -1.698489924378704038e-02 8.676313104016067368e-02 -1.496900929052506421e-02 2.375114395364678888e-02 1.006483753047027752e-01
1.500000000000000000e+01 8.567306776804539670e-02 4.092662444638948960e-02 -1.695591911183629702e-02 8.032294413341796446e-02 -1.448103616373820450e-02 2.381470923722419503e-02 9.490536056934377462e-02
1.750000000000000000e+01 8.181684288815982420e-02 3.793716835289705214e-02 -1.671132089534104609e-02 7.549652996076480771e-02 -1.385851505513177422e-02 2.352936677029274573e-02 9.042136980960868708e-02
2.000000000000000000e+01 7.874213803962387681e-02 3.558221859920897984e-02 -1.653621236614571596e-02 7.154819962467595662e-02 -1.328977517309591454e-02 2.326411268861774267e-02 8.677722517645879152e-02
2.250000000000000000e+01 7.644061204058097414e-02 3.369759876354303657e-02 -1.628939757523292786e-02 6.859892536488490511e-02 -1.270534355202412174e-02 2.279953034722332836e-02 8.391953387634459860e-02
2.500000000000000000e+01 7.400703565954919183e-02 3.181773037318268854e-02 -1.604526804829344011e-02 6.574282393387240186e-02 -1.216183246979922125e-02 2.246835292620314936e-02 8.110910625981236632e-02
2.750000000000000000e+01 7.252081399702065001e-02 3.054702248564431996e-02 -1.578074181757151834e-02 6.321946298587395596e-02 -1.158059273676247808e-02 2.198283104894638990e-02 7.886155401592048753e-02
3.000000000000000000e+01 7.073149960240425471e-02 2.917963574102023366e-02 -1.553942068825778927e-02 6.061324603886476814e-02 -1.108719336223750775e-02 2.166942506809717284e-02 7.650708535468309091e-02
3.250000000000000000e+01 6.936393473720864344e-02 2.804839913956751543e-02 -1.524316965072856390e-02 5.852614056183361863e-02 -1.054082366069282635e-02 2.117305578637675503e-02 7.453156554270951029e-02
3.500000000000000000e+01 6.802017067136423289e-02 2.695726134440919533e-02 -1.497621005571225100e-02 5.637827847445513185e-02 -1.007872110258615540e-02 2.080355327358361303e-02 7.260100120970149062e-02
3.750000000000000000e+01 6.721522215070005468e-02 2.611387169211691617e-02 -1.466679250912465531e-02 5.455855708716678826e-02 -9.583154222051862986e-03 2.030092602512630420e-02 7.103735263149657531e-02
4.000000000000000000e+01 6.597426254876792573e-02 2.530140824112759451e-02 -1.440768142424601883e-02 5.289424033575857581e-02 -9.155380661580838145e-03 1.991117018739697181e-02 6.938983653596172974e-02
4.250000000000000000e+01 6.482877223054561711e-02 2.444405265219055934e-02 -1.409281297303397948e-02 5.111540208305852956e-02 -8.695469151049368267e-03 1.941282212555810877e-02 6.767849821958113465e-02
4.500000000000000000e+01 6.379609278188233534e-02 2.374462043885483889e-02 -1.380874088418788427e-02 4.941502052756972796e-02 -8.262368521609237543e-03 1.897761657909526056e-02 6.609436494427366193e-02
4.750000000000000000e+01 6.283809584369592915e-02 2.310570144743661139e-02 -1.351051963350553137e-02 4.788816919439682629e-02 -7.854329842120946065e-03 1.851410909598696225e-02 6.462018706703985538e-02
5.000000000000000000e+01 6.183732522981970348e-02 2.230874499475790293e-02 -1.321095254845456451e-02 4.629070149937064560e-02 -7.451606399498985484e-03 1.810036825505228000e-02 6.311419749212131280e-02
5.250000000000000000e+01 6.090199046719341203e-02 2.170693802896682401e-02 -1.292344337902030273e-02 4.505933720157858507e-02 -7.074052805806465768e-03 1.765905242283201046e-02 6.181019004580200898e-02
5.500000000000000000e+01 6.005899534126139805e-02 2.101755077632588148e-02 -1.260598232716685606e-02 4.376945522142432904e-02 -6.687934867671841907e-03 1.724890085516622013e-02 6.053867570892597361e-02
5.750000000000000000e+01 5.910002035394430059e-02 2.020484682976699323e-02 -1.231429278119257689e-02 4.230293264028628375e-02 -6.344030278529134287e-03 1.681907973121770858e-02 5.911101636272414472e-02
6.000000000000000000e+01 5.834046311752189712e-02 1.943714364610615170e-02 -1.203194747641285305e-02 4.090339931607554769e-02 -6.009091850271057814e-03 1.643543671464200648e-02 5.783964957411973085e-02
6.250000000000000000e+01 5.748821464317038776e-02 1.859228974333723000e-02 -1.172591398962766554e-02 3.947297162703252565e-02 -5.675112911831506519e-03 1.602104517123811162e-02 5.649111572072051946e-02
6.500000000000000000e+01 5.646957038596135681e-02 1.788702861180540074e-02 -1.142743544217312071e-02 3.810336036804898990e-02 -5.355745689111728047e-03 1.562657735050576938e-02 5.509975405225805978e-02
6.750000000000000000e+01 5.529900741768562639e-02 1.713154988704830919e-02 -1.112802312003073960e-02 3.676117946407159165e-02 -5.055343702313204457e-03 1.522096962269720195e-02 5.364057825222720566e-02
7.000000000000000000e+01 5.441186073486618813e-02 1.662827208839241788e-02 -1.081809255956177503e-02 3.561999006706113857e-02 -4.774647236299145101e-03 1.480966680789434602e-02 5.242075880491083723e-02
7.250000000000000000e+01 5.319799913338093406e-02 1.590985827818581014e-02 -1.052636458420624054e-02 3.448583564963643433e-02 -4.487204535719303833e-03 1.438762716968888800e-02 5.103573097635312472e-02
7.500000000000000000e+01 5.193104121202017642e-02 1.525838794908073587e-02 -1.021965871898823826e-02 3.351909859750078213e-02 -4.241365310784259851e-03 1.398333835660658421e-02 4.971673908306377399e-02
7.750000000000000000e+01 5.088561064543571655e-02 1.484178939348268327e-02 -9.922089987562301289e-03 3.247209771867325123e-02 -3.979847881068826303e-03 1.356748507394196779e-02 4.846259671902546778e-02
8.000000000000000000e+01 4.992747503752783395e-02 1.442829836556128176e-02 -9.630306601652956558e-03 3.133819066980209761e-02 -3.740172162635104977e-03 1.317925475759155682e-02 4.722246023246074592e-02
8.250000000000000000e+01 4.877905636777906534e-02 1.394413020048095378e-02 -9.336447414614260781e-03 3.022057450917664534e-02 -3.512413341487835225e-03 1.280867783090242421e-02 4.590415435392906918e-02
8.500000000000000000e+01 4.756444310789106206e-02 1.352398961999764018e-02 -9.043528777674756519e-03 2.921647599223057418e-02 -3.282285016093941087e-03 1.244660048999176628e-02 4.461375979505670386e-02
8.750000000000000000e+01 4.648639163181101513e-02 1.290280220748426382e-02 -8.776565991036251388e-03 2.811897503869460052e-02 -3.084047127778067991e-03 1.210054584175447416e-02 4.335295625613004578e-02
9.000000000000000000e+01 4.539961764607222672e-02 1.226800674825222898e-02 -8.506068249215459343e-03 2.715068492282903673e-02 -2.886470065005647921e-03 1.177363869365854153e-02 4.216197063127990335e-02
9.250000000000000000e+01 4.430950773418340649e-02 1.175471564287248680e-02 -8.252172342497416171e-03 2.621149614838967287e-02 -2.704310221509206510e-03 1.140440177891217065e-02 4.096270283074262414e-02
9.500000000000000000e+01 4.328570382089332036e-02 1.120131191182798490e-02 -7.986351315536058260e-03 2.526830118681051493e-02 -2.521636324898293875e-03 1.106528684108913294e-02 3.980964592439648758e-02
9.750000000000000000e+01 4.235335494782110216e-02 1.066816622025916657e-02 -7.736922048864727612e-03 2.439235857670808347e-02 -2.360394255162038667e-03 1.071969537020299804e-02 3.873270444736608836e-02
1.000000000000000000e+02 4.144057205771785324e-02 1.010354095508067367e-02 -7.473972633027918012e-03 2.358505860375475008e-02 -2.193265696581114203e-03 1.038357946589713032e-02 3.770460506368486508e-02
1.025000000000000000e+02 4.067597972592935235e-02 9.494744492388183452e-03 -7.232873823355710774e-03 2.286978915077229196e-02 -2.037822847787814241e-03 1.005590522765407828e-02 3.680083705217786216e-02
1.050000000000000000e+02 3.984761657956324699e-02 8.965758643019147364e-03 -6.986226781094450299e-03 2.209007888239033698e-02 -1.894084137186391025e-03 9.750890306843121996e-03 3.584429288439835298e-02
1.075000000000000000e+02 3.902719328850950964e-02 8.440767329159250265e-03 -6.738970392127020467e-03 2.125926793710673085e-02 -1.746362371660834054e-03 9.438390905763708455e-03 3.486242606568997621e-02
1.100000000000000000e+02 3.823512839530403273e-02 7.901278424477001586e-03 -6.492676675933997318e-03 2.040579766313975821e-02 -1.606325119724608943e-03 9.141148560975472653e-03 3.389103730970963180e-02
1.125000000000000000e+02 3.720885296775704870e-02 7.371189396275659202e-03 -6.268606361128941339e-03 1.953456921478853581e-02 -1.486958689131519023e-03 8.843255512369288876e-03 3.279333884745743583e-02
1.150000000000000000e+02 3.619252380896581522e-02 6.927291879386433815e-03 -6.039390667175162722e-03 1.886095734634038110e-02 -1.355786172395405777e-03 8.565654565777335375e-03 3.180956786054176672e-02
1.175000000000000000e+02 3.529471056629211734e-02 6.610002331831868645e-03 -5.826044616909261363e-03 1.823381685079377909e-02 -1.250686873101121768e-03 8.292273181165616541e-03 3.091040029912575648e-02
1.200000000000000000e+02 3.434152489771006428e-02 6.240591447797869291e-03 -5.611064761428377623e-03 1.759195615018380524e-02 -1.140535406875405793e-03 8.032679861019999257e-03 2.998308045445693612e-02
1.225000000000000000e+02 3.338322898657947180e-02 5.799042965476339413e-03 -5.405053352934609430e-03 1.687057221214358776e-02 -1.034079687437293102e-03 7.785454149192200073e-03 2.901962767395762852e-02
1.250000000000000000e+02 3.241590346534885952e-02 5.377462303722257801e-03 -5.201369970780184496e-03 1.610680228220149821e-02 -9.385511928590834461e-04 7.530247030314403227e-03 2.802647638893237744e-02
1.275000000000000000e+02 3.147555328452657925e-02 4.999237218532890693e-03 -5.015040970511574873e-03 1.550197975777563124e-02 -8.498705075068838143e-04 7.287230600345518533e-03 2.713238182132386711e-02
1.300000000000000000e+02 3.059038959796315724e-02 4.677871557408013088e-03 -4.825418333247580294e-03 1.494205879985284480e-02 -7.629275419081983775e-04 7.051796347536381550e-03 2.629212237267619309e-02
1.325000000000000000e+02 2.980858286015440964e-02 4.437491701003878214e-03 -4.649148121228050684e-03 1.447693407948397876e-02 -6.852297804321284087e-04 6.835755826711481173e-03 2.556063638317493739e-02
1.350000000000000000e+02 2.912621514547546198e-02 4.241574743941337045e-03 -4.463103414722005384e-03 1.405912113080440284e-02 -6.107545257803901739e-04 6.625845080845587168e-03 2.490559067856272513e-02
1.375000000000000000e+02 2.844314440706434063e-02 4.029450348046728983e-03 -4.292748004944104898e-03 1.362375502960565428e-02 -5.414078736013214254e-04 6.427804889755394865e-03 2.424735216321269662e-02
1.400000000000000000e+02 2.768634040356187861e-02 3.734801836536972338e-03 -4.127896591616804847e-03 1.314590462630726812e-02 -4.755394374627710066e-04 6.229095214245822937e-03 2.353067012205748570e-02
1.425000000000000000e+02 2.689547519357350300e-02 3.455413864754624306e-03 -3.967651281785624338e-03 1.265017017819585442e-02 -4.143823061812307914e-04 6.019693408397303394e-03 2.278266939008332867e-02
1.450000000000000000e+02 2.612761869777679991e-02 3.238304415616738950e-03 -3.819088334866159104e-03 1.217301658383313293e-02 -3.619169714191931820e-04 5.827568092597517312e-03 2.206410168710372377e-02
1.475000000000000000e+02 2.521012664655299801e-02 3.039292903362415550e-03 -3.668813084169102613e-03 1.180752644338421177e-02 -3.108277018570218932e-04 5.622011681266690306e-03 2.131983238560195004e-02
1.500000000000000000e+02 2.441061449201102976e-02 2.825656408588225494e-03 -3.528167959973124452e-03 1.139560208274703265e-02 -2.683441916151739818e-04 5.420585648849497035e-03 2.061340111180377799e-02
1.525000000000000000e+02 2.367368252485300278e-02 2.639399971370992928e-03 -3.382453246709331892e-03 1.093981455015722096e-02 -2.204091411979303247e-04 5.219437957263429496e-03 1.991646751613682792e-02
1.550000000000000000e+02 2.283602835580279475e-02 2.364931388912871330e-03 -3.243285459862586644e-03 1.055280561847965655e-02 -1.806679081839626818e-04 5.033746568726358943e-03 1.921129027150440469e-02
1.575000000000000000e+02 2.197454921605357728e-02 2.125264357688965225e-03 -3.109413874590178165e-03 1.019806315163798022e-02 -1.451299905769537957e-04 4.850827082709808016e-03 1.851171972520068362e-02
1.600000000000000000e+02 2.112188939405598362e-02 1.935504258518643342e-03 -2.974418387414583427e-03 9.831566124041976260e-03 -1.093717663327809176e-04 4.668611354730906569e-03 1.781103343641443279e-02
1.625000000000000000e+02 2.032038675282642551e-02 1.770886341788363832e-03 -2.839940058448672550e-03 9.463305788425184495e-03 -7.945480087308543469e-05 4.470600262364585707e-03 1.712714640180809655e-02
1.650000000000000000e+02 1.950575822374169682e-02 1.633113545387301566e-03 -2.708928205211075333e-03 9.026143318561627091e-03 -5.371545634235380770e-05 4.288587182077692288e-03 1.641024436219050767e-02
1.675000000000000000e+02 1.869683862869916946e-02 1.474047928453034104e-03 -2.582194315991546626e-03 8.568333589274607434e-03 -3.063623466169508721e-05 4.097769691998626174e-03 1.568147095498620067e-02
1.700000000000000000e+02 1.783971454090173617e-02 1.296326733930201758e-03 -2.455996732000427507e-03 8.192772390813346170e-03 -1.109014558454225366e-05 3.931608222669698283e-03 1.498204757719238944e-02
1.725000000000000000e+02 1.720789093707399131e-02 1.159225298525062148e-03 -2.335414338478035597e-03 7.842387322822183190e-03 1.086489894873367192e-05 3.773293293209507501e-03 1.441178577655284274e-02
1.750000000000000000e+02 1.661971684514031156e-02 1.038750122142323993e-03 -2.217288252381948658e-03 7.523683526239118881e-03 2.680598385438876161e-05 3.628323752706394748e-03 1.388586206204291129e-02
1.775000000000000000e+02 1.601969224607939155e-02 9.500048099408643296e-04 -2.105485837444236175e-03 7.251953183317393602e-03 4.423243705292166455e-05 3.492414412397168173e-03 1.338202992089697688e-02
1.800000000000000000e+02 1.538618143030321024e-02 8.582551848378046095e-04 -1.986421697577773256e-03 6.967813904734425183e-03 6.163883756089204259e-05 3.363141486330105141e-03 1.285856841068386963e-02
1.825000000000000000e+02 1.473313824205486205e-02 7.938344537694086477e-04 -1.880015904645727107e-03 6.670638523721801605e-03 7.563079179955831219e-05 3.239699030410646188e-03 1.232173789809365427e-02
1.850000000000000000e+02 1.410114740483667771e-02 7.455439887738946709e-04 -1.779670078560085860e-03 6.364503978603172109e-03 8.769884017949289930e-05 3.120697152945873815e-03 1.179317426819286203e-02
1.875000000000000000e+02 1.344899462518748569e-02 6.972496433978384164e-04 -1.683120564563121051e-03 6.034809814861233530e-03 9.363421463879471212e-05 2.999289557731906267e-03 1.124154699889031231e-02
1.900000000000000000e+02 1.279111536938699716e-02 6.732541932901354997e-04 -1.589988815616600378e-03 5.758518051851617414e-03 1.018566999365158599e-04 2.889690537534514610e-03 1.071966197938656502e-02
1.925000000000000000e+02 1.218901347043147530e-02 6.398093540456382651e-04 -1.498217812068056067e-03 5.454402313925169402e-03 1.053429886517784272e-04 2.775403692999567091e-03 1.020940973867810568e-02
1.950000000000000000e+02 1.162075022918993353e-02 6.100173256401405283e-04 -1.412384876907151312e-03 5.187441769269039195e-03 1.087087897675106159e-04 2.664813634399057409e-03 9.736502816429013982e-03
1.975000000000000000e+02 1.114206425252281356e-02 5.647246121383771604e-04 -1.328979644224104282e-03 4.948451771915563999e-03 1.104300416327031153e-04 2.552339987567767837e-03 9.321428006003072697e-03
2.000000000000000000e+02 1.059730792071397754e-02 4.497080720258799956e-04 -1.251264305616388729e-03 4.695697655042557067e-03 1.102793637438884497e-04 2.440431379434019644e-03 8.866718477595276690e-03
2.025000000000000000e+02 1.004572974874280364e-02 3.679221835476632527e-04 -1.173499360854732970e-03 4.458824044749743094e-03 1.092705229719973480e-04 2.327583584117775238e-03 8.416068688805160986e-03
2.050000000000000000e+02 9.542759819927870008e-03 2.973650989381402968e-04 -1.100899576344899775e-03 4.221777099304734049e-03 1.085266231002655142e-04 2.217686694503281670e-03 7.991111806867942646e-03
2.075000000000000000e+02 9.105923548627338146e-03 2.631008949018936354e-04 -1.028040401513746543e-03 3.994760244003929886e-03 1.078445376988896107e-04 2.109173908685981706e-03 7.604928850658624652e-03
2.100000000000000000e+02 8.677050431552332452e-03 2.303849528995390418e-04 -9.614437904815803428e-04 3.776383026200285341e-03 1.059218960463789049e-04 2.005660834806600405e-03 7.229547146279608448e-03
2.125000000000000000e+02 8.273044899325225632e-03 1.904150333353145288e-04 -8.937980443363549099e-04 3.611186596480178788e-03 1.026011161502457688e-04 1.907105854103593708e-03 6.895668674954499172e-03
2.150000000000000000e+02 7.839165493044650615e-03 1.196731566775804462e-04 -8.346709761243559624e-04 3.404062986703131326e-03 9.823040371587743274e-05 1.811587047875118286e-03 6.527407763811450547e-03
2.175000000000000000e+02 7.415874516083849517e-03 6.848398664689247064e-05 -7.714556120940397254e-04 3.207469202087759406e-03 9.512679907496504768e-05 1.712653042867245956e-03 6.167998380519427656e-03
2.200000000000000000e+02 7.006654841930013734e-03 1.096484327880269343e-05 -7.160504969532291951e-04 2.966616778153692568e-03 9.164081851778405215e-05 1.622740725525848504e-03 5.798006172804777078e-03
2.225000000000000000e+02 6.539492335854533468e-03 -4.424443852512901598e-05 -6.555671042451859630e-04 2.756735879864280134e-03 8.728388661290185436e-05 1.532499057838287862e-03 5.414363636778551057e-03
2.250000000000000000e+02 6.071659211856407501e-03 -8.101435415888214638e-05 -6.020489560603866676e-04 2.589001745372355046e-03 8.303065305383767417e-05 1.449365982223572644e-03 5.055013469726167379e-03
2.275000000000000000e+02 5.612914875720721730e-03 -1.222908744664956578e-04 -5.494647326337219690e-04 2.402761250754865442e-03 7.649400262135678879e-05 1.366119577789384970e-03 4.690897852132485529e-03
2.300000000000000000e+02 5.169894483099798412e-03 -1.529935291015166725e-04 -5.042639446382308306e-04 2.220288776185031562e-03 6.970432275486366993e-05 1.288732493586719789e-03 4.339457876435774339e-03
2.325000000000000000e+02 4.772589478737659582e-03 -1.523916422896908732e-04 -4.556635272571295898e-04 2.044308273992362975e-03 6.411235741208527815e-05 1.213394615104711541e-03 4.015146183917367266e-03
2.350000000000000000e+02 4.383416376667317350e-03 -1.600059826219847397e-04 -4.115485633952217217e-04 1.874015749520639923e-03 5.795810840839328836e-05 1.144366998199498713e-03 3.700899562193727885e-03
2.375000000000000000e+02 4.037131873043385208e-03 -1.514806883432800327e-04 -3.673320790341361684e-04 1.723709917937305729e-03 5.115903940975828954e-05 1.078149650548160298e-03 3.419495720764425400e-03
2.400000000000000000e+02 3.727230091986622092e-03 -1.411399106977170045e-04 -3.258759740099955349e-04 1.564947686198046211e-03 4.439123708011882445e-05 1.019984168842134973e-03 3.156080973513401312e-03
2.425000000000000000e+02 3.439926138112811387e-03 -1.415619407946055314e-04 -2.871882628826718641e-04 1.428283544336527702e-03 3.852138800429876745e-05 9.617297207455144121e-04 2.914969701597426750e-03
2.450000000000000000e+02 3.213653048100618016e-03 -1.432454478575818457e-04 -2.514260435784195337e-04 1.290524854229958178e-03 3.260918392838859118e-05 9.096040638251817398e-04 2.706890983077879075e-03
2.475000000000000000e+02 2.994710947078457145e-03 -1.429575359962959925e-04 -2.192557107092600935e-04 1.149600933266599389e-03 2.660975596894450283e-05 8.578795735238524097e-04 2.501095726934454526e-03
2.500000000000000000e+02 2.780657655688155861e-03 -1.409825243668038296e-04 -1.879305533864826321e-04 1.017886189014651117e-03 2.188778061875596472e-05 8.114377411814950071e-04 2.304990792942150993e-03
2.525000000000000000e+02 2.567037015636200979e-03 -1.322738186334557003e-04 -1.601343069132337143e-04 8.972377395978540452e-04 1.685995261015200110e-05 7.663971197915457568e-04 2.115335937512800336e-03
2.550000000000000000e+02 2.329752106221038947e-03 -1.206339049357782982e-04 -1.333161834265713991e-04 7.932247050387831403e-04 1.378061587297233433e-05 7.236815285989782812e-04 1.923329169929400076e-03
2.575000000000000000e+02 2.089865866388886193e-03 -1.044402664877069924e-04 -1.085617766899784112e-04 6.884904510863237197e-04 1.061226596240584906e-05 6.812246833752261125e-04 1.729790500425217904e-03
2.600000000000000000e+02 1.798941924533175793e-03 -8.700717777015547780e-05 -8.686421260066065522e-05 5.935172985707336778e-04 8.578243124337558333e-06 6.419973892807089586e-04 1.517228306192309160e-03
2.625000000000000000e+02 1.503708678170779167e-03 -6.920384682989674113e-05 -6.885931735084972684e-05 5.122088424407143011e-04 6.620896420502485922e-06 6.041021461936856539e-04 1.310009833402589561e-03
2.650000000000000000e+02 1.253383731764766027e-03 -4.973827312530709700e-05 -5.322293716017819547e-05 4.422937086200195034e-04 5.030619269769283025e-06 5.680585824601218836e-04 1.131868011422453761e-03
2.675000000000000000e+02 1.043362064224725300e-03 -2.812972813525974636e-05 -4.042407252382545070e-05 3.830839968942455838e-04 4.257285342950121375e-06 5.326509521782933155e-04 9.795485066486321266e-04
2.700000000000000000e+02 8.674953749781044764e-04 -8.878090555314278347e-06 -2.995823342005765610e-05 3.347015840594321856e-04 3.804186636266662647e-06 4.987550503860460616e-04 8.504760047117913618e-04
2.725000000000000000e+02 7.238649998621422528e-04 3.723296134321806610e-06 -2.182127932723956448e-05 2.951830614813310085e-04 3.709438378787969864e-06 4.654873032416683722e-04 7.422676822925708710e-04
2.750000000000000000e+02 6.080541954147841970e-04 1.072785123023314892e-05 -1.516835206265560379e-05 2.642243473288050093e-04 3.888149938737951811e-06 4.336343979913756573e-04 6.529564703674824860e-04
2.775000000000000000e+02 5.199195717823456263e-04 1.226340700564708328e-05 -1.045270276305597433e-05 2.420921229967600333e-04 4.000228537792371278e-06 4.026041786242157161e-04 5.823079367016606878e-04
2.800000000000000000e+02 4.521627880529314352e-04 1.127239915156127691e-05 -7.001260375541086484e-06 2.255393914893373368e-04 4.315517837991163043e-06 3.734844493600901981e-04 5.255933144511794851e-04
2.825000000000000000e+02 3.998738630265254320e-04 1.103320670083269844e-05 -4.747804094744953107e-06 2.122507958052282295e-04 4.393106532620264335e-06 3.454685950656697876e-04 4.787966269487116703e-04
2.850000000000000000e+02 3.607106094140488271e-04 9.983997236248877939e-06 -3.463031696324777756e-06 1.990467966898828794e-04 4.307330516115787270e-06 3.200615988661693390e-04 4.399095024850504685e-04
2.875000000000000000e+02 3.270295789509796076e-04 8.070319799589930474e-06 -2.784524709551768205e-06 1.869338719974649788e-04 4.012612260245136763e-06 2.965026780117345669e-04 4.052330644800895766e-04
2.900000000000000000e+02 2.996133137953762996e-04 6.825784606987605899e-06 -2.638372610555174165e-06 1.768704114670978942e-04 3.590278743730579289e-06 2.758016981164129289e-04 3.761427116894435884e-04
2.925000000000000000e+02 2.762927835839334469e-04 4.690399223902649401e-06 -2.574183324780404409e-06 1.676624851536804217e-04 2.997153404674340116e-06 2.570534210467351633e-04 3.505043448921745159e-04
2.950000000000000000e+02 2.576065242501725835e-04 3.649076648776185338e-06 -3.024862090685347440e-06 1.601077504740272865e-04 2.166914412948832473e-06 2.406080856075084522e-04 3.291611801658541475e-04
2.975000000000000000e+02 2.400121760327667106e-04 3.892489183277185435e-06 -3.425594277916159903e-06 1.546416541099942632e-04 1.392197460168692842e-06 2.256283908500467063e-04 3.101411104964038536e-04
3.000000000000000000e+02 2.249467021188104768e-04 3.394816137316145807e-06 -3.933263581417218807e-06 1.496020517281406597e-04 7.231621348494273873e-07 2.122539207374912707e-04 2.934013372922212172e-04
3.025000000000000000e+02 2.120595959735361842e-04 3.006708119085020364e-06 -4.266372684872868241e-06 1.453564326976923961e-04 3.176982134242649021e-07 1.999382850185836677e-04 2.786771568449061104e-04
3.050000000000000000e+02 2.014428912026684391e-04 3.239866635525504623e-06 -4.527027164166111514e-06 1.400645655473237812e-04 1.022873933630520367e-07 1.888275709746144312e-04 2.651675138623033122e-04
3.075000000000000000e+02 1.934038505712541137e-04 2.999122479727507834e-06 -4.597905634488945911e-06 1.337519353039560164e-04 1.945353630546257449e-07 1.785584887346039961e-04 2.528571373049070766e-04
3.100000000000000000e+02 1.851661351581469176e-04 3.171047283451192323e-06 -4.704332640778350255e-06 1.270405719047009818e-04 3.215934361393877748e-07 1.692597716762043005e-04 2.407332393695261271e-04
3.125000000000000000e+02 1.767533565115389927e-04 2.178704545243612040e-06 -4.918308412306946539e-06 1.221493854417530036e-04 5.055764744342600005e-07 1.607465105761244793e-04 2.298246262647082243e-04
3.150000000000000000e+02 1.680785838102247720e-04 1.366941793823165546e-06 -5.200732191851954649e-06 1.176859651323113596e-04 5.829603206784022628e-07 1.529517112653191232e-04 2.193581301039276409e-04
3.175000000000000000e+02 1.597209177059107435e-04 -7.074790691938682563e-07 -5.469197133890169537e-06 1.140258857042543168e-04 6.376040107582256518e-07 1.457345068362848666e-04 2.097406551232249635e-04
3.200000000000000000e+02 1.522651870561200847e-04 -1.967806022720495607e-06 -5.523059978317145214e-06 1.103716096051576308e-04 6.287260510315067282e-07 1.388397578979829827e-04 2.007382772796303559e-04
3.225000000000000000e+02 1.458943780114446925e-04 -2.430269910440383183e-06 -5.514286671069243581e-06 1.075979730996194991e-04 5.269800592339227334e-07 1.326624544514676935e-04 1.930774027812659358e-04
3.250000000000000000e+02 1.403391790828939533e-04 -2.158861317290854130e-06 -5.465537789768969739e-06 1.069602111696535467e-04 5.314576670641820983e-07 1.270317007593916464e-04 1.871655455059695664e-04
3.275000000000000000e+02 1.354486370913802562e-04 -1.187947937977579386e-06 -4.767958003749901286e-06 1.066743476206360411e-04 3.373123387670310081e-07 1.221283127337542511e-04 1.821256487228852742e-04
3.300000000000000000e+02 1.305944574631607397e-04 -6.861624646490169623e-07 -3.933455457203392307e-06 1.059733362527222366e-04 2.822232986532019454e-07 1.174988400920246783e-04 1.770333169039538137e-04
3.325000000000000000e+02 1.271200314423463285e-04 -1.341541718660115771e-06 -2.770370409214732910e-06 1.050182411232920176e-04 -1.336581439961961184e-07 1.134873610388400795e-04 1.728128168022392331e-04
3.350000000000000000e+02 1.242380935176071633e-04 -3.399724493640596669e-06 -1.844323700013860492e-06 1.030547177731301638e-04 -6.822658528685971574e-07 1.094983887484511555e-04 1.683956000195942345e-04
3.375000000000000000e+02 1.224560488556439579e-04 -7.072520405428683220e-06 -7.608738806311819557e-07 1.007191644891094220e-04 -1.479074726257413908e-06 1.059804393144603914e-04 1.645778263296068789e-04
3.400000000000000000e+02 1.182611631361780264e-04 -9.559827148571322186e-06 9.358721462783745502e-08 9.909077501877326720e-05 -2.303579373411026430e-06 1.025418918240433993e-04 1.599469149894973668e-04
3.425000000000000000e+02 1.151294460250008026e-04 -1.090608870245381099e-05 1.493281307823540930e-06 9.826781157342730352e-05 -3.140197983582669739e-06 9.959764363816137934e-05 1.564974506182947292e-04
3.450000000000000000e+02 1.112635632934318863e-04 -1.129097358316669055e-05 2.193815960874554685e-06 9.798582215501215197e-05 -4.068448870446395167e-06 9.648758563645373277e-05 1.528684855424488991e-04
3.475000000000000000e+02 1.074794172295288994e-04 -1.200957094708908408e-05 3.242385083706037394e-06 9.449778132605923082e-05 -4.969504348468983210e-06 9.375624281543608080e-05 1.478667206855121055e-04
3.500000000000000000e+02 1.022884703964264215e-04 -1.148190898925398158e-05 3.706209063973152905e-06 9.162870977838492186e-05 -5.720585386851332539e-06 9.089067129439014402e-05 1.424039257346007504e-04
3.525000000000000000e+02 9.719866161869247681e-05 -1.029747078855470790e-05 4.485047077243896184e-06 8.812212400303340808e-05 -6.648680381111479126e-06 8.851942603250637608e-05 1.369201058271161237e-04
3.550000000000000000e+02 9.217717663302691202e-05 -8.876350342695647739e-06 4.436139276582169488e-06 8.518323489715224001e-05 -7.094378454897275745e-06 8.594158551408380073e-05 1.316509985221314899e-04
3.575000000000000000e+02 8.845742525650950093e-05 -7.972304124872150885e-06 5.058689180574477736e-06 8.189454555839938566e-05 -7.664364951111824723e-06 8.407740710754220480e-05 1.272146889612255321e-04
3.600000000000000000e+02 8.500079483189254298e-05 -6.481546199823488915e-06 5.223091101642067733e-06 7.806635859683028406e-05 -7.876806310577938981e-06 8.185801036671386342e-05 1.224625818977183452e-04
3.625000000000000000e+02 8.292700088107793973e-05 -5.774636083764161227e-06 5.888846084492159325e-06 7.375731688819796566e-05 -8.190629493387183131e-06 8.024666440286417745e-05 1.184654910860700414e-04
3.650000000000000000e+02 8.053775546003073263e-05 -4.351835887208297941e-06 6.078959213006502577e-06 7.067419661207165649e-05 -8.229413895931280158e-06 7.821916256521979432e-05 1.147155573186610985e-04
3.675000000000000000e+02 7.954346913151033897e-05 -4.150137989262357373e-06 6.734809860303832480e-06 6.872025345958691575e-05 -8.185269468356598331e-06 7.673875685162547607e-05 1.125012397213613586e-04
3.700000000000000000e+02 7.811551518415664041e-05 -2.974914111753712930e-06 7.075271182628427838e-06 6.689958438799679941e-05 -7.993969387810902810e-06 7.492471543188914914e-05 1.099699075020213013e-04
3.725000000000000000e+02 7.946623844486389824e-05 -2.903307303738593810e-06 7.702442584538023932e-06 6.563203134047863126e-05 -7.713325291577667855e-06 7.356906135091702227e-05 1.093336655681297759e-04
3.750000000000000000e+02 7.924488480604801168e-05 -2.107466830251857941e-06 7.907160966146962270e-06 6.351423268520782787e-05 -7.623476224552877129e-06 7.198694102739694087e-05 1.073730292593263834e-04
3.775000000000000000e+02 7.967104630587425889e-05 -2.897736710680821984e-06 8.185081686815334060e-06 6.205393829322631584e-05 -7.261185998279899775e-06 7.062010397416819472e-05 1.061725442866343847e-04
3.800000000000000000e+02 7.985898547484844687e-05 -1.551587787777118165e-06 8.067748644285133863e-06 6.066813953813158096e-05 -7.290868590809723401e-06 6.916800073077634622e-05 1.048475628718781836e-04
3.825000000000000000e+02 8.061753724464142438e-05 -1.497001789571833480e-06 8.277640688297640978e-06 6.001401664114302463e-05 -7.014822312103849409e-06 6.764155099113756096e-05 1.041365524384610050e-04
3.850000000000000000e+02 7.876443346282338098e-05 8.274185291443896743e-07 8.008948674615294739e-06 5.898357251402522268e-05 -6.995218875037876272e-06 6.619088179551971512e-05 1.019694438861841696e-04
3.875000000000000000e+02 7.915597169281285189e-05 7.525670022863716210e-08 8.262645149348574043e-06 6.058651777409512979e-05 -6.523859469710297854e-06 6.425270898992177862e-05 1.019975992284148734e-04
3.900000000000000000e+02 7.748382998899059823e-05 1.349730668178733525e-06 7.910803170422821048e-06 6.052920951025795432e-05 -6.583351475640591314e-06 6.279954694925584443e-05 1.004062932242521985e-04
3.925000000000000000e+02 7.731823261724070340e-05 -1.144117518617966016e-06 8.018967309912352427e-06 6.157109762473839565e-05 -6.157007394997267810e-06 6.061946288376987135e-05 9.975439656287449198e-05
3.950000000000000000e+02 7.524818465043381366e-05 -6.823638047615857577e-07 7.613313735517650608e-06 6.157853609614556993e-05 -6.169660545793685869e-06 5.929664196249582629e-05 9.806168135453760494e-05
3.975000000000000000e+02 7.533548805303971014e-05 -2.667625320249952259e-06 7.531080821917465831e-06 6.132376560655700181e-05 -5.717070675776828633e-06 5.680487686149874861e-05 9.673206526054773367e-05
4.000000000000000000e+02 7.346567271406170406e-05 -2.864074698928485480e-06 7.113709201777073947e-06 6.006647155439303080e-05 -5.621665200574108633e-06 5.554962397821265228e-05 9.454088412333368002e-05
4.025000000000000000e+02 7.284845576099382308e-05 -4.298068083547209469e-06 6.894448921391042411e-06 5.846901827400920345e-05 -5.160454026214440647e-06 5.284526760468229623e-05 9.208137081984266138e-05
4.050000000000000000e+02 7.226794751682527238e-05 -3.890189621973407699e-06 6.349386508303131399e-06 5.487509090676134522e-05 -4.997165577805525953e-06 5.178636235845524152e-05 8.946470039102091939e-05
4.075000000000000000e+02 6.949976893958606972e-05 -4.282171335612854749e-06 5.750718804278152785e-06 5.193328035705767728e-05 -4.695900103456307090e-06 4.898068419587373279e-05 8.520686674625874667e-05
4.100000000000000000e+02 6.770724559101595579e-05 -2.764103291548675871e-06 5.208250808650952477e-06 4.858463012918837860e-05 -4.816343344970339399e-06 4.825541185480067535e-05 8.227364378750250487e-05
4.125000000000000000e+02 6.312846571454580808e-05 -2.115294321859764635e-06 4.536673168256619837e-06 4.732340956732976561e-05 -4.541885831277955171e-06 4.550402569098368631e-05 7.797795048642962323e-05
4.150000000000000000e+02 6.139585741331881545e-05 2.017735971725483849e-08 3.944373780900219895e-06 4.437244881047638104e-05 -4.674419393517201732e-06 4.508384512515493876e-05 7.542607567447506085e-05
4.175000000000000000e+02 5.683394653553247848e-05 2.500948329739583362e-06 3.424876533099716448e-06 4.387029012441279397e-05 -4.314148273826412781e-06 4.239995898289361580e-05 7.155209782141944413e-05
4.200000000000000000e+02 5.649761182036774297e-05 5.422087425532824121e-06 2.820991807086706740e-06 4.264735711524001495e-05 -4.444464441043994512e-06 4.224975320898306010e-05 7.069736107229541240e-05
4.225000000000000000e+02 5.393435581144873407e-05 6.951065973631666723e-06 2.807569428640517503e-06 4.343039490170179574e-05 -4.183085022302316970e-06 3.967507912833185939e-05 6.851991492074120476e-05
4.250000000000000000e+02 5.417688473486531652e-05 8.089620189296065845e-06 2.826170612426157368e-06 4.163618389092575386e-05 -4.152273224036199117e-06 3.964828750275450404e-05 6.773067806427278382e-05
4.275000000000000000e+02 5.228155022630823087e-05 8.228393269734463861e-06 3.120288341076033450e-06 4.207844921162485374e-05 -3.504748486225751222e-06 3.736815938337947890e-05 6.586407941065627837e-05
4.300000000000000000e+02 5.256746529024852998e-05 8.669746535147855647e-06 3.564794630253433052e-06 3.893975944838701161e-05 -3.272883481106632280e-06 3.750941058038608547e-05 6.450831765951081014e-05
4.325000000000000000e+02 5.071758439282546125e-05 8.318336324842518783e-06 3.647290151028121662e-06 3.875712544064717664e-05 -2.586453261456527359e-06 3.551902069896075077e-05 6.249686526621668755e-05
4.350000000000000000e+02 5.082412925748100023e-05 7.269807215098281089e-06 4.117969582455255844e-06 3.553277233808121007e-05 -2.405139387925739568e-06 3.590572741349487920e-05 6.113131450452853458e-05
4.375000000000000000e+02 4.818722472740724036e-05 5.579982446597281048e-06 4.006966333940308724e-06 3.549777320844408522e-05 -1.599859726804628512e-06 3.411697792296870818e-05 5.890098792941001350e-05
4.400000000000000000e+02 4.813488425526819337e-05 4.216916450416232391e-06 4.472461359117457285e-06 3.470535564169285360e-05 -1.153911018871810806e-06 3.465239719486360115e-05 5.874631854591232745e-05
4.425000000000000000e+02 4.705527916771624962e-05 1.652186275635026437e-06 4.084188140425366786e-06 3.375058294880484269e-05 -1.589620558706109881e-07 3.308320797632577186e-05 5.694453504642342870e-05
4.450000000000000000e+02 4.786538592220290289e-05 5.357947030632653895e-07 4.910650744948135960e-06 3.433832943001657281e-05 4.953012306906844922e-07 3.354101540335375955e-05 5.787236537778661763e-05
4.475000000000000000e+02 4.679998196706831100e-05 -1.716649468570932273e-06 4.640880201293858994e-06 3.422193359676698875e-05 1.575067566392155972e-06 3.212901770195281543e-05 5.657546663289406098e-05
4.500000000000000000e+02 4.703656895306381538e-05 -2.576056395252947436e-06 5.756694359487045483e-06 3.491416264593422836e-05 2.133219506524970263e-06 3.235049421747157394e-05 5.715061290823480545e-05
4.525000000000000000e+02 4.636957640643513102e-05 -5.037296210924708884e-06 5.513020543834300421e-06 3.587739793247518154e-05 3.631959055451840341e-06 3.110769427530717904e-05 5.667733430710874919e-05
4.550000000000000000e+02 4.621352762975441492e-05 -6.261967365926632471e-06 6.500863669298119295e-06 3.605392582034921956e-05 3.584048524974763141e-06 3.114778401889702357e-05 5.670761873450032563e-05
4.575000000000000000e+02 4.530230202449698606e-05 -7.075548451682668697e-06 6.252328521118540420e-06 3.954191955498125249e-05 5.808285603243391864e-06 3.026725632144515831e-05 5.755573895046170013e-05
4.600000000000000000e+02 4.610499600791765972e-05 -9.336326202230959466e-06 6.904121226511731798e-06 3.853387212515597271e-05 4.720865428821156446e-06 3.005289093465476601e-05 5.734587953386419753e-05
4.625000000000000000e+02 4.415569532714824205e-05 -7.954783658297130965e-06 6.619366804558665623e-06 4.367919747268153742e-05 7.947452140650818783e-06 2.951927861845177238e-05 5.867708570914077423e-05
4.650000000000000000e+02 4.648607203576925141e-05 -1.147438418775831145e-05 7.135574164739671316e-06 4.111675036891511946e-05 5.877180529173502228e-06 2.916088674056666117e-05 5.838185457262551602e-05
4.675000000000000000e+02 4.168405925886547688e-05 -8.364379448925405414e-06 6.642845224524265003e-06 4.646918368608685395e-05 9.640025308835902866e-06 2.895463460465295345e-05 5.855393877480263875e-05
4.700000000000000000e+02 4.674201560943725287e-05 -1.150634948056258846e-05 7.057553086556351841e-06 4.252488280016509045e-05 7.044805977242064925e-06 2.845561824572936561e-05 5.886125832766584938e-05
4.725000000000000000e+02 4.136090452120736176e-05 -8.839186918996810592e-06 6.547887936831935314e-06 4.704119958870502544e-05 1.054780812238304658e-05 2.858149705916258404e-05 5.849180058453748562e-05
4.750000000000000000e+02 4.597361060764252087e-05 -1.088731600618146217e-05 6.512616961879646390e-06 4.339619008747747905e-05 8.109373993808222553e-06 2.777392834776994424e-05 5.857186452144497039e-05
4.775000000000000000e+02 4.179263851903388635e-05 -8.375967995192083341e-06 6.436567763091264811e-06 4.530162462345187105e-05 1.062903986407070775e-05 2.827068933250516205e-05 5.768247623749546481e-05
4.800000000000000000e+02 4.461431465438713039e-05 -9.547393377432360627e-06 5.809088384220743775e-06 4.188837624651366355e-05 9.056768103184491679e-06 2.722729996986731724e-05 5.686499543538406067e-05
4.825000000000000000e+02 4.391198837415643115e-05 -7.046603737806808952e-06 6.471666314604492478e-06 4.395343556371271931e-05 1.039988456161707912e-05 2.784010260140620997e-05 5.785276326963768021e-05
4.850000000000000000e+02 4.433262902169080857e-05 -7.334310047447947385e-06 5.525145143573037915e-06 4.029274887933080069e-05 9.725861435145025907e-06 2.679781641245591054e-05 5.571159715673875312e-05
4.875000000000000000e+02 4.533947030557799784e-05 -5.750567822656659754e-06 6.875653133831980548e-06 4.198206223348020886e-05 9.876537953945466793e-06 2.738133199775146881e-05 5.735143226840484114e-05
4.900000000000000000e+02 4.328936132745395810e-05 -3.800496379063034040e-06 5.947310422260708811e-06 3.837295153403219551e-05 1.011603546830614960e-05 2.658422147729234519e-05 5.412326716938924940e-05
4.925000000000000000e+02 4.524398158120436616e-05 -4.173010757170454008e-06 7.747703592804160229e-06 3.916311517752835353e-05 9.170970726371948953e-06 2.706091083144572269e-05 5.573400379508922119e-05
4.950000000000000000e+02 4.248233838493903781e-05 4.996436473317516642e-07 7.123390483329875024e-06 3.634485049078385415e-05 1.023508307456673605e-05 2.662048042172813190e-05 5.272383464872551023e-05
4.975000000000000000e+02 4.441331498944569656e-05 -2.092399262339727702e-06 8.584226931244735219e-06 3.583432462825167814e-05 8.544998723349756902e-06 2.688223520230611886e-05 5.356493741000175186e-05
5.000000000000000000e+02 4.047109784673757463e-05 4.123032372087508102e-06 8.498930157080340311e-06 3.623834392412159122e-05 1.042836843808691155e-05 2.701083726229802312e-05 5.186013951657859617e-05
5.025000000000000000e+02 4.296293003761998274e-05 -6.714295892453450410e-08 9.314829435761990309e-06 3.148093392702210622e-05 7.894510072662265076e-06 2.690359655260603301e-05 5.067373025862405929e-05
5.050000000000000000e+02 3.663577099101693758e-05 7.270923914404515253e-06 9.803785099208603356e-06 3.627246916945133035e-05 1.093320522033224240e-05 2.776453903484353536e-05 5.033638959765590165e-05
5.075000000000000000e+02 3.970199373401248175e-05 1.510650970902561478e-06 9.977458210738621624e-06 2.683080863980082003e-05 7.376585416003805145e-06 2.708297866712032817e-05 4.680789052046681667e-05
5.100000000000000000e+02 3.338611907430042304e-05 9.654334023530558047e-06 1.123588276091722107e-05 3.611127858072858129e-05 1.160262694306745992e-05 2.886617473112385124e-05 4.918178619307642948e-05
5.125000000000000000e+02 3.684180730748093824e-05 2.464677200121796322e-06 1.050549647371298136e-05 2.244847283684890787e-05 6.945634694753777907e-06 2.736732774113123870e-05 4.332880394273054580e-05
5.150000000000000000e+02 3.365137732288973687e-05 1.120862051765799502e-05 1.247981788653777467e-05 3.488950438961572434e-05 1.221239496543523307e-05 3.030247163638771240e-05 4.942167667444658511e-05
5.175000000000000000e+02 3.672960085915687693e-05 3.037603583227055562e-06 1.050798375407386991e-05 1.860890319242399714e-05 6.589653260866828163e-06 2.762446751684807550e-05 4.148148578421447479e-05
5.200000000000000000e+02 3.681049368886786418e-05 1.213948370958769567e-05 1.304608197806769908e-05 3.285499927983647058e-05 1.247107319361086023e-05 3.177681701838973267e-05 5.072115499354702694e-05
5.225000000000000000e+02 3.863538340669297588e-05 4.050679937661765231e-06 9.697255014839791629e-06 1.638425298764869406e-05 6.296051965277194796e-06 2.770139762191344050e-05 4.136051700812755014e-05
5.250000000000000000e+02 3.849632650619343226e-05 1.219874876291523546e-05 1.279472074323529818e-05 3.006785861169495203e-05 1.210722986523017370e-05 3.291016211004097565e-05 5.073717361396468166e-05
5.275000000000000000e+02 4.056276599896586524e-05 5.317864280338282475e-06 8.051260543132812242e-06 1.526221261617195636e-05 5.854803956630409135e-06 2.752042685363443686e-05 4.167270273438612754e-05
5.300000000000000000e+02 3.902539433824458027e-05 1.099725217523144454e-05 1.196085961149056955e-05 2.577019421215168661e-05 1.077754918815209479e-05 3.347195005578602081e-05 4.913376930309113876e-05
5.325000000000000000e+02 4.132661026620864433e-05 6.236600290457338209e-06 5.836487884728434392e-06 1.455727752839941432e-05 5.171591365131939441e-06 2.698665247774689648e-05 4.143527013617747756e-05
5.350000000000000000e+02 4.081754128521326494e-05 9.538314472491352583e-06 1.050414016688097541e-05 2.087013361538495948e-05 8.423054903856481043e-06 3.317078109669804593e-05 4.742922799864813518e-05
5.375000000000000000e+02 4.314716970018323927e-05 7.226164224713140099e-06 3.533946928260866385e-06 1.425439413144430292e-05 4.548378048797216751e-06 2.603516657230195249e-05 4.171836520196474819e-05
5.400000000000000000e+02 4.483632428075813901e-05 8.922559788611559645e-06 8.163671239173095245e-06 1.735176809720316449e-05 5.366715525992831136e-06 3.187068484046909502e-05 4.702938860921520095e-05
5.425000000000000000e+02 4.506622226689371109e-05 5.988119750863536711e-06 1.447679530454531001e-06 1.342062886069981520e-05 4.306654382051229083e-06 2.465735963050113763e-05 4.157210537904733365e-05
5.450000000000000000e+02 4.530883551106296457e-05 7.963338491502833938e-06 5.151297486699382091e-06 1.576665225674428000e-05 2.402407119764311877e-06 2.948297559034125962e-05 4.527923167907425210e-05
5.475000000000000000e+02 4.446179036830750418e-05 1.903233241002989001e-06 -1.194883139920483748e-06 1.236793313737651379e-05 4.328565359312305879e-06 2.306584135698463512e-05 3.994778243133432485e-05
5.500000000000000000e+02 4.008964607595252519e-05 5.808884163512694458e-06 1.498247895935313156e-06 1.598451328187954569e-05 4.104768865384249768e-08 2.627415795338589486e-05 4.117415865560898456e-05
5.525000000000000000e+02 3.997090546047879674e-05 -3.089864804429584265e-06 -5.026246446903250072e-06 1.344383472339567598e-05 4.631480104716480049e-06 2.158703844825908777e-05 3.750088931606678194e-05
5.550000000000000000e+02 3.123626950678061833e-05 5.046537648311531169e-06 -1.620832420968400149e-06 1.714010041368450017e-05 -2.086478525758583837e-06 2.250284535873166742e-05 3.543960763959839804e-05
5.575000000000000000e+02 3.464036576319627446e-05 -6.706809433203515457e-06 -8.498968065513389162e-06 1.608275683865526036e-05 5.111634327517384677e-06 2.044837949577888196e-05 3.558575104881520670e-05
5.600000000000000000e+02 2.249600936691861712e-05 4.709250297566668825e-06 -3.482756855545163335e-06 1.756013667531402896e-05 -4.236750092733396324e-06 1.877269272686264370e-05 2.941441938454764489e-05
5.625000000000000000e+02 2.982266547123419586e-05 -5.789281115579491653e-06 -9.366606433330067742e-06 1.768516887116277172e-05 5.351155425986636777e-06 1.972126824826551559e-05 3.361455129533123820e-05
5.650000000000000000e+02 1.898918625807209366e-05 2.377993598830519831e-06 -3.878143476530276433e-06 1.856014706200798266e-05 -5.990341294242968999e-06 1.580475159314270972e-05 2.667704245661139302e-05
5.675000000000000000e+02 2.480042174763485201e-05 -2.714594696891921933e-06 -8.152964417530879281e-06 1.874079817938304488e-05 5.195994807146946878e-06 1.968259735648876974e-05 3.161190864175332993e-05
5.700000000000000000e+02 1.776698085730444462e-05 1.984957205571113374e-06 -2.331320649729931349e-06 2.222165230509341025e-05 -6.617648422524919514e-06 1.399678756153990183e-05 2.699271036196887835e-05
5.725000000000000000e+02 2.207597095630217408e-05 -7.260922560007659196e-07 -6.767363641469521721e-06 1.816302499733502137e-05 4.162169218231630135e-06 1.934693567351872755e-05 2.979296581357795981e-05
5.750000000000000000e+02 1.746053384141105428e-05 5.670410542158564858e-07 -5.140059901835827385e-07 2.776741494523707245e-05 -5.907788082623969541e-06 1.313790003366583613e-05 2.918292441015698228e-05
5.775000000000000000e+02 1.840868817320551456e-05 5.147933015745577768e-07 -4.946079142501860987e-06 1.473359264324970230e-05 2.591858006830814849e-06 1.852647577800232130e-05 2.583437829722876823e-05
5.800000000000000000e+02 1.675669725137765079e-05 4.247108258655330709e-07 9.198316953992865200e-07 2.892278287475246067e-05 -4.153313222155645275e-06 1.276048207439343668e-05 2.921998110026177492e-05
5.825000000000000000e+02 1.377021388853779168e-05 1.406140746274847338e-06 -2.758234003461148359e-06 1.234673353627576638e-05 1.509256854354713972e-06 1.776260936348428703e-05 2.193977839414892254e-05
5.850000000000000000e+02 1.394346552772861984e-05 1.366281073271368184e-06 1.156813984549329023e-06 2.400136032615444179e-05 -2.169621767155487111e-06 1.255552006408840339e-05 2.525017295898573336e-05
5.875000000000000000e+02 1.053976715957213546e-05 1.738535022864696916e-06 -1.121456804692756469e-06 1.152040169762073155e-05 1.181318872701043090e-06 1.698319701017389442e-05 1.952168293368337817e-05
5.900000000000000000e+02 1.112213220726610497e-05 3.944138618307081599e-07 4.080256702938108455e-07 1.708512175544995697e-05 -3.406273857911968964e-07 1.258864918433007409e-05 2.039795157352306717e-05
5.925000000000000000e+02 8.311485950599869607e-06 1.637305939151172115e-06 -4.724786285259948133e-07 1.042055894506783745e-05 1.457317792998370379e-06 1.586565456013574286e-05 1.729884972790172581e-05
5.950000000000000000e+02 9.830850894766693707e-06 -9.646524625418579707e-07 -2.840441931987067405e-07 1.190921449834391922e-05 1.143989888720916656e-06 1.280413937747198619e-05 1.727210238529129871e-05
5.975000000000000000e+02 6.846850962595373772e-06 1.565041930114638819e-06 -4.112025984058630138e-07 8.961380030594568062e-06 1.408288567768070057e-06 1.449519591599962450e-05 1.515171345459478486e-05
6.000000000000000000e+02 9.809778974208354689e-06 -1.608450970329854275e-06 -6.242124168263900445e-07 9.250935707166386762e-06 2.221530491628570864e-06 1.303955563349485692e-05 1.605013515743479834e-05
6.025000000000000000e+02 6.115109141198972410e-06 1.285735749224372260e-06 -5.351745942512857001e-07 7.389827957986529578e-06 7.424591385467409100e-07 1.312616142017386116e-05 1.331554925967968200e-05
6.050000000000000000e+02 1.009359467657884704e-05 -1.797822797108799657e-06 -8.229950125917234618e-07 8.125107291883972705e-06 2.896540490807042668e-06 1.317062337717022074e-05 1.569466267281651855e-05
6.075000000000000000e+02 5.824324638267223741e-06 8.100434472858391326e-07 -5.820076513114623897e-07 6.256599451128926218e-06 -1.180959046817693514e-07 1.194484602417412589e-05 1.201288505678513665e-05
6.100000000000000000e+02 1.029830862068591931e-05 -1.820831658184650283e-06 -1.064796360899762108e-06 7.589873258100600556e-06 3.241263876007897344e-06 1.317037596722810163e-05 1.552927892300731032e-05
6.125000000000000000e+02 5.851735946777648216e-06 3.701804721062549512e-07 -3.742889374697630503e-07 5.796375206744709833e-06 -8.044446539756467078e-07 1.104385519687186620e-05 1.134598317519711297e-05
6.150000000000000000e+02 1.042489506412847183e-05 -1.783571164373661560e-06 -1.417583844791695266e-06 7.137869129322656046e-06 3.340797865624165915e-06 1.306611545217669179e-05 1.531443982281390729e-05
6.175000000000000000e+02 6.159078780664724068e-06 6.916042892688995225e-08 8.600165712227971902e-08 5.913359857878888550e-06 -1.199250140659059687e-06 1.046185191779556523e-05 1.126714527816958977e-05
6.200000000000000000e+02 1.055484661548384507e-05 -1.716360518105796451e-06 -1.890647149338542539e-06 6.613650523489950198e-06 3.258564285778397401e-06 1.289754104684724788e-05 1.503301909291052073e-05
6.225000000000000000e+02 6.682740442845211343e-06 -6.551970192386217841e-08 6.673221934475244415e-07 6.453318655431133970e-06 -1.310515784157799132e-06 1.021384559708674005e-05 1.167495234768154395e-05
6.250000000000000000e+02 1.072772051819257538e-05 -1.592720918817571956e-06 -2.480081388654807306e-06 6.035247056642262582e-06 3.046260441889562392e-06 1.269720499608397493e-05 1.473008628545940687e-05
6.275000000000000000e+02 7.375051195648016635e-06 -3.138027317493672670e-08 1.202217354577797343e-06 7.413269097830326759e-06 -1.186891709490152464e-06 1.028400093901701545e-05 1.253616061624767815e-05
6.300000000000000000e+02 1.095065911250017967e-05 -1.370522658568231920e-06 -3.163461693404103888e-06 5.487820106688052575e-06 2.710768610483371852e-06 1.248468755329009538e-05 1.446158338623916424e-05
6.325000000000000000e+02 8.200324821139821644e-06 1.385256912326809001e-07 1.538156745994378407e-06 8.848120271256642075e-06 -9.136979827659147405e-07 1.061253125261512031e-05 1.383048817250579117e-05
6.350000000000000000e+02 1.123915808140456981e-05 -1.019880379595905939e-06 -3.883573600782551210e-06 5.134731932052809482e-06 2.230272795140974393e-06 1.227042031060330732e-05 1.432215516203034373e-05
6.375000000000000000e+02 9.103025595203788201e-06 3.549745900688894896e-07 1.582897463951943405e-06 1.070522977263695227e-05 -6.021863630068977166e-07 1.110404891816628835e-05 1.545615214300351356e-05
6.400000000000000000e+02 1.161978305160353950e-05 -5.509181904948376119e-07 -4.532400878003600753e-06 5.195818772751650466e-06 1.600500476916491553e-06 1.206199847457958574e-05 1.443880014946738785e-05
6.425000000000000000e+02 1.000417532118742088e-05 4.659638943073253796e-07 1.340084633876150278e-06 1.274075321081849932e-05 -3.625945645183708282e-07 1.165716860540021068e-05 1.720104856870306544e-05
6.450000000000000000e+02 1.162430281000919841e-05 -2.990831191313997317e-08 -4.728132430841678641e-06 5.603905381218221705e-06 7.779734244708148500e-07 1.187081960509021387e-05 1.454951389815881657e-05
6.475000000000000000e+02 9.431829979324280280e-06 3.046765973376091113e-07 -9.959864403565018377e-08 1.155076657581302288e-05 -7.148445158608168540e-07 1.222686750268865456e-05 1.660473202891297971e-05
6.500000000000000000e+02 6.406433905420172220e-06 2.346330695911323159e-08 -4.811932684213476249e-07 2.373440359297969232e-06 -9.617715853829624630e-08 1.228638839966576934e-05 1.053313133219195518e-05
6.525000000000000000e+02 6.908326814481416746e-06 2.717106236742654308e-06 -1.277342118295583087e-06 5.507239344870664289e-06 -1.363260794284484712e-06 1.309242701104065847e-05 1.275399658519637018e-05
6.550000000000000000e+02 4.972416792355492908e-06 1.440453583621965161e-06 -1.696625924268555347e-07 2.885290992849584709e-06 -2.096263508251385216e-07 1.310949050661831000e-05 1.048359914591169423e-05
6.575000000000000000e+02 8.696654019144555765e-06 2.728269840579692051e-06 -1.492233475987403322e-06 4.886254640066217554e-06 -1.309761031385451373e-06 1.389970628127571632e-05 1.374130747024324524e-05
6.600000000000000000e+02 1.102152232241767674e-05 2.087423253257262628e-06 -2.200322084001043585e-07 3.669700665812594674e-06 -3.306808244549104975e-07 1.377429334701009504e-05 1.423275816762018217e-05
6.625000000000000000e+02 1.941841289480622867e-05 2.513683208672408460e-06 -1.517743962517458684e-06 5.357772864909173407e-06 -1.392275790462984237e-06 1.453136066096958033e-05 1.965377321034248993e-05
6.650000000000000000e+02 2.517045035201265142e-05 2.485509847935862564e-06 -5.189185718015297500e-07 3.939883831122795709e-06 -5.201707277633892067e-07 1.432074642692633769e-05 2.171554030503089114e-05
6.675000000000000000e+02 3.689093026554498975e-05 2.083740710021649028e-06 -1.667325252361127438e-06 5.286058902273099815e-06 -1.464604575280575744e-06 1.506421538836175341e-05 2.862060227808991937e-05
6.700000000000000000e+02 4.527581196233079541e-05 2.888140684156215447e-06 -1.004803975068431809e-06 4.447125346093489982e-06 -8.295603793383298638e-07 1.482932007043273284e-05 3.227612868942851250e-05
6.725000000000000000e+02 5.900647270393826572e-05 1.780477621181417906e-06 -1.910322930865182438e-06 5.319553425567781214e-06 -1.693923371177958197e-06 1.559440875055067297e-05 3.996021744002836165e-05
6.750000000000000000e+02 6.890161405777158680e-05 3.124331281902279573e-06 -1.648952970500137253e-06 4.959664321360624900e-06 -1.239171425477345132e-06 1.542433191096179214e-05 4.464280514504699853e-05
6.775000000000000000e+02 8.320147521533482104e-05 1.664670729114702171e-06 -2.306407121248808255e-06 5.317012030583597967e-06 -2.080373090375223762e-06 1.625559458323401677e-05 5.238704091457621620e-05
6.800000000000000000e+02 9.342361935094329695e-05 3.238942413499915069e-06 -2.410888377236262211e-06 5.439879338282263153e-06 -1.727238000535307615e-06 1.624599759078173509e-05 5.755474814000364082e-05
6.825000000000000000e+02 1.065987824338094866e-04 1.645462853505308931e-06 -2.835030807316554435e-06 5.433668407281011249e-06 -2.612030840264259245e-06 1.718813472789234423e-05 6.461029278449141426e-05
6.850000000000000000e+02 1.159243561374878508e-04 3.166507718003250837e-06 -3.179075085610958004e-06 5.849900983723803588e-06 -2.245379815985938592e-06 1.743883662406410566e-05 6.960654687263788344e-05
6.875000000000000000e+02 1.262838767978531639e-04 1.712066113211042797e-06 -3.462568163436377738e-06 5.693333895744895181e-06 -3.200996971354402457e-06 1.853727038695315209e-05 7.525724054027560603e-05
6.900000000000000000e+02 1.337676457908158918e-04 2.907787523389642019e-06 -3.827089099207801442e-06 6.121098650010849339e-06 -2.719758277406076006e-06 1.913812130235375671e-05 7.951343287159023921e-05
6.925000000000000000e+02 1.401735046617805735e-04 1.910912180277630212e-06 -4.059817239206376226e-06 6.047206442437746377e-06 -3.711145625009020206e-06 2.042725536720290468e-05 8.332398323571061141e-05
6.950000000000000000e+02 1.454293249331922841e-04 2.543335000488855937e-06 -4.253582756099139219e-06 6.156634265443944949e-06 -3.067893889002905379e-06 2.146016906813314848e-05 8.652306413338469045e-05
6.975000000000000000e+02 1.474585007794357652e-04 2.221932504256159303e-06 -4.459224144410930339e-06 6.411754169677367424e-06 -3.994639011648723900e-06 2.295849816160810790e-05 8.841437655536062070e-05
7.000000000000000000e+02 1.503221077358311494e-04 2.139242669714633946e-06 -4.388739012441100526e-06 6.037637016127594535e-06 -3.237935537228897530e-06 2.449606706055187534e-05 9.042790590625530457e-05
7.025000000000000000e+02 1.478304055622531321e-04 2.562085593634274513e-06 -4.537315809867620736e-06 6.708609874430366062e-06 -3.933098355633782817e-06 2.620947995403636935e-05 9.037424769535992231e-05
7.050000000000000000e+02 1.481733898415986514e-04 1.685564926769283835e-06 -4.240903701334944041e-06 5.824308459914335387e-06 -3.236138407329926861e-06 2.831233866397352559e-05 9.115501848274325323e-05
7.075000000000000000e+02 1.411379892819011634e-04 2.825969890933078753e-06 -4.275468652270427315e-06 6.889754215083476070e-06 -3.507460162156840850e-06 3.023310914016107769e-05 8.913042631857285983e-05
7.100000000000000000e+02 1.388783813777082438e-04 1.181201607426311492e-06 -3.915934827663794608e-06 5.582536838900001653e-06 -3.128537658593320543e-06 3.294243108103482522e-05 8.870167464882153913e-05
7.125000000000000000e+02 1.276654618094429051e-04 2.977935198984918364e-06 -3.771123773922528925e-06 6.960104596501535636e-06 -2.808602713616280934e-06 3.505607859629194807e-05 8.484082250111819271e-05
7.150000000000000000e+02 1.229474098665553144e-04 7.283143078958781556e-07 -3.568139141002292688e-06 5.345507932531293240e-06 -3.007023909795630311e-06 3.839276489360104089e-05 8.334284134634382002e-05
7.175000000000000000e+02 1.085719572433063777e-04 3.078256747138504011e-06 -3.166604914904616078e-06 6.895473119602151370e-06 -1.986766804325048095e-06 4.068284491922888899e-05 7.807513764106870904e-05
7.200000000000000000e+02 1.018497357519709248e-04 4.723484215315371104e-07 -3.331436645134888976e-06 5.142180986872116063e-06 -2.946079533618950507e-06 4.464483613811038394e-05 7.581837643847671537e-05
7.225000000000000000e+02 8.586550303518078974e-05 3.149144402551216406e-06 -2.578104354959071533e-06 6.726600253708157732e-06 -1.173127465397058168e-06 4.709169510334858521e-05 6.984189919611876634e-05
7.250000000000000000e+02 7.783214067093485765e-05 4.429055436616279888e-07 -3.284136666835587680e-06 4.917507401442560303e-06 -2.968718213593105546e-06 5.163264528032409772e-05 6.719114667635075360e-05
7.275000000000000000e+02 6.195945352176120960e-05 3.122061267217898308e-06 -2.060279352589426989e-06 6.551516672748893376e-06 -4.893763577842187032e-07 5.421976649176718250e-05 6.136536834313864358e-05
7.300000000000000000e+02 5.373554983772567617e-05 5.202205942941532275e-07 -3.464874017051042354e-06 4.593435872885194783e-06 -3.055145704490121180e-06 5.924726074762631421e-05 5.878812322911859385e-05
7.325000000000000000e+02 3.968417296255510754e-05 2.968962109137575467e-06 -1.633901757644987697e-06 6.214703402647150360e-06 4.701592788032681023e-08 6.193256702612385167e-05 5.391572169566305733e-05
7.350000000000000000e+02 3.219134056912765178e-05 6.533844808419346463e-07 -3.809724134136884135e-06 4.402306505576317365e-06 -3.179956539101194649e-06 6.731988899529936922e-05 5.195676803500166749e-05
7.375000000000000000e+02 2.150711824864093671e-05 2.744332040512556470e-06 -1.279628089943514798e-06 6.064244722857762017e-06 4.315521007053570162e-07 7.008346991212560911e-05 4.882741644181215815e-05
7.400000000000000000e+02 1.575304042408628543e-05 9.752746782670962224e-07 -4.210865071963963119e-06 4.006884059030539353e-06 -3.214498252169247668e-06 7.562952612350196005e-05 4.769472530330939072e-05
7.425000000000000000e+02 9.101471973848416041e-06 2.523139141092250392e-06 -9.614588679719635316e-07 5.248894060337191001e-06 6.752274704992734323e-07 7.832737104867890782e-05 4.633886854143225912e-05
7.450000000000000000e+02 5.870568343582726695e-06 1.161272695883360447e-06 -4.554479171154985126e-06 3.049475243594683902e-06 -3.019542471539385566e-06 8.371624515850965929e-05 4.631814437284353388e-05
7.475000000000000000e+02 4.379699055843894938e-06 1.746397331778555284e-06 -1.528874070018278758e-07 4.354198723260953367e-06 5.040665269595562824e-07 8.612538526937825554e-05 4.742964152424154853e-05
7.500000000000000000e+02 4.426392188569144859e-06 -3.942600600645126669e-07 -5.130281197683912307e-06 1.043429679747643604e-06 -1.143446588168236780e-06 9.122243409963793801e-05 4.834612798397736663e-05
7.525000000000000000e+02 3.794275994077006081e-06 -2.235379024527814171e-08 2.196063771530493353e-06 2.610019829826867458e-06 -1.303180853847817271e-06 9.371086297065795508e-05 5.005757939728091134e-05
7.550000000000000000e+02 5.530499491437261050e-06 -4.681767662907245995e-07 -8.358870117124168723e-06 1.258773614474449963e-06 1.068085334279877201e-06 9.887276697613779045e-05 5.283102004102475084e-05
7.575000000000000000e+02 3.185454624035182332e-06 1.146953031402485618e-07 -4.268403682953632879e-08 1.363653742206369711e-06 -1.007553373068604850e-06 1.009022796427718740e-04 5.272569400450671600e-05
7.600000000000000000e+02 4.127614707479044746e-06 3.519842259376266210e-08 -5.432695455706054285e-06 1.050273902547334175e-06 6.859989644920988544e-07 1.036132792525052467e-04 5.439558393126581165e-05
7.625000000000000000e+02 3.072739349777689052e-06 2.848614082264579079e-07 -3.885419400113090930e-06 9.176957665736707575e-07 6.184524589762282143e-08 1.036356107725345513e-04 5.381302294444295739e-05
7.650000000000000000e+02 3.646338948202904170e-06 5.955199948503706471e-08 -4.185193068769804740e-06 9.865847582397907777e-07 7.344055175291467895e-07 1.043863363026501699e-04 5.450963000454643180e-05
7.675000000000000000e+02 3.197709291276562008e-06 2.829222641471230075e-07 -4.839586741647449410e-06 8.107880657392708132e-07 6.296938466779119643e-08 1.037573739134610689e-04 5.388293563523845181e-05
7.700000000000000000e+02 3.417847161297591891e-06 -2.972273749091005921e-09 -4.012184222755588158e-06 1.035775740245908468e-06 1.234149943126916639e-06 1.034783893719851627e-04 5.396600613676433278e-05
7.725000000000000000e+02 3.375642075035847467e-06 2.489839708543257405e-07 -5.442455406575980925e-06 7.199874410367861763e-07 -5.696868740201770699e-08 1.023097851327116922e-04 5.320270732439216229e-05
7.750000000000000000e+02 3.253640532561609242e-06 -7.592047646907707925e-08 -3.695274041611638861e-06 1.134767854897477135e-06 1.589108820495083744e-06 1.011577829945658254e-04 5.277309569101245750e-05
7.775000000000000000e+02 3.578431459697088416e-06 1.877013199339542112e-07 -5.881962194213635733e-06 6.458887374655667292e-07 -1.608571726480385284e-07 9.947913124440327197e-05 5.185172572078296292e-05
7.800000000000000000e+02 3.173507465224429065e-06 -1.582065026146422338e-07 -3.375406904845134283e-06 1.217763056788136035e-06 1.857937485219606376e-06 9.763249869071131460e-05 5.101188460636194027e-05
7.825000000000000000e+02 3.765669952791783166e-06 1.110425429972744535e-07 -6.150175080762811851e-06 5.995340279806855537e-07 -2.512408378683122518e-07 9.554431906486074628e-05 4.995476152281661073e-05
7.850000000000000000e+02 3.149352876197249010e-06 -2.442784904345861779e-07 -3.058872208651814335e-06 1.278258130013712886e-06 2.047927996491336527e-06 9.316211038853529467e-05 4.879486069737312839e-05
7.875000000000000000e+02 3.919038590546045394e-06 2.568090425252942920e-08 -6.278187389826188502e-06 5.819535771125599305e-07 -3.167908760581789025e-07 9.076506180251045887e-05 4.763302698508453247e-05
7.900000000000000000e+02 3.150526305173562740e-06 -3.285129161799867833e-07 -2.755555127205224110e-06 1.325079525344559637e-06 2.169946771248458174e-06 8.799213174325276176e-05 4.623386878688543963e-05
7.925000000000000000e+02 4.029096109270673892e-06 -6.058082402287703819e-08 -6.280352576952090403e-06 5.860901879740890201e-07 -3.610071234964459251e-07 8.538283808304018526e-05 4.499901219014247112e-05
7.950000000000000000e+02 3.154339773058294698e-06 -4.060327925854426042e-07 -2.473372998269026129e-06 1.366818409225190438e-06 2.235154243839027996e-06 8.235236744325545588e-05 4.343676281276946839e-05
7.975000000000000000e+02 4.094522904668597416e-06 -1.409999034589308392e-07 -6.173863307861625917e-06 6.022497804478640972e-07 -3.898150903326045953e-07 7.961722795946524905e-05 4.215700032229085571e-05
8.000000000000000000e+02 3.148861214572137037e-06 -4.733837067586390948e-07 -2.215897341291733631e-06 1.406389515036933148e-06 2.252971521648501337e-06 7.644709948158885519e-05 4.050117510559896332e-05
8.025000000000000000e+02 4.118704668993932648e-06 -2.109968116630494462e-07 -5.978520872239335011e-06 6.215857927401112683e-07 -4.079831681674223967e-07 7.366035848553372097e-05 3.920032447363388546e-05
8.050000000000000000e+02 3.130488348636092533e-06 -5.282165541646585408e-07 -1.984347968717466703e-06 1.441303816432259701e-06 2.232071844066097919e-06 7.045038412872939933e-05 3.751108814689887885e-05
8.075000000000000000e+02 4.106992877067750055e-06 -2.681558935984065606e-07 -5.714908584501488316e-06 6.374429453662477934e-07 -4.181422163311824203e-07 6.767381917063727522e-05 3.620912749653563918e-05
8.100000000000000000e+02 3.100285217592533260e-06 -5.690113202589163280e-07 -1.778139384151325296e-06 1.466188046586421325e-06 2.180161716690783254e-06 6.450498630776587902e-05 3.453572978597241702e-05
8.125000000000000000e+02 4.065233565298125265e-06 -3.117662766418724975e-07 -5.402686420152740618e-06 6.458356689123636723e-07 -4.213305090574245143e-07 6.178810405975015453e-05 3.324958664698032221e-05
8.150000000000000000e+02 3.061197796501021326e-06 -5.951757503933147214e-07 -1.595215373066965324e-06 1.475616143682471716e-06 2.103572527320119205e-06 5.872353008882919543e-05 3.163017201450634477e-05
8.175000000000000000e+02 3.999255310159122623e-06 -3.423548504722651877e-07 -5.059364050844419887e-06 6.454016534068871619e-07 -4.180733199630841439e-07 5.610415707246081549e-05 3.037440701801341354e-05
8.200000000000000000e+02 3.016394559086486187e-06 -6.071644483419450637e-07 -1.432595773256942650e-06 1.466143764506258007e-06 2.007382280892848673e-06 5.319075707080990261e-05 2.883664769720132266e-05
8.225000000000000000e+02 3.914613441492238500e-06 -3.612201007698448928e-07 -4.699547276182353948e-06 6.367780333817783164e-07 -4.090226036924495519e-07 5.069623273731016793e-05 2.762381210609209385e-05
8.250000000000000000e+02 2.968503671786564021e-06 -6.063635508603132043e-07 -1.287302285509127864e-06 1.437103637904877392e-06 1.896104167872033462e-06 4.796652036417194635e-05 2.618606383693169515e-05
8.275000000000000000e+02 3.816364886479390471e-06 -3.699426398456419406e-07 -4.334727669870547931e-06 6.215619326780928436e-07 -3.953044548147888478e-07 4.561530808267321292e-05 2.502661745091534849e-05
8.300000000000000000e+02 2.919450748279078530e-06 -5.947403448645124459e-07 -1.157096660334239054e-06 1.390285500493874814e-06 1.774204057560198043e-06 4.308943876699932325e-05 2.369958750788613935e-05
8.325000000000000000e+02 3.708982479420349049e-06 -3.700867644776555520e-07 -3.973704333329875402e-06 6.014600418182767911e-07 -3.783786688523010319e-07 4.089272662511238195e-05 2.260158457317550310e-05
8.350000000000000000e+02 2.870296074140357825e-06 -5.744108322182941220e-07 -1.040204794066315728e-06 1.329039300865158337e-06 1.645992777435894748e-06 3.858048078042548108e-05 2.138990807771549841e-05
8.375000000000000000e+02 3.596236862109379978e-06 -3.630976950300855171e-07 -3.622809024027069459e-06 5.777705616337478690e-07 -3.594438406659958553e-07 3.654378784040463504e-05 2.035889763207388234e-05
8.400000000000000000e+02 2.822043661716459141e-06 -5.475316575130387593e-07 -9.354632815416900409e-07 1.257492769511379789e-06 1.515528339008380043e-06 3.444655868502508381e-05 1.926304755812646201e-05
8.425000000000000000e+02 3.481506373448737909e-06 -3.502266837159515463e-07 -3.286918646554534590e-06 5.513611914087183458e-07 -3.395251202533241054e-07 3.257074300861948250e-05 1.830180528673846932e-05
8.450000000000000000e+02 2.775381840877666230e-06 -5.160445750324552649e-07 -8.420847515884618559e-07 1.179553916685510979e-06 1.386428341990308542e-06 3.068384036272967116e-05 1.731938806014642323e-05
8.475000000000000000e+02 3.367711231518389395e-06 -3.327117964148178914e-07 -2.969490491958434328e-06 5.228114417187372016e-07 -3.191107991842833897e-07 2.896609266451885005e-05 1.642830766887798711e-05
8.500000000000000000e+02 2.731145962696475446e-06 -4.817209514186509679e-07 -7.592792671710976326e-07 1.098629093376276311e-06 1.261531886542053818e-06 2.728035592350174085e-05 1.555506548978724768e-05
8.525000000000000000e+02 3.257468965823395768e-06 -3.117520013768617681e-07 -2.672951044650666085e-06 4.925976672384884372e-07 -2.983839371469685709e-07 2.571507781948928665e-05 1.473257222627558559e-05
8.550000000000000000e+02 2.690224614731962906e-06 -4.460698383138553710e-07 -6.861550906927625465e-07 1.017333930287609012e-06 1.142817237242221401e-06 2.421837844565589713e-05 1.396296849533773463e-05
8.575000000000000000e+02 3.152982160269394390e-06 -2.884784914017375940e-07 -2.398704761832673004e-06 4.612046695280720203e-07 -2.774585453501117121e-07 2.279795851057292349e-05 1.320607267018519426e-05
8.600000000000000000e+02 2.653453597105923381e-06 -4.103183758008028608e-07 -6.217656370812735431e-07 9.375200613327339735e-07 1.031577281977588319e-06 2.147637604449311360e-05 1.253367485146588453e-05
8.625000000000000000e+02 3.055967391603297549e-06 -2.639040195641844475e-07 -2.147282780993249436e-06 4.291523277885326949e-07 -2.564934656002342927e-07 2.019187372315286937e-05 1.183849672127235041e-05
8.650000000000000000e+02 2.621492698356903470e-06 -3.753854104759535845e-07 -5.652143764756362725e-07 8.603682457421906573e-07 9.285966026566371451e-07 1.903060403088929054e-05 1.125623248749419175e-05
8.675000000000000000e+02 2.967611401920982241e-06 -2.388861732898560821e-07 -1.918495211702452495e-06 3.969517803005124294e-07 -2.357052821055869144e-07 1.787234726772205621e-05 1.061845522497177491e-05
8.700000000000000000e+02 2.594769278690077175e-06 -3.418973572928474063e-07 -5.156332365955369585e-07 7.865421429259239965e-07 8.342331933644164587e-07 1.685635624389528319e-05 1.011883383275564181e-05
8.725000000000000000e+02 2.888612343027578286e-06 -2.141142004329788027e-07 -1.711653602034956515e-06 3.650614560861743284e-07 -2.153284285967981048e-07 1.581443994527464969e-05 9.534056872194200254e-06
8.750000000000000000e+02 2.573470820679981571e-06 -3.102459735993359683e-07 -4.722058023410105773e-07 7.163554165001680699e-07 7.485277697964859915e-07 1.492892663637413866e-05 9.109376436777144308e-06
8.775000000000000000e+02 2.819268280872322783e-06 -1.901260002153837145e-07 -1.525785864175364869e-06 3.338622351524702790e-07 -1.955385375789138291e-07 1.399359422047983818e-05 8.573362368252314826e-06
8.800000000000000000e+02 2.557590549172032180e-06 -2.806479084350648645e-07 -4.341490019544738710e-07 6.499199837195601832e-07 6.712354729534185449e-07 1.322430811703431190e-05 8.215909324962951865e-06
8.825000000000000000e+02 2.759558350712305282e-06 -1.673251459029004291e-07 -1.359728286529950600e-06 3.036550924082599721e-07 -1.764379428807996074e-07 1.238621791729736423e-05 7.724715680208964769e-06
8.850000000000000000e+02 2.546965819153550685e-06 -2.532118094425754295e-07 -4.007270128951149076e-07 5.872684729291289221e-07 6.018875993718293823e-07 1.171969679044425121e-05 7.426965541263464983e-06
8.875000000000000000e+02 2.709228228434176117e-06 -1.460072707311265388e-07 -1.212194163662220858e-06 2.746791754222282361e-07 -1.580516361513922314e-07 1.097006834509435275e-05 6.976987874475378738e-06
8.900000000000000000e+02 2.541343340932454748e-06 -2.279896975155625164e-07 -3.712636394138532794e-07 5.284367010002448286e-07 5.398814709467846555e-07 1.039379718943806361e-05 6.731788615685381330e-06
8.925000000000000000e+02 2.667873334858590232e-06 -1.263784892697731600e-07 -1.081814014367486276e-06 2.471407846841693828e-07 -1.403869816054528068e-07 9.724465405627357069e-06 6.319739762585058210e-06
8.950000000000000000e+02 2.540423964671226984e-06 -2.050122483951635902e-07 -3.452016545917265350e-07 4.735047649146687611e-07 4.845803217057422022e-07 9.226978517465132706e-06 6.120453623525514596e-06
8.975000000000000000e+02 2.634980894295283429e-06 -1.085675751035410990e-07 -9.671232129581392634e-07 2.212373957242667592e-07 -1.234956277911677691e-07 8.630382059208833244e-06 5.743300174614191769e-06
9.000000000000000000e+02 2.543893413740849364e-06 -1.842930194593794357e-07 -3.220982013033822585e-07 4.225983322055028158e-07 4.353604780889023966e-07 8.201309423025890966e-06 5.583900584486121122e-06
9.025000000000000000e+02 2.609968663724884375e-06 -9.263179738195748702e-08 -8.666169031363655308e-07 1.971676807525918835e-07 -1.074710531071810779e-07 7.670458244524639734e-06 5.238797294501058380e-06
9.050000000000000000e+02 2.551440672127298025e-06 -1.658232188686125528e-07 -3.016360246726178747e-07 3.758596482712261161e-07 3.916641021833794089e-07 7.300522659106266165e-06 5.113911489752395577e-06
9.075000000000000000e+02 2.592210224490833320e-06 -7.855460566946170214e-08 -7.788157969768405132e-07 1.751206637854057602e-07 -9.240989364035866897e-08 6.828984014361127413e-06 4.798157451318683432e-06
9.100000000000000000e+02 2.562792022425775422e-06 -1.495644469992487698e-07 -2.835986546788601269e-07 3.334201241121438306e-07 3.530136926247340818e-07 6.509969093857524236e-06 4.703090620197722247e-06
9.125000000000000000e+02 2.581094579502983067e-06 -6.625748270060788080e-08 -7.022972815318193957e-07 1.552670929945934977e-07 -7.841580935137708711e-08 6.091847115770382158e-06 4.414104394133979719e-06
9.150000000000000000e+02 2.577715119083887819e-06 -1.354405100473783885e-07 -2.678398340029807370e-07 2.953606708838326255e-07 3.189721819098966362e-07 5.816545963210333628e-06 4.344810876589027090e-06
9.175000000000000000e+02 2.575982503590186448e-06 -5.560592156555955094e-08 -6.357732723511627526e-07 1.377628894677841974e-07 -6.556020804845954856e-08 5.446462216012351877e-06 4.080103804535161288e-06
9.200000000000000000e+02 2.595942926629014359e-06 -1.233261557428952576e-07 -2.542213570405598634e-07 2.616974072346865036e-07 2.891257845500348749e-07 5.208589052584734880e-06 4.033114693224217474e-06
9.225000000000000000e+02 2.576272608325427475e-06 -4.643164737309246838e-08 -5.780589596634187682e-07 1.227199364128649640e-07 -5.385123591159406557e-08 4.881673326806531437e-06 3.790332935772411978e-06
9.250000000000000000e+02 2.617299974482902830e-06 -1.130723950675775840e-07 -2.426048366948185143e-07 2.323760267559625099e-07 2.630735176727960849e-07 4.675788210015320696e-06 3.762732105627093097e-06
9.275000000000000000e+02 2.581370458824559211e-06 -3.853845016828056691e-08 -5.281453442055371232e-07 1.102180293565578978e-07 -4.324936222492919079e-08 4.387633734527997042e-06 3.539611111354557115e-06
9.300000000000000000e+02 2.641510120375324857e-06 -1.044918466801286163e-07 -2.328407015809653808e-07 2.072730811678014441e-07 2.404290440129905895e-07 4.209065653684676945e-06 3.528924427613901517e-06
9.325000000000000000e+02 2.590673111223181329e-06 -3.172301961015193988e-08 -4.851553460949834591e-07 1.002861080448946754e-07 -3.365783451975646568e-08 3.955689385504478443e-06 3.323324302386276959e-06
9.350000000000000000e+02 2.668283962610983063e-06 -9.738998353566689669e-08 -2.247560359279513006e-07 1.862106660773479303e-07 2.208083089223654965e-07 3.800451965564749902e-06 3.327473297126540713e-06
9.375000000000000000e+02 2.603586705312415286e-06 -2.579038144032653764e-08 -4.483276467110980053e-07 9.289331646918599359e-08 -2.495843138497119311e-08 3.578236076373861600e-06 3.137358049077731360e-06
9.400000000000000000e+02 2.697271555614351555e-06 -9.157134474240102895e-08 -2.181783486267756100e-07 1.689619212506348843e-07 2.038607899964834707e-07 3.442955421470663889e-06 3.154594449167825098e-06
9.425000000000000000e+02 2.619507246544654782e-06 -2.056357281299364177e-08 -4.169926203652310299e-07 8.794263505276739465e-08 -1.702664129217004134e-08 3.248589694183495503e-06 2.978019787890458635e-06
9.450000000000000000e+02 2.728045050639817047e-06 -8.685660690138232161e-08 -2.129375634058583252e-07 1.552567262822031717e-07 1.892737274407028188e-07 3.130429973757223647e-06 3.006865875339622039e-06
9.475000000000000000e+02 2.637816440190980408e-06 -1.590069307437390593e-08 -3.905670732875478393e-07 8.526986978408794023e-08 -9.728167270760583019e-09 2.960865384772625868e-06 2.841975847373847108e-06
9.500000000000000000e+02 2.760087460145623054e-06 -8.309260950266581245e-08 -2.088710226668623344e-07 1.447962504449646998e-07 1.767686686797496307e-07 2.857448395166498575e-06 2.881166052878543138e-06
9.525000000000000000e+02 2.657886180178650947e-06 -1.170653930827069829e-08 -3.685427768872269914e-07 8.464918192504650873e-08 -2.926527217209910538e-09 2.709867497162457774e-06 2.726201429633077761e-06
9.550000000000000000e+02 2.792797000162515014e-06 -8.015975952393411920e-08 -2.058212730574025608e-07 1.372579277204496938e-07 1.661090700579126860e-07 2.619189677457921241e-06 2.774622302670442974e-06
9.575000000000000000e+02 2.679082847981759503e-06 -7.944384009804705654e-09 -3.504724800337720877e-07 8.581363311008329577e-08 3.511502663938625432e-09 2.490992159188302614e-06 2.627944320140072687e-06
9.600000000000000000e+02 2.825496494837744890e-06 -7.797611051078609113e-08 -2.036419036112297051e-07 1.322994561144967775e-07 1.570924632626187537e-07 2.411334708280632827e-06 2.684565329616437128e-06
9.625000000000000000e+02 2.700770081323014571e-06 -4.639603573894934148e-09 -3.359583604964349778e-07 8.848301284362954518e-08 9.707714202885240580e-09 2.300132438577207154e-06 2.544692766371925582e-06
9.650000000000000000e+02 2.857457229294732233e-06 -7.650027103751123174e-08 -2.021953055789175185e-07 1.295619527959943321e-07 1.495573012329540191e-07 2.229986069508155824e-06 2.608502625799440903e-06
9.675000000000000000e+02 2.722301673036700878e-06 -1.870152306712172082e-09 -3.246158349778450958e-07 9.240008368028061846e-08 1.574187229929435565e-08 2.133588793490511802e-06 2.474145275103746894e-06
9.700000000000000000e+02 2.887951524566940372e-06 -7.574000102354867291e-08 -2.013770244553221885e-07 1.286781737473234594e-07 1.433819037362302631e-07 2.071599402184398592e-06 2.544114550249331318e-06
9.725000000000000000e+02 2.742988395866904950e-06 2.634406951118753677e-10 -3.160206403164685944e-07 9.734749563017853712e-08 2.159818538574682318e-08 1.987984861681933410e-06 2.414160376589508621e-06
9.750000000000000000e+02 2.916320258821763348e-06 -7.576889928144624395e-08 -2.011147512209292822e-07 1.292911450857457402e-07 1.384832414798618571e-07 1.932919594775416188e-06 2.489265499341462625e-06
9.775000000000000000e+02 2.762049372117242421e-06 1.695845275749736277e-09 -3.096652845513629532e-07 1.031112167623871370e-07 2.713310854155834014e-08 1.860202076734508334e-06 2.362681332807068972e-06
9.800000000000000000e+02 2.942054519059115745e-06 -7.674463209784506895e-08 -2.013228888093245753e-07 1.310823630599901840e-07 1.347417016546656277e-07 1.810912135727772161e-06 2.442024508923439177e-06
9.825000000000000000e+02 2.778608584224463912e-06 2.448041317488686115e-09 -3.050363209641598975e-07 1.093578128448620268e-07 3.218164687623966524e-08 1.747339912299908664e-06 2.317653154684617302e-06
9.850000000000000000e+02 2.964817504122152680e-06 -7.888107447904000658e-08 -2.016060889516445475e-07 1.337977236952675320e-07 1.317005716572377468e-07 1.702652378093364061e-06 2.400633802955392123e-06
9.875000000000000000e+02 2.791933067617721324e-06 2.515714212367293026e-09 -3.021811057362646569e-07 1.154857037941631497e-07 3.721169952413039814e-08 1.646693379907619797e-06 2.277056075659752043e-06
9.900000000000000000e+02 2.984210737333277434e-06 -8.223326020611184510e-08 -2.000621156664896500e-07 1.372319693193760369e-07 1.273912776898291161e-07 1.605092622258100062e-06 2.363267664455376673e-06
9.925000000000000000e+02 2.802632511319114951e-06 9.812506943163763678e-10 -3.041895616294660978e-07 1.209158866025120905e-07 4.598317490644233412e-08 1.555683714943502156e-06 2.239616056432564824e-06
9.950000000000000000e+02 2.998898726077189720e-06 -8.604305027762299700e-08 -1.889373641304464520e-07 1.412415857400371931e-07 1.142159284557921466e-07 1.514455748862193836e-06 2.327298030339710176e-06
9.975000000000000000e+02 2.815142537300041079e-06 -5.403250752638755124e-09 -3.225523556655568325e-07 1.267338178368432730e-07 7.039139504404670752e-08 1.471683889034391370e-06 2.206780122085637874e-06
1.000000000000000000e+03 3.007234721734848769e-06 -9.172088464956125183e-08 -1.352679487863030811e-07 1.522391248127501001e-07 6.212739545859244007e-08 1.426229185747094801e-06 2.292851516147346874e-06
