z Tu Tv Tw
0.000000000000000000e+00 5.439844753395443357e-03 5.943343032616674355e-03 -6.652575487527438106e-04
2.500000000000000000e+00 7.436697172423238807e-03 8.031894796279732615e-03 -1.301748867832325457e-03
5.000000000000000000e+00 8.725234068175024768e-03 9.082615791036415670e-03 -2.704278478671024322e-03
7.500000000000000000e+00 8.765440885612190564e-03 8.871910449243198410e-03 -3.279535712122526401e-03
1.000000000000000000e+01 8.454428429503533376e-03 8.400585685676181108e-03 -3.567377268483191890e-03
1.250000000000000000e+01 8.118054251729536069e-03 7.854565417393549395e-03 -3.607845548871014760e-03
1.500000000000000000e+01 7.817349776845814585e-03 7.353110822037422882e-03 -3.620108720139209903e-03
1.750000000000000000e+01 7.593659943211556601e-03 6.911621874113866963e-03 -3.560887317006610191e-03
2.000000000000000000e+01 7.373752054231787374e-03 6.498318554919405021e-03 -3.501477788577109229e-03
2.250000000000000000e+01 7.222544765015353162e-03 6.183187571465854383e-03 -3.419148013092130570e-03
2.500000000000000000e+01 7.037024181409379069e-03 5.854631187652355358e-03 -3.342574551067305135e-03
2.750000000000000000e+01 6.928692126566471030e-03 5.589505493930094562e-03 -3.247734295661218983e-03
3.000000000000000000e+01 6.783142505780348844e-03 5.293358313941908672e-03 -3.171708828141461736e-03
3.250000000000000000e+01 6.685947447050782054e-03 5.045800132196486855e-03 -3.072802971409958461e-03
3.500000000000000000e+01 6.586409510562623096e-03 4.794218810579538650e-03 -2.992135312577953472e-03
3.750000000000000000e+01 6.534518720396812960e-03 4.595085952929153610e-03 -2.889129034178208703e-03
4.000000000000000000e+01 6.460142438417776356e-03 4.407997748494696215e-03 -2.813174177171842618e-03
4.250000000000000000e+01 6.383057950716712961e-03 4.217361587373013275e-03 -2.717578339166373379e-03
4.500000000000000000e+01 6.288864298071348766e-03 4.015399612898308719e-03 -2.636842299289708820e-03
4.750000000000000000e+01 6.222218265241540383e-03 3.848878717815351885e-03 -2.544673661638659559e-03
5.000000000000000000e+01 6.102900627641432395e-03 3.680231616514978345e-03 -2.467352462830921505e-03
5.250000000000000000e+01 6.013584847504591449e-03 3.516376574842341573e-03 -2.382935984544837238e-03
5.500000000000000000e+01 5.931219685386117380e-03 3.351485937791190157e-03 -2.308193014190083620e-03
5.750000000000000000e+01 5.849540459760406257e-03 3.190753035606819742e-03 -2.228742716313464409e-03
6.000000000000000000e+01 5.778043587426137315e-03 3.035929726089636477e-03 -2.157171901919275204e-03
6.250000000000000000e+01 5.713826795939959749e-03 2.873905427354622559e-03 -2.081411793089645197e-03
6.500000000000000000e+01 5.631811800425915240e-03 2.742978373122921532e-03 -2.011357851600047934e-03
6.750000000000000000e+01 5.532933351149084064e-03 2.586422910928805590e-03 -1.939043921364092763e-03
7.000000000000000000e+01 5.444127203922532500e-03 2.436642017541152273e-03 -1.870422131275541926e-03
7.250000000000000000e+01 5.319013236192853510e-03 2.294252383171855019e-03 -1.800986264730066507e-03
7.500000000000000000e+01 5.181172656644243701e-03 2.175536800938062884e-03 -1.733415018991502901e-03
7.750000000000000000e+01 5.072427746319564321e-03 2.077188131002918360e-03 -1.667774623320604022e-03
8.000000000000000000e+01 4.958486210439533651e-03 1.979132547558487901e-03 -1.603609737585251754e-03
8.250000000000000000e+01 4.810220593983855625e-03 1.864667451969905052e-03 -1.539803397797293765e-03
8.500000000000000000e+01 4.652492408588294534e-03 1.765588249691392572e-03 -1.480157178793757100e-03
8.750000000000000000e+01 4.499566568279819018e-03 1.667658529781254921e-03 -1.419365971272193439e-03
9.000000000000000000e+01 4.350949319816617422e-03 1.561102472388199063e-03 -1.365517943825402718e-03
9.250000000000000000e+01 4.215714688711337706e-03 1.465356710105258139e-03 -1.310295934707124584e-03
9.500000000000000000e+01 4.098465776976176027e-03 1.376573882093201293e-03 -1.257839194528359312e-03
9.750000000000000000e+01 3.996272262181374199e-03 1.288142472143016673e-03 -1.207992400094888823e-03
1.000000000000000000e+02 3.900780486209198296e-03 1.197792592168334374e-03 -1.159786535066707628e-03
1.025000000000000000e+02 3.814094137487576957e-03 1.096650298526925197e-03 -1.110158614095886100e-03
1.050000000000000000e+02 3.718339010407919511e-03 1.003444992672651364e-03 -1.065724376856472342e-03
1.075000000000000000e+02 3.629186833383999788e-03 9.170861256687335653e-04 -1.018616774433036111e-03
1.100000000000000000e+02 3.546836016807052103e-03 8.338214143117461501e-04 -9.749175714714120250e-04
1.125000000000000000e+02 3.445144968276218998e-03 7.625188169006544411e-04 -9.308627884746750562e-04
1.150000000000000000e+02 3.331215945674038861e-03 6.927091468699006927e-04 -8.899853655017882703e-04
1.175000000000000000e+02 3.214650446143490093e-03 6.289031388816912959e-04 -8.486609517452970439e-04
1.200000000000000000e+02 3.095464754477577664e-03 5.511528858576029413e-04 -8.094684373371242338e-04
1.225000000000000000e+02 2.978514498709827155e-03 4.839092302415791435e-04 -7.723612731684688024e-04
1.250000000000000000e+02 2.856640606972843648e-03 4.156055144481890073e-04 -7.351490196020539665e-04
1.275000000000000000e+02 2.736421966651086599e-03 3.513914619826053257e-04 -7.026368931910501742e-04
1.300000000000000000e+02 2.619488139563331056e-03 3.070019511716595532e-04 -6.684796882191839339e-04
1.325000000000000000e+02 2.526007120053860768e-03 2.730641396679730419e-04 -6.368581994696105543e-04
1.350000000000000000e+02 2.452122839149135317e-03 2.434420768614935064e-04 -6.055329233589504864e-04
1.375000000000000000e+02 2.387105746251060121e-03 2.160265392601136631e-04 -5.761762411169216429e-04
1.400000000000000000e+02 2.308214922039826707e-03 1.933546534990142807e-04 -5.488699037114732823e-04
1.425000000000000000e+02 2.223119268323354384e-03 1.660659896737430390e-04 -5.211856808563377448e-04
1.450000000000000000e+02 2.130358701794786945e-03 1.367905953576396491e-04 -4.962593065444188432e-04
1.475000000000000000e+02 2.039350371627183991e-03 1.071569351038563424e-04 -4.729160441958215732e-04
1.500000000000000000e+02 1.957528965591284059e-03 8.206315753587548859e-05 -4.496330580077736701e-04
1.525000000000000000e+02 1.872267361414547754e-03 6.261110510859183422e-05 -4.281094007807137143e-04
1.550000000000000000e+02 1.786513982878133256e-03 3.506876908503806986e-05 -4.063897434422269442e-04
1.575000000000000000e+02 1.707485098618903964e-03 1.657564191503051252e-05 -3.856439629024630803e-04
1.600000000000000000e+02 1.631020695053530525e-03 1.655964521977040489e-06 -3.667345487554402473e-04
1.625000000000000000e+02 1.560711214236678527e-03 -1.405810176979978808e-05 -3.468739083164996354e-04
1.650000000000000000e+02 1.483592219428975798e-03 -2.851795424416425493e-05 -3.287320970828346467e-04
1.675000000000000000e+02 1.412095642646073656e-03 -3.988894874794945375e-05 -3.103969443077055990e-04
1.700000000000000000e+02 1.341319097988585016e-03 -5.268697810832341700e-05 -2.929510402949804678e-04
1.725000000000000000e+02 1.279954348180307316e-03 -5.660181639874732054e-05 -2.757311297181077626e-04
1.750000000000000000e+02 1.223712820589232695e-03 -5.483010524659629782e-05 -2.595286819399483845e-04
1.775000000000000000e+02 1.167157313690470564e-03 -5.198193659121913394e-05 -2.432270831388105815e-04
1.800000000000000000e+02 1.113732411247415552e-03 -5.222362839587091994e-05 -2.282438353742757386e-04
1.825000000000000000e+02 1.056068819896318223e-03 -5.628335682372330884e-05 -2.132199737133006964e-04
1.850000000000000000e+02 9.960288272321874119e-04 -6.268761332830333796e-05 -1.999714889975296296e-04
1.875000000000000000e+02 9.324891974045401927e-04 -6.882157858435671905e-05 -1.861584093930015570e-04
1.900000000000000000e+02 8.706509506164628737e-04 -7.037701576870197112e-05 -1.744364117824987327e-04
1.925000000000000000e+02 8.132533425702787857e-04 -6.835064369510549941e-05 -1.622727348205251548e-04
1.950000000000000000e+02 7.603893870705729545e-04 -6.662921889385395877e-05 -1.515425108151923167e-04
1.975000000000000000e+02 7.158315431635396426e-04 -6.566770140769558972e-05 -1.410877798535619624e-04
2.000000000000000000e+02 6.678018500260618929e-04 -6.977341044597797049e-05 -1.311899014230009475e-04
2.025000000000000000e+02 6.225257950506886623e-04 -7.292516395328734510e-05 -1.216605075380528423e-04
2.050000000000000000e+02 5.776839597669416538e-04 -7.601429772548439704e-05 -1.128713468997013310e-04
2.075000000000000000e+02 5.392080749766043572e-04 -7.730771389644361207e-05 -1.042825735854206851e-04
2.100000000000000000e+02 5.068114582579406240e-04 -7.679137829019809340e-05 -9.631174656186761716e-05
2.125000000000000000e+02 4.768290744812896912e-04 -7.516690305396016118e-05 -8.858937996696549942e-05
2.150000000000000000e+02 4.466171026368446172e-04 -7.386717823781422689e-05 -8.159465370547030745e-05
2.175000000000000000e+02 4.191438963257591334e-04 -7.092042253035302354e-05 -7.480868722914161477e-05
2.200000000000000000e+02 3.934956795497403714e-04 -6.835571259334699253e-05 -6.851215004035580156e-05
2.225000000000000000e+02 3.668108329163305447e-04 -6.665952870720194730e-05 -6.236851522491364643e-05
2.250000000000000000e+02 3.398580458738794134e-04 -6.567128894187853629e-05 -5.668407907291651702e-05
2.275000000000000000e+02 3.104225592176869993e-04 -6.436663143803230032e-05 -5.117548550879120778e-05
2.300000000000000000e+02 2.822950798739596668e-04 -6.188950302139399140e-05 -4.625760816870329897e-05
2.325000000000000000e+02 2.548757053084124246e-04 -5.942002968567270624e-05 -4.135119542052946725e-05
2.350000000000000000e+02 2.285914294104659736e-04 -5.623668950059145031e-05 -3.686060913534161657e-05
2.375000000000000000e+02 2.054989883555402087e-04 -5.221706204931110171e-05 -3.245083412024167747e-05
2.400000000000000000e+02 1.857846447064943353e-04 -4.756449720585905231e-05 -2.836637849652068802e-05
2.425000000000000000e+02 1.688094189375074225e-04 -4.410246881086893567e-05 -2.464377852180402122e-05
2.450000000000000000e+02 1.556141706358842112e-04 -4.073037509868613205e-05 -2.114648262078322929e-05
2.475000000000000000e+02 1.441717675610963733e-04 -3.705814962254669619e-05 -1.801211696659759425e-05
2.500000000000000000e+02 1.336232288515292030e-04 -3.275762806736914103e-05 -1.509639303508321107e-05
2.525000000000000000e+02 1.220929924985908769e-04 -2.825543138862909610e-05 -1.250535960020886957e-05
2.550000000000000000e+02 1.096033122792867400e-04 -2.431034219937353589e-05 -1.020363386116634449e-05
2.575000000000000000e+02 9.642470400352338891e-05 -2.034975813227258846e-05 -8.166919789752879517e-06
2.600000000000000000e+02 8.165060642690019773e-05 -1.690644605239913570e-05 -6.371985117301168758e-06
2.625000000000000000e+02 6.622447063327629600e-05 -1.357729382424311968e-05 -4.819704203660697443e-06
2.650000000000000000e+02 5.179427879132923453e-05 -1.050131677410301510e-05 -3.528457177392275525e-06
2.675000000000000000e+02 3.907812491484420961e-05 -7.604870226187322199e-06 -2.518251268406889145e-06
2.700000000000000000e+02 2.831229245771705661e-05 -4.931328920217327895e-06 -1.738743522203883036e-06
2.725000000000000000e+02 1.957985650115159519e-05 -2.793217265617395167e-06 -1.143730445083467432e-06
2.750000000000000000e+02 1.290851394627503978e-05 -1.222947453659565340e-06 -6.932407621486985832e-07
2.775000000000000000e+02 8.286918896905592734e-06 -2.086981072383941389e-07 -3.722702704298698669e-07
2.800000000000000000e+02 5.174813141553806353e-06 3.476005410218077296e-07 -1.472612409085097595e-07
2.825000000000000000e+02 3.187489259376039511e-06 5.697966872797664919e-07 -4.473519147019695357e-09
2.850000000000000000e+02 1.996604587319014089e-06 5.831653786113090406e-07 8.436736433679894836e-08
2.875000000000000000e+02 1.289576566597515062e-06 5.014351983826323837e-07 1.374680800781993485e-07
2.900000000000000000e+02 8.863065416396264474e-07 4.189486030019558428e-07 1.662154050240831814e-07
2.925000000000000000e+02 6.484048822512301148e-07 3.398897067360087923e-07 1.767313773659887095e-07
2.950000000000000000e+02 4.899537506114591226e-07 2.748679238553174145e-07 1.748615285978733117e-07
2.975000000000000000e+02 3.646698791589471423e-07 2.222547893128412722e-07 1.672994846060573183e-07
3.000000000000000000e+02 2.652220598930361998e-07 1.725319183304211931e-07 1.549170777704623582e-07
3.025000000000000000e+02 1.822530118699123902e-07 1.209849101162448285e-07 1.429272607749403420e-07
3.050000000000000000e+02 1.274512248374293798e-07 7.070411923544457739e-08 1.263830167900887546e-07
3.075000000000000000e+02 9.762243250715951239e-08 2.531730624079411853e-08 1.112059304802735913e-07
3.100000000000000000e+02 8.850596580834071117e-08 -1.211590971223583274e-08 9.457214118514083858e-08
3.125000000000000000e+02 8.941594487019524198e-08 -4.761358054218936678e-08 7.947336486572545221e-08
3.150000000000000000e+02 9.573108592700939053e-08 -6.731925768904286774e-08 6.430597858067785833e-08
3.175000000000000000e+02 1.026486892846859918e-07 -8.136564118427435713e-08 4.935691961432631561e-08
3.200000000000000000e+02 1.136850145507852251e-07 -8.320190838233036010e-08 3.472808647951321889e-08
3.225000000000000000e+02 1.315803715923805254e-07 -7.850111123573280454e-08 2.093474731887163834e-08
3.250000000000000000e+02 1.571398365098539896e-07 -6.641311388710423648e-08 1.033753543412673125e-08
3.275000000000000000e+02 1.711313169398405808e-07 -5.446121730006128933e-08 3.958717480275797007e-10
3.300000000000000000e+02 1.729031831662878128e-07 -4.203089758405960896e-08 -6.854766094323506853e-09
3.325000000000000000e+02 1.684731932082422439e-07 -3.222938332824444766e-08 -1.373177578924482213e-08
3.350000000000000000e+02 1.592014437473506321e-07 -2.244047086595349810e-08 -1.840333121144784131e-08
3.375000000000000000e+02 1.470683502198958969e-07 -1.699974013128964016e-08 -2.339082379074653321e-08
3.400000000000000000e+02 1.358851910282581641e-07 -7.010772800136587620e-09 -2.681753969004077802e-08
3.425000000000000000e+02 1.181856250678635120e-07 -5.087318456760199821e-09 -3.056109028208819015e-08
3.450000000000000000e+02 9.888241626932218419e-08 -4.417971165157379296e-09 -3.305193520607480412e-08
3.475000000000000000e+02 8.365962003382474602e-08 -1.058103588342412484e-08 -3.606324633978287518e-08
3.500000000000000000e+02 7.215977176634836933e-08 -1.056779636512033171e-08 -3.826438144339649248e-08
3.525000000000000000e+02 6.382175239964948171e-08 -1.360639580567500658e-08 -4.073133599456574479e-08
3.550000000000000000e+02 5.900088671191528063e-08 -8.213869763986852204e-09 -4.227288811920201504e-08
3.575000000000000000e+02 5.478357597996865671e-08 -7.213039609742145326e-09 -4.390704972008202785e-08
3.600000000000000000e+02 5.308632755136512996e-08 -4.307116501797253194e-10 -4.490127082859656666e-08
3.625000000000000000e+02 5.230561077816468209e-08 2.833839837675091344e-09 -4.589777575813107187e-08
3.650000000000000000e+02 5.254251529727988809e-08 1.060367883753995466e-08 -4.625638504204145568e-08
3.675000000000000000e+02 5.058270538612159588e-08 1.360542421792097513e-08 -4.648056917317659681e-08
3.700000000000000000e+02 4.860449328780971664e-08 2.035350779632758286e-08 -4.641167264721622092e-08
3.725000000000000000e+02 4.571547203436069980e-08 2.494403004702093090e-08 -4.554254514079918006e-08
3.750000000000000000e+02 4.587492447913240657e-08 3.162568930001434992e-08 -4.519788464293640954e-08
3.775000000000000000e+02 4.217958738924372250e-08 3.485899596383632541e-08 -4.319907319672577304e-08
3.800000000000000000e+02 3.935353648804931376e-08 3.590774226972686568e-08 -4.268643199339516260e-08
3.825000000000000000e+02 3.436883797917940363e-08 3.684331992640936448e-08 -4.007995814684350323e-08
3.850000000000000000e+02 3.106194885489637806e-08 3.639427309473409631e-08 -3.963165198975441722e-08
3.875000000000000000e+02 2.993968570039374077e-08 3.564873752518901731e-08 -3.639134623055669299e-08
3.900000000000000000e+02 3.114524142344210614e-08 3.289959499854842051e-08 -3.589482350090889924e-08
3.925000000000000000e+02 3.539040402539677183e-08 2.831875473984009200e-08 -3.211340901567159095e-08
3.950000000000000000e+02 3.949188586355186346e-08 2.408611152530366559e-08 -3.182297843526260318e-08
3.975000000000000000e+02 4.295789508911255406e-08 1.757780695733154080e-08 -2.792473023681390504e-08
4.000000000000000000e+02 4.385436231435720001e-08 1.296748209551906442e-08 -2.818263873905650452e-08
4.025000000000000000e+02 4.849079858991883147e-08 7.697188277927613292e-09 -2.455014149710740754e-08
4.050000000000000000e+02 5.012661236968716408e-08 4.299385488366238000e-09 -2.540278127066218073e-08
4.075000000000000000e+02 5.613904702055120543e-08 1.514971046233111840e-09 -2.238399829481687462e-08
4.100000000000000000e+02 5.994690362162839381e-08 3.404362352155342070e-10 -2.391155337163442754e-08
4.125000000000000000e+02 6.197351151328122289e-08 -2.905963985394934107e-10 -2.155541720261863620e-08
4.150000000000000000e+02 5.932610461978998670e-08 2.357286126589572758e-10 -2.366974242446001540e-08
4.175000000000000000e+02 5.969029029931532477e-08 3.847947063096225818e-09 -2.129181582012243285e-08
4.200000000000000000e+02 6.020229948597996347e-08 9.663774683211844069e-09 -2.398986240715699254e-08
4.225000000000000000e+02 6.109768602934803203e-08 1.601806926529881260e-08 -2.128093211295584238e-08
4.250000000000000000e+02 5.894031183764139028e-08 1.980065316010656969e-08 -2.420138429460479175e-08
4.275000000000000000e+02 5.332028686048701562e-08 2.282393626112256181e-08 -2.139917400535152549e-08
4.300000000000000000e+02 4.744055786934685450e-08 2.194225673333489195e-08 -2.404420982741618752e-08
4.325000000000000000e+02 4.290195856012997983e-08 2.400226749962096900e-08 -2.133727877539237001e-08
4.350000000000000000e+02 4.134310452020763549e-08 2.036938515544753173e-08 -2.366159690072005669e-08
4.375000000000000000e+02 3.933746815423543569e-08 1.660206439551528088e-08 -2.093448378035319594e-08
4.400000000000000000e+02 4.017543993126461510e-08 1.186132238282471591e-08 -2.305288123605489365e-08
4.425000000000000000e+02 4.057914270316526262e-08 4.908015942812487994e-09 -1.999011725147435430e-08
4.450000000000000000e+02 4.074605124966302680e-08 -1.195583955869696724e-10 -2.187291165577217469e-08
4.475000000000000000e+02 3.789484869794559365e-08 -1.024554393459400819e-08 -1.862924949833091765e-08
4.500000000000000000e+02 3.840703949107917350e-08 -1.308801460371094646e-08 -2.022364678274872436e-08
4.525000000000000000e+02 3.652636834605152259e-08 -2.368755588470892032e-08 -1.714070926546166520e-08
4.550000000000000000e+02 3.794686850915346322e-08 -2.507305340023896527e-08 -1.880897500435788709e-08
4.575000000000000000e+02 3.759162265254952586e-08 -3.487616272203094778e-08 -1.614945044480130224e-08
4.600000000000000000e+02 3.813059386494360293e-08 -3.566071329279022803e-08 -1.823857695814431315e-08
4.625000000000000000e+02 3.781029205880667803e-08 -4.385478212508364622e-08 -1.636980224360427689e-08
4.650000000000000000e+02 3.561109989296712924e-08 -4.485454786617421583e-08 -1.837473668085515407e-08
4.675000000000000000e+02 3.612888145998348258e-08 -5.032488339141411823e-08 -1.764200403190889715e-08
4.700000000000000000e+02 3.137338146538863891e-08 -4.955513147436519299e-08 -1.910069454022371895e-08
4.725000000000000000e+02 3.413426128118098465e-08 -5.363332287696127286e-08 -1.952459906333343997e-08
4.750000000000000000e+02 2.817026837365902200e-08 -5.182438931470108537e-08 -2.045316151952042825e-08
4.775000000000000000e+02 3.258871293121995789e-08 -5.597210841576080955e-08 -2.158695333645078903e-08
4.800000000000000000e+02 2.675342147556545042e-08 -4.947628963526825374e-08 -2.201511827356816012e-08
4.825000000000000000e+02 3.204496936221846622e-08 -5.636389768448247202e-08 -2.340814674157998944e-08
4.850000000000000000e+02 2.602040381965688225e-08 -4.568948268172843363e-08 -2.317316644984579309e-08
4.875000000000000000e+02 3.090089092485370015e-08 -5.240547986103164462e-08 -2.449003610598307299e-08
4.900000000000000000e+02 2.510858019999936330e-08 -4.071578276604469479e-08 -2.357784336762401597e-08
4.925000000000000000e+02 2.892119707038878662e-08 -4.642413453309017342e-08 -2.474517452713434835e-08
4.950000000000000000e+02 2.282713666384970460e-08 -3.393104866928945916e-08 -2.306253148371808188e-08
4.975000000000000000e+02 2.531807436669577230e-08 -3.931773259447300998e-08 -2.425532983269066457e-08
5.000000000000000000e+02 1.850429653321975043e-08 -2.656997925723880629e-08 -2.172755337108604164e-08
5.025000000000000000e+02 1.960068896880762600e-08 -3.010591936910255006e-08 -2.289523288340519255e-08
5.050000000000000000e+02 1.213555835314976078e-08 -1.753020449270242021e-08 -1.980207759920667009e-08
5.075000000000000000e+02 1.038696848707469960e-08 -2.062858469051730131e-08 -2.067876953402582011e-08
5.100000000000000000e+02 3.916327028326586803e-09 -9.808570779895817774e-09 -1.754874490233667960e-08
5.125000000000000000e+02 1.407244056185101211e-09 -1.294178303219035359e-08 -1.804686511387935391e-08
5.150000000000000000e+02 -3.229110144585841786e-09 -4.730125014727658129e-09 -1.529938911553878981e-08
5.175000000000000000e+02 -3.865506281370178152e-09 -8.587551076367777177e-09 -1.553475866062662700e-08
5.200000000000000000e+02 -6.665441313196222097e-09 -2.539451124534034996e-09 -1.327652989907459772e-08
5.225000000000000000e+02 -5.527046486539002423e-09 -5.989306879680027130e-09 -1.328451266360383436e-08
5.250000000000000000e+02 -7.247372669144804920e-09 -1.442627556377060068e-09 -1.145756152783426194e-08
5.275000000000000000e+02 -5.266620845036600361e-09 -3.903668911205755461e-09 -1.122317907481491940e-08
5.300000000000000000e+02 -6.527268928598106221e-09 -4.714014729545258614e-10 -9.828180992633753343e-09
5.325000000000000000e+02 -4.288931520367584737e-09 -2.116664569988039276e-09 -9.342234089376119422e-09
5.350000000000000000e+02 -5.291287244354174462e-09 4.149442191828373690e-10 -8.424767125381002666e-09
5.375000000000000000e+02 -3.393061325247112634e-09 -9.304412531366802875e-10 -7.721937148253626754e-09
5.400000000000000000e+02 -4.151922417971307593e-09 1.092634840542120558e-09 -7.218891590061201778e-09
5.425000000000000000e+02 -2.727807970816720673e-09 -2.361339826093179131e-10 -6.397074278363192536e-09
5.450000000000000000e+02 -2.994308472091545805e-09 1.453794731914498133e-09 -6.037528601801718802e-09
5.475000000000000000e+02 -1.604981534649224845e-09 1.956064129215761961e-10 -5.321533022888002816e-09
5.500000000000000000e+02 -1.588022762474170369e-09 1.488431641697626766e-09 -4.800967518904322694e-09
5.525000000000000000e+02 -4.161973335226519889e-11 3.103949653273454478e-10 -4.373347861774273855e-09
5.550000000000000000e+02 -3.284921939079994547e-10 1.415455373941777259e-09 -3.567845292998163018e-09
5.575000000000000000e+02 1.214646077350909058e-09 2.809936137543474262e-10 -3.450589555070979495e-09
5.600000000000000000e+02 4.099402275000687729e-10 1.243020957080999405e-09 -2.460990271683344353e-09
5.625000000000000000e+02 1.464688823693312995e-09 1.661948362737353614e-10 -2.557142542600698719e-09
5.650000000000000000e+02 5.728122571898283488e-10 1.021730321470065514e-09 -1.546141378088770392e-09
5.675000000000000000e+02 1.011692942442438233e-09 8.938983208548633198e-11 -1.724972657672855715e-09
5.700000000000000000e+02 3.775254606859086365e-10 8.143469301118220583e-10 -8.580102336616397910e-10
5.725000000000000000e+02 6.682398303123594547e-10 7.339369072739355219e-11 -9.798423266219774312e-10
5.750000000000000000e+02 2.183804993380165104e-10 4.712939440110391233e-10 -4.037917720686614944e-10
5.775000000000000000e+02 3.759015817048941247e-10 5.649959357880298955e-11 -4.346644300087445523e-10
5.800000000000000000e+02 9.542149520094858445e-11 1.805681040213009807e-10 -1.506971059735988024e-10
5.825000000000000000e+02 1.221295506356846636e-10 3.172884137450905934e-11 -1.348823664418144966e-10
5.850000000000000000e+02 2.530967648416570648e-11 4.518433153844585121e-11 -3.926757175598253154e-11
5.875000000000000000e+02 2.050722731011454896e-11 9.574782932140684897e-12 -2.434730960596489608e-11
5.900000000000000000e+02 4.852877643722870526e-12 6.534348359131344704e-12 -5.832732679475372510e-12
5.925000000000000000e+02 1.086805496812570498e-12 6.887130578205385546e-13 -2.182263525860429848e-12
5.950000000000000000e+02 -5.761458372325491466e-12 -3.114877687730881568e-12 -4.127635743668327159e-13
5.975000000000000000e+02 -1.267207806100777784e-11 -6.900725929113708824e-12 -1.395730163274285880e-13
6.000000000000000000e+02 -1.827441370438274579e-11 -9.368076475011030611e-12 -1.664426365354934054e-14
6.025000000000000000e+02 -2.179654641213799176e-11 -1.070512782585377681e-11 7.517769611199723679e-16
6.050000000000000000e+02 -7.254547792668974460e-12 -3.468208290707106909e-12 -1.905732240802655220e-15
6.075000000000000000e+02 -2.071200299892193154e-12 -9.977845100246264692e-13 3.872280738335606680e-16
6.100000000000000000e+02 -5.805786071085402081e-13 -2.714614562459369185e-13 -1.572369675590240972e-16
6.125000000000000000e+02 2.534904587847670267e-13 1.359877830771174373e-13 -9.827275607129469386e-17
6.150000000000000000e+02 -3.570893176391147204e-13 -1.791730153741437285e-13 -9.904258210585540498e-17
6.175000000000000000e+02 -3.843714167727916743e-13 -1.960815190248312652e-13 1.068273084191123858e-16
6.200000000000000000e+02 1.120759600089491747e-13 5.704335049181276154e-14 3.305231344037811437e-17
6.225000000000000000e+02 -6.502919106737397406e-14 -2.369475444022024395e-14 8.892048544128728390e-18
6.250000000000000000e+02 -4.430256449772712656e-13 -2.086258007873008180e-13 -6.938196597716503205e-17
6.275000000000000000e+02 -2.043438364844104939e-12 -9.629050089127690407e-13 5.296849393739717776e-16
6.300000000000000000e+02 -8.481671020452993356e-12 -4.021287730054022271e-12 -5.334121804246365342e-15
6.325000000000000000e+02 -9.358559729375204134e-12 -4.477588835330008635e-12 3.395171570052415724e-14
6.350000000000000000e+02 5.579326368812477118e-12 3.273737649394942625e-13 -4.154971245299314666e-12
6.375000000000000000e+02 9.537926964048038017e-12 1.078597446509978343e-10 4.153562175808072789e-11
6.400000000000000000e+02 3.590349837240651957e-10 -1.492898102909608320e-09 -1.777963889175274345e-09
6.425000000000000000e+02 1.787149790908039163e-08 2.314941045849888409e-08 2.921011899109779925e-08
6.450000000000000000e+02 4.599494308991475852e-07 -5.070878961869254815e-08 -4.280054678033668107e-08
6.475000000000000000e+02 3.922257022848831908e-06 -1.355658745308974913e-07 7.555724780859073764e-07
6.500000000000000000e+02 1.352999924803075394e-05 -2.340549641943515663e-07 -6.403761641008321014e-08
6.525000000000000000e+02 1.606014272162083624e-05 2.304173981455408383e-06 4.237428818970514370e-07
6.550000000000000000e+02 -4.648278716869640691e-07 -2.923439385851384444e-06 -1.642061873575060296e-07
6.575000000000000000e+02 -2.969184536139199643e-05 2.130375821628445326e-06 3.506114946224244868e-07
6.600000000000000000e+02 -4.932708022427237209e-05 -3.131564777096812725e-06 -3.563289534339635420e-07
6.625000000000000000e+02 -6.914009600467413245e-05 2.379333564886251866e-06 8.776355728188241236e-08
6.650000000000000000e+02 -8.321822152947884487e-05 -3.227532298960317749e-06 1.159252889062630197e-08
6.675000000000000000e+02 -9.944385503373291972e-05 2.203859417805888155e-06 3.741452744360350854e-08
6.700000000000000000e+02 -1.089332668535963037e-04 -2.753951721073741322e-06 3.103113125772693900e-07
6.725000000000000000e+02 -1.183848096620520950e-04 1.911046217088222549e-06 -7.012402024363950433e-08
6.750000000000000000e+02 -1.213402591009428904e-04 -2.314229062932329989e-06 5.711617241493564667e-07
6.775000000000000000e+02 -1.232635195917066307e-04 1.361042955851389703e-06 -1.445616778985990299e-07
6.800000000000000000e+02 -1.195491860310295465e-04 -1.797540946329056238e-06 7.347668417349086913e-07
6.825000000000000000e+02 -1.139943314462570843e-04 8.286316378806669165e-07 -1.190829538751205828e-07
6.850000000000000000e+02 -1.040588620426581616e-04 -1.288185182546384150e-06 7.671591803998461233e-07
6.875000000000000000e+02 -9.207031770242387573e-05 4.278540480335680510e-07 1.890744121878272749e-08
6.900000000000000000e+02 -7.735322504175563265e-05 -9.106700560065916427e-07 7.198599878263043514e-07
6.925000000000000000e+02 -6.102583357525646776e-05 1.214028805805672149e-07 1.912757196941654286e-07
6.950000000000000000e+02 -4.316665310749790612e-05 -6.230844369924318596e-07 6.156055414986393653e-07
6.975000000000000000e+02 -2.459659260736753191e-05 -1.202301658671456560e-10 3.324199675430106880e-07
7.000000000000000000e+02 -5.108323758616380653e-06 -4.059206981287231358e-07 5.072131808295245064e-07
7.025000000000000000e+02 1.398011935584078968e-05 2.024872100655746167e-07 4.175976419306480690e-07
7.050000000000000000e+02 3.366287958132766492e-05 -2.734418462851903469e-07 4.686747998409855738e-07
7.075000000000000000e+02 5.138122582084001563e-05 6.807298637456892809e-07 4.369329443703893704e-07
7.100000000000000000e+02 6.974742725235955792e-05 -3.501502444918590428e-07 5.718951426250610142e-07
7.125000000000000000e+02 8.386574157885775356e-05 1.173193081689281999e-06 3.649491591246273081e-07
7.150000000000000000e+02 9.921183319400179838e-05 -8.188417352769665250e-07 8.602407481483036561e-07
7.175000000000000000e+02 1.076119808494803280e-04 1.533465113909924919e-06 1.747592425187374173e-07
7.200000000000000000e+02 1.183842145839232590e-04 -1.545006881659679322e-06 1.338154913440173148e-06
7.225000000000000000e+02 1.195575675832125334e-04 1.910006162552935103e-06 -1.205533525252358006e-07
7.250000000000000000e+02 1.247052202355895508e-04 -2.168834363907534522e-06 1.976887875806935503e-06
7.275000000000000000e+02 1.181376002683425436e-04 2.593024496597603256e-06 -4.520992084915650003e-07
7.300000000000000000e+02 1.169082468937208535e-04 -2.460313989776954739e-06 2.681127407621672253e-06
7.325000000000000000e+02 1.026397829805196038e-04 3.190014676968078016e-06 -7.437310941021033644e-07
7.350000000000000000e+02 9.501222417046008544e-05 -2.617243291150370082e-06 3.332542405322517374e-06
7.375000000000000000e+02 7.591855997978906112e-05 3.559230558310455622e-06 -9.907987741142623137e-07
7.400000000000000000e+02 6.501599498770153755e-05 -2.685161240304043472e-06 3.846664397725375588e-06
7.425000000000000000e+02 4.018964939580377103e-05 3.568510912474581121e-06 -1.009517812273642312e-06
7.450000000000000000e+02 1.725902146522160382e-05 -2.668959876689852344e-06 4.544568493780017847e-06
7.475000000000000000e+02 -7.203779040595155579e-06 2.559173030257048445e-06 4.801781342742990830e-07
7.500000000000000000e+02 -8.142089142337047264e-06 -5.525493986806148435e-07 3.382847986464447898e-06
7.525000000000000000e+02 -3.920486607623341078e-06 4.159728474540430012e-07 2.655996687774315181e-06
7.550000000000000000e+02 -1.129161328778602883e-06 -6.238902421235133000e-08 1.837474121030619839e-06
7.575000000000000000e+02 -8.589283177312433964e-07 1.470524627385230972e-07 1.727498970433359473e-06
7.600000000000000000e+02 -7.009096947842750546e-07 4.411114749790028086e-08 1.726223884731711862e-06
7.625000000000000000e+02 -8.690106607886009975e-07 1.319704061011631833e-07 2.201647875339064263e-06
7.650000000000000000e+02 -8.955988557024940026e-07 1.746883370431509426e-07 2.274843172863931386e-06
7.675000000000000000e+02 -8.443529982319592146e-07 9.517193422128891815e-08 2.404703283383154272e-06
7.700000000000000000e+02 -9.491439495047206942e-07 2.420156915176875640e-07 2.294485598674944936e-06
7.725000000000000000e+02 -7.589083736987613502e-07 3.941581918973991867e-08 2.340770686013305898e-06
7.750000000000000000e+02 -9.912327978204109110e-07 2.971202184760866732e-07 2.247753543624863863e-06
7.775000000000000000e+02 -6.918118514541170112e-07 -1.092942061198654839e-08 2.271352052551297851e-06
7.800000000000000000e+02 -1.025546430449144132e-06 3.393367022424618783e-07 2.167003580415791988e-06
7.825000000000000000e+02 -6.376724358587131185e-07 -5.575090881187763674e-08 2.174317824802961345e-06
7.850000000000000000e+02 -1.048074060230071616e-06 3.698785389673056084e-07 2.059954435697310306e-06
7.875000000000000000e+02 -5.951969264406638107e-07 -9.314720806329777326e-08 2.056022818923023941e-06
7.900000000000000000e+02 -1.059062704955383678e-06 3.912430464688506163e-07 1.938090114475189774e-06
7.925000000000000000e+02 -5.625648658641144737e-07 -1.220829502969381193e-07 1.922484084372639954e-06
7.950000000000000000e+02 -1.059306813662369819e-06 4.040777301706429666e-07 1.807309423615762486e-06
7.975000000000000000e+02 -5.381976491974803684e-07 -1.424640476872478674e-07 1.779387100906979655e-06
8.000000000000000000e+02 -1.050536662753897172e-06 4.084883295138252740e-07 1.672027789439440426e-06
8.025000000000000000e+02 -5.208473985502808235e-07 -1.550671321642880724e-07 1.631962324680999160e-06
8.050000000000000000e+02 -1.034866506218566350e-06 4.048147275513516699e-07 1.535900978591088320e-06
8.075000000000000000e+02 -5.094693962504147043e-07 -1.612346631952461725e-07 1.484577218977382096e-06
8.100000000000000000e+02 -1.014280359998567333e-06 3.939056047639973013e-07 1.401866372183757300e-06
8.125000000000000000e+02 -5.031393597615561477e-07 -1.624575911376578457e-07 1.340745898711502786e-06
8.150000000000000000e+02 -9.903792415441149645e-07 3.770401889617654529e-07 1.272143718581336971e-06
8.175000000000000000e+02 -5.009689196835987489e-07 -1.600890794212205846e-07 1.203239729200838913e-06
8.200000000000000000e+02 -9.643226722859448763e-07 3.557408486612365219e-07 1.148279595079327887e-06
8.225000000000000000e+02 -5.020313597753080594e-07 -1.552142156387760420e-07 1.074126609017082198e-06
8.250000000000000000e+02 -9.369658021496715923e-07 3.315742165223413869e-07 1.031365498832833265e-06
8.275000000000000000e+02 -5.054035608282586299e-07 -1.486365934147994876e-07 9.547160510523386261e-07
8.300000000000000000e+02 -9.089858928633194481e-07 3.059678008145338743e-07 9.221734684697802869e-07
8.325000000000000000e+02 -5.101196365216043391e-07 -1.409138903762329621e-07 8.455259721868053622e-07
8.350000000000000000e+02 -8.808289570732822285e-07 2.800652362526292930e-07 8.211867406378586272e-07
8.375000000000000000e+02 -5.153818304461932605e-07 -1.324435347549163093e-07 7.465218115825710453e-07
8.400000000000000000e+02 -8.530141533842534427e-07 2.547394327347228579e-07 7.286676462785907875e-07
8.425000000000000000e+02 -5.204992453311223808e-07 -1.234736560086065237e-07 6.573701843498835772e-07
8.450000000000000000e+02 -8.258467541361601005e-07 2.305414407025726767e-07 6.446607468591587100e-07
8.475000000000000000e+02 -5.249384660982974670e-07 -1.142285852189122242e-07 5.774739374788457077e-07
8.500000000000000000e+02 -7.995662842091967287e-07 2.078027951038667754e-07 5.689911925736838721e-07
8.525000000000000000e+02 -5.283477464715343139e-07 -1.049085369029590529e-07 5.061880056858206846e-07
8.550000000000000000e+02 -7.743039431495491209e-07 1.866908671154723567e-07 5.013183008493055027e-07
8.575000000000000000e+02 -5.305066868933642196e-07 -9.570343822718292589e-08 4.428722670124297974e-07
8.600000000000000000e+02 -7.501059150954313802e-07 1.672490058108018897e-07 4.411448783166696777e-07
8.625000000000000000e+02 -5.312955169150001808e-07 -8.678939648960213403e-08 3.869200591096693017e-07
8.650000000000000000e+02 -7.269146116713009669e-07 1.494547475915495389e-07 3.878835963846340329e-07
8.675000000000000000e+02 -5.306635075752413873e-07 -7.831408596838661610e-08 3.377258627518417089e-07
8.700000000000000000e+02 -7.046145007504547530e-07 1.332371206130946257e-07 3.408899326033000591e-07
8.725000000000000000e+02 -5.285880861131113925e-07 -7.037467521845235688e-08 2.946884898041567468e-07
8.750000000000000000e+02 -6.830533303058525606e-07 1.185051687332556721e-07 2.995187155914843994e-07
8.775000000000000000e+02 -5.250838830683806963e-07 -6.303453338139750390e-08 2.572081830678056606e-07
8.800000000000000000e+02 -6.620649043016310153e-07 1.051673251729515206e-07 2.631579836093262507e-07
8.825000000000000000e+02 -5.201633224210931659e-07 -5.631439851988099504e-08 2.246880151773364141e-07
8.850000000000000000e+02 -6.414866748258359089e-07 9.313493145000289711e-08 2.312620131698304937e-07
8.875000000000000000e+02 -5.138423557906888123e-07 -5.021060407058484856e-08 1.965550153876800485e-07
8.900000000000000000e+02 -6.211673692650762954e-07 8.232434248783693925e-08 2.033455522330685164e-07
8.925000000000000000e+02 -5.061472226614072623e-07 -4.471012631569543471e-08 1.722811917120524608e-07
8.950000000000000000e+02 -6.009680524098969136e-07 7.265470314725717324e-08 1.789920771569604531e-07
8.975000000000000000e+02 -4.970910594325294763e-07 -3.979055577554327636e-08 1.513845536598898801e-07
9.000000000000000000e+02 -5.807930172398784471e-07 6.401947947024412105e-08 1.578186226178681276e-07
9.025000000000000000e+02 -4.866977611100171538e-07 -3.544025448701091695e-08 1.334389564166447407e-07
9.050000000000000000e+02 -5.604863381270693041e-07 5.633655232698074367e-08 1.394649987419903048e-07
9.075000000000000000e+02 -4.749688959347346187e-07 -3.163840779648774755e-08 1.180690254858183092e-07
9.100000000000000000e+02 -5.399542773204923504e-07 4.948963099303254516e-08 1.236029810126223616e-07
9.125000000000000000e+02 -4.619255683012121931e-07 -2.836818125499919046e-08 1.049422157130626958e-07
9.150000000000000000e+02 -5.190780433508723951e-07 4.336630432015503853e-08 1.099185820196628100e-07
9.175000000000000000e+02 -4.475398509823538534e-07 -2.560721529723554560e-08 9.376714353586553184e-08
9.200000000000000000e+02 -4.977180263594583087e-07 3.785846512831068820e-08 9.812717539142667212e-08
9.225000000000000000e+02 -4.318059043979305908e-07 -2.332252760189321600e-08 8.428366978460851749e-08
9.250000000000000000e+02 -4.757516253911027730e-07 3.287443753287110463e-08 8.797980951390069227e-08
9.275000000000000000e+02 -4.146845494428454370e-07 -2.147264950396032791e-08 7.626412844122637245e-08
9.300000000000000000e+02 -4.530107994180017510e-07 2.833691456415824765e-08 7.925898209537137965e-08
9.325000000000000000e+02 -3.961207566379393890e-07 -2.000299006002962596e-08 6.950012746994563610e-08
9.350000000000000000e+02 -4.293400692652483052e-07 2.419283661796238368e-08 7.177985039154182362e-08
9.375000000000000000e+02 -3.760637098975192359e-07 -1.884652109403896708e-08 6.381032926732866972e-08
9.400000000000000000e+02 -4.045903528617982187e-07 2.041357348472363313e-08 6.538878948288176339e-08
9.425000000000000000e+02 -3.544546709535474468e-07 -1.792123510656940486e-08 5.903272226567936228e-08
9.450000000000000000e+02 -3.786172235274982611e-07 1.699595989255859147e-08 5.995008132966926649e-08
9.475000000000000000e+02 -3.312466898496905246e-07 -1.713948626344037715e-08 5.502241552869169233e-08
9.500000000000000000e+02 -3.513018099346676907e-07 1.395179417260210923e-08 5.533996208364893626e-08
9.525000000000000000e+02 -3.064067861382898184e-07 -1.640940793382285365e-08 5.165499891156326660e-08
9.550000000000000000e+02 -3.225531495433127414e-07 1.130237048306394171e-08 5.143684064399273210e-08
9.575000000000000000e+02 -2.799173300537674119e-07 -1.563567966224985978e-08 4.883159319797793331e-08
9.600000000000000000e+02 -2.923136701780653575e-07 9.069356145974606831e-09 4.810807754648775518e-08
9.625000000000000000e+02 -2.518514636928861147e-07 -1.475932903218233755e-08 4.648136483865996834e-08
9.650000000000000000e+02 -2.605666787587510738e-07 7.264026894034848258e-09 4.521355834958783682e-08
9.675000000000000000e+02 -2.222524111546521284e-07 -1.369641685048123587e-08 4.456198116653650714e-08
9.700000000000000000e+02 -2.273293111398466750e-07 5.884385593045562161e-09 4.261347911075772673e-08
9.725000000000000000e+02 -1.912641000213196109e-07 -1.240670649939291620e-08 4.304038707678355773e-08
9.750000000000000000e+02 -1.926524774320353024e-07 4.912024731959438194e-09 4.018798832143243183e-08
9.775000000000000000e+02 -1.590420244341063542e-07 -1.085438252358046778e-08 4.183565659947346109e-08
9.800000000000000000e+02 -1.566430781537010636e-07 4.307586443952096368e-09 3.786386818831524843e-08
9.825000000000000000e+02 -1.257121442681087983e-07 -9.007967561387189078e-09 4.066825815287928271e-08
9.850000000000000000e+02 -1.194586751047155567e-07 4.018341834580816306e-09 3.556246307623226026e-08
9.875000000000000000e+02 -9.130487501952972684e-08 -6.852352950828023436e-09 3.868128975317992675e-08
9.900000000000000000e+02 -8.126139640915588634e-08 3.888986012197418986e-09 3.269648168977491616e-08
9.925000000000000000e+02 -5.583293857796794316e-08 -4.438029768736847886e-09 3.328969238040120297e-08
9.950000000000000000e+02 -4.286540536849932831e-08 3.617126166471209868e-09 2.719695544253629157e-08
9.975000000000000000e+02 -1.700091506664940010e-08 -1.338159943175006016e-09 1.643662074767623881e-08
1.000000000000000000e+03 -2.570935672304785501e-09 -6.256458278372752011e-09 3.983301500521267042e-09
