# f, Suu, Svv, Sww
0.000000000000000000e+00 2.607629991092720242e-02 4.649915143542898179e-03 3.274450476221021315e-03
3.030303030303030300e-04 1.386445602578795011e+00 5.271085272098202656e-01 8.024893466705920742e-02
6.060606060606060601e-04 8.314853195542817321e-01 2.564843338510830462e-01 8.864693910060383875e-02
9.090909090909090901e-04 9.990032540716390352e-01 1.262713277061615624e-01 7.961150406958462933e-02
1.212121212121212120e-03 8.260696986003437381e-01 1.213011043214404505e-01 8.947250713485989382e-02
1.515151515151515150e-03 6.977579560281216287e-01 1.022815946362397727e-01 8.978060165350038035e-02
1.818181818181818180e-03 8.739247322434852139e-01 1.199005787004214091e-01 1.125088573908324813e-01
2.121212121212121427e-03 8.806285874461747820e-01 1.206396028942189197e-01 7.886370684404231390e-02
2.424242424242424240e-03 9.262933861338108477e-01 1.148520442843629780e-01 9.336585922624691947e-02
2.727272727272727487e-03 7.455067823224894585e-01 1.191085071581245713e-01 8.301273615783086313e-02
3.030303030303030300e-03 8.375997621413696637e-01 1.289493406952380294e-01 8.499752252089856630e-02
3.333333333333333547e-03 7.838042778433366164e-01 1.975845427215414118e-01 7.838452240251503333e-02
3.636363636363636360e-03 1.149607545144180065e+00 2.873289459389566924e-01 1.091803647428831042e-01
3.939393939393939607e-03 7.358133960898184389e-01 1.887064272630898654e-01 7.540716839412282824e-02
4.242424242424242854e-03 7.524009152552038060e-01 2.567943741873786601e-01 7.850791960636500921e-02
4.545454545454545234e-03 7.471823458436865906e-01 1.312779227803245186e-01 8.103688288301691411e-02
4.848484848484848481e-03 6.547083111591237570e-01 1.679528011257120923e-01 7.540868750474567783e-02
5.151515151515151728e-03 8.877639088711442028e-01 1.673564507741333862e-01 1.005840585727440784e-01
5.454545454545454974e-03 1.373440017791450973e+00 1.243148929582830742e-01 1.015794998766675339e-01
5.757575757575757354e-03 6.467800574017834592e-01 1.327808333418310782e-01 8.906642431340841548e-02
6.060606060606060601e-03 1.236783111251081424e+00 1.600657314071504134e-01 9.329219444409400652e-02
6.363636363636363848e-03 6.584692143793787755e-01 1.427063944910938187e-01 7.778170469174040813e-02
6.666666666666667095e-03 7.726183098851198139e-01 1.457229409274195531e-01 7.718744997348279957e-02
6.969696969696969474e-03 5.420185771926021578e-01 1.435600612686149524e-01 7.506667569717480337e-02
7.272727272727272721e-03 5.791919846139429451e-01 1.437003823215373677e-01 9.261412357602627488e-02
7.575757575757575968e-03 5.895469253354572725e-01 1.595463366992388998e-01 9.210316027406420525e-02
7.878787878787879215e-03 6.826240049212686234e-01 1.794520242733359805e-01 8.562431236372332333e-02
8.181818181818182462e-03 7.516473928240751112e-01 2.113260107295807100e-01 9.971103486234288160e-02
8.484848484848485708e-03 6.511801330623177009e-01 2.108779705842255825e-01 8.944243983487759619e-02
8.787878787878787221e-03 7.198153862105669543e-01 2.009740158091699591e-01 8.346193884494496062e-02
9.090909090909090468e-03 6.009554200759267273e-01 1.930463149905499443e-01 8.998383807139062607e-02
9.393939393939393714e-03 5.670936969245025105e-01 1.395597354154940739e-01 8.021710806028298224e-02
9.696969696969696961e-03 6.346830761896022910e-01 1.874939156429652198e-01 9.484002898911601809e-02
1.000000000000000021e-02 6.212764159879571313e-01 1.529468704617299724e-01 9.241823740812110666e-02
1.030303030303030346e-02 6.893863468782628345e-01 1.561168578413485442e-01 1.049788896333035126e-01
1.060606060606060670e-02 6.192360794907776356e-01 1.248488537494358286e-01 9.335933619396184768e-02
1.090909090909090995e-02 7.345133840085948940e-01 1.256085094091995980e-01 9.873453702872729554e-02
1.121212121212121146e-02 6.881998109605416136e-01 2.445958761116562297e-01 1.004584709289852579e-01
1.151515151515151471e-02 6.895678236002700245e-01 1.259621789225454924e-01 8.491466935230812529e-02
1.181818181818181795e-02 5.849580492184420777e-01 1.960180080044768569e-01 8.443778791097329706e-02
1.212121212121212120e-02 5.392982884861309278e-01 2.268773981953118302e-01 8.806989558548840302e-02
1.242424242424242445e-02 7.009587771404697243e-01 2.506310514013089796e-01 9.302359922025865702e-02
1.272727272727272770e-02 5.778912767271610074e-01 1.499798135403702104e-01 8.800633434617032014e-02
1.303030303030303094e-02 5.395297108004480924e-01 1.306506380802353873e-01 8.744917535977418666e-02
1.333333333333333419e-02 5.611399437940669532e-01 2.658492628600698238e-01 9.535027691592667942e-02
1.363636363636363570e-02 4.943876336885749678e-01 1.517373027218134329e-01 9.483412330804451285e-02
1.393939393939393895e-02 5.886527646997118390e-01 1.552533299109806753e-01 1.033318517645980400e-01
1.424242424242424220e-02 6.033953323858554096e-01 1.664823318287698140e-01 1.013842663332016059e-01
1.454545454545454544e-02 6.633808598229817832e-01 1.510608339522940824e-01 9.751006514322614616e-02
1.484848484848484869e-02 5.790030088241271411e-01 1.982495711077009726e-01 8.744474067225180280e-02
1.515151515151515194e-02 4.506902635615183117e-01 1.376562572059498168e-01 8.639338211893153596e-02
1.545454545454545518e-02 4.282725505829707568e-01 1.615162106530614872e-01 8.870035686103934502e-02
1.575757575757575843e-02 4.480207281774810091e-01 2.436517709481265948e-01 8.048752529538789890e-02
1.606060606060605994e-02 5.374069371202846446e-01 1.606380438696463908e-01 1.030438455936149716e-01
1.636363636363636492e-02 4.661418791504329806e-01 1.538299592778572811e-01 9.082409389540387068e-02
1.666666666666666644e-02 4.629345468198504676e-01 1.774328697691126278e-01 9.010544537229794870e-02
1.696969696969697142e-02 4.465752761914895674e-01 1.781020288500316795e-01 8.882092698929792973e-02
1.727272727272727293e-02 4.544761825836748370e-01 1.609169754080103376e-01 9.719176030338354255e-02
1.757575757575757444e-02 4.848032598400058846e-01 2.059679009150344742e-01 1.080846949524328776e-01
1.787878787878787942e-02 5.114808863972843955e-01 1.819019210948816523e-01 1.050027079781745698e-01
1.818181818181818094e-02 4.913946727510362100e-01 1.488687261916424864e-01 1.029803578976116463e-01
1.848484848484848592e-02 4.522054057377231651e-01 1.429172492630941260e-01 8.285352135854291700e-02
1.878787878787878743e-02 5.980609817590520905e-01 1.825659002569847145e-01 8.517214165410495752e-02
1.909090909090909241e-02 4.011264981180860389e-01 1.349665483630340113e-01 7.428021409551398280e-02
1.939393939393939392e-02 4.468696620468127767e-01 1.393553104345405802e-01 8.828191149676181682e-02
1.969696969696969543e-02 4.542744309053891039e-01 1.555888984706602918e-01 8.309474982055400916e-02
2.000000000000000042e-02 4.731565414566107908e-01 1.970697737252959103e-01 8.801957452959464911e-02
2.030303030303030193e-02 4.800418605044990406e-01 1.772112654601738779e-01 8.627053524066848056e-02
2.060606060606060691e-02 4.642236716800027252e-01 1.706735217003973182e-01 8.423379877295868179e-02
2.090909090909090842e-02 4.206940093121803725e-01 1.769972878569348596e-01 8.120349622330204353e-02
2.121212121212121340e-02 4.346142802310583586e-01 2.316316089113312215e-01 8.460007916057445121e-02
2.151515151515151492e-02 4.822050323337946365e-01 1.861681384536908457e-01 9.400846412585038558e-02
2.181818181818181990e-02 4.310945777025428916e-01 2.223012426523247598e-01 8.748764230237114636e-02
2.212121212121212141e-02 3.784258158398400296e-01 1.794904305400493727e-01 8.577827904008669679e-02
2.242424242424242292e-02 3.971711950169537486e-01 1.970296957626201939e-01 8.679447109947420469e-02
2.272727272727272790e-02 4.294661044791514559e-01 1.670335618944810696e-01 9.518029686411767776e-02
2.303030303030302942e-02 4.918393279225889425e-01 1.896962082223608570e-01 8.851066609669058782e-02
2.333333333333333440e-02 3.810580138888472468e-01 1.883497657406614512e-01 8.681981910979910677e-02
2.363636363636363591e-02 4.095910566493962679e-01 1.028957668010146431e-01 7.104147101069066550e-02
2.393939393939394089e-02 4.221123501383704513e-01 1.255846354602447035e-01 8.319080806695061669e-02
2.424242424242424240e-02 4.438636969834455770e-01 1.312666154035894706e-01 8.907996878829316234e-02
2.454545454545454392e-02 4.892925677449665445e-01 1.319264263510445956e-01 8.483944007498492312e-02
2.484848484848484890e-02 5.018756512250129864e-01 1.870588938734198958e-01 9.064899773771492586e-02
2.515151515151515041e-02 4.007505706835766124e-01 1.898275395241292018e-01 8.641585877225618773e-02
2.545454545454545539e-02 4.195243059933559393e-01 2.163110837174898049e-01 9.524230361756860774e-02
2.575757575757575690e-02 3.775670518440482071e-01 2.233135965639773401e-01 9.821127667236448366e-02
2.606060606060606188e-02 3.757431494261924132e-01 2.426474795191328193e-01 8.533011695862972867e-02
2.636363636363636340e-02 4.201333236416535111e-01 1.641190577274190543e-01 9.295184470960926593e-02
2.666666666666666838e-02 3.349455513660553052e-01 1.450251073960384662e-01 7.653950003310272532e-02
2.696969696969696989e-02 4.424494037448243877e-01 1.676025626294115334e-01 9.310578978779247838e-02
2.727272727272727140e-02 3.531715495898106183e-01 1.861013098536676291e-01 9.571237349825055529e-02
2.757575757575757638e-02 3.672356733920735805e-01 1.395123395477650130e-01 7.781163798902095141e-02
2.787878787878787790e-02 3.829816407531512756e-01 1.660470879176952352e-01 9.047298029598593860e-02
2.818181818181818288e-02 3.974535312119154007e-01 1.676682517884309498e-01 9.052012096345939118e-02
2.848484848484848439e-02 3.943215337933922426e-01 2.010797844333735152e-01 8.958661414778662513e-02
2.878787878787878937e-02 3.698562263051266563e-01 1.577970531274988930e-01 7.531834098852965842e-02
2.909090909090909088e-02 3.591812706888317663e-01 1.662121385154685937e-01 8.227488470291938194e-02
2.939393939393939240e-02 3.310301855932668569e-01 1.357436989847016773e-01 8.202209698599413623e-02
2.969696969696969738e-02 3.745053334932522682e-01 2.029867569797965399e-01 8.556651760184376398e-02
2.999999999999999889e-02 3.538615576264572682e-01 1.927188416422802586e-01 9.206540538942879770e-02
3.030303030303030387e-02 3.427559029411904601e-01 2.271563159318844560e-01 7.353000769159774574e-02
3.060606060606060538e-02 3.991504011819645426e-01 1.480282125770261969e-01 7.485142793704592512e-02
3.090909090909091037e-02 3.686460439526824673e-01 1.721745763205351498e-01 8.572424258273804443e-02
3.121212121212121188e-02 3.492859169670415875e-01 1.481037084434952966e-01 8.043873001350891616e-02
3.151515151515151686e-02 3.352207485325280345e-01 1.739048438834279731e-01 8.191754078021547258e-02
3.181818181818181490e-02 3.271648607120363206e-01 1.783999507133401941e-01 8.305045758690127178e-02
3.212121212121211988e-02 3.911875003558550334e-01 1.738450759564472980e-01 8.393187850463636190e-02
3.242424242424242486e-02 3.776186531746980046e-01 1.651142611344534605e-01 8.495977022698844583e-02
3.272727272727272985e-02 3.702411483093641098e-01 1.389873749072230436e-01 9.748549664412302362e-02
3.303030303030302789e-02 3.206294775256787744e-01 1.021520769145160545e-01 9.385441798687281512e-02
3.333333333333333287e-02 3.694145415524985321e-01 1.408019231122736581e-01 9.851915614574427438e-02
3.363636363636363785e-02 3.006221015770790816e-01 1.461175959319735151e-01 7.944416586524288837e-02
3.393939393939394283e-02 3.798883176037187170e-01 1.685723488866190944e-01 8.906393308396506892e-02
3.424242424242424088e-02 3.330661186020005271e-01 1.459026959080534092e-01 9.893735151278117146e-02
3.454545454545454586e-02 3.430344137819200667e-01 1.404181819708190393e-01 7.423000489023713622e-02
3.484848484848485084e-02 3.073873970370064601e-01 2.079470405365553831e-01 8.165133548969519262e-02
3.515151515151514888e-02 3.150794325769257220e-01 1.512884813774886539e-01 8.824639403518252934e-02
3.545454545454545386e-02 3.610650469724011602e-01 1.601792877461632181e-01 8.731033648851452278e-02
3.575757575757575885e-02 3.100955641235675908e-01 1.855383889659305563e-01 1.029450439461906119e-01
3.606060606060606383e-02 3.271212448906296033e-01 2.431396070588833502e-01 8.570118038933011162e-02
3.636363636363636187e-02 3.089889295863629259e-01 1.477543333356520494e-01 7.696847894449070082e-02
3.666666666666666685e-02 3.415034732613988488e-01 1.646423662482215389e-01 7.078974075757116236e-02
3.696969696969697183e-02 3.123961075508025487e-01 1.385578401196972398e-01 8.760850505663794752e-02
3.727272727272726988e-02 3.526549245303074454e-01 1.394235378619282095e-01 8.576926543692132976e-02
3.757575757575757486e-02 2.717257072953807584e-01 1.659692759834383025e-01 9.758805607224373124e-02
3.787878787878787984e-02 2.784163680421601894e-01 1.392502475071271950e-01 8.529998870609324657e-02
3.818181818181818482e-02 4.097751823636041069e-01 1.713410862519186839e-01 8.864899353163421813e-02
3.848484848484848286e-02 3.052407219587963128e-01 1.790313163808278096e-01 7.852674030335986266e-02
3.878787878787878785e-02 2.785478741510559741e-01 1.704938675004857851e-01 8.029153582926244759e-02
3.909090909090909283e-02 2.895353156116060034e-01 1.122545715599683053e-01 6.843962583793010424e-02
3.939393939393939087e-02 2.990799138447136074e-01 1.468433413747899374e-01 8.592467178608774458e-02
3.969696969696969585e-02 3.015261361910643312e-01 1.386182784644136579e-01 6.960626398331544451e-02
4.000000000000000083e-02 2.696906186105008096e-01 1.183014036342409231e-01 6.916549610635654155e-02
4.030303030303030581e-02 2.979938504279899258e-01 1.777720105904022352e-01 8.900042543903156911e-02
4.060606060606060386e-02 3.252370038941749808e-01 1.366994726821499639e-01 7.685192362866863358e-02
4.090909090909090884e-02 2.948551674737501238e-01 1.277615497281366919e-01 8.248675107690696395e-02
4.121212121212121382e-02 2.814634068470606709e-01 1.958421012348717516e-01 9.812761352024318429e-02
4.151515151515151186e-02 2.811215476166729621e-01 2.082488196159937854e-01 7.556993720338432696e-02
4.181818181818181684e-02 2.723663463760325198e-01 1.478253080703464950e-01 8.107062636983013160e-02
4.212121212121212183e-02 2.920761372791059185e-01 1.379758825934243593e-01 8.253757156474858525e-02
4.242424242424242681e-02 2.757921409527477330e-01 1.525813268309120785e-01 7.165046308891809268e-02
4.272727272727272485e-02 2.257064690937345408e-01 1.358661739692865467e-01 8.120459266824377187e-02
4.303030303030302983e-02 3.272422825324581286e-01 1.661354705803066989e-01 7.465800380663037417e-02
4.333333333333333481e-02 3.127343773944942229e-01 1.585923306635426133e-01 7.708247703789379568e-02
4.363636363636363980e-02 2.571294448763174478e-01 1.399131266747266622e-01 6.416228211262053893e-02
4.393939393939393784e-02 3.025416138074747963e-01 1.605546329321966559e-01 8.302358038249960104e-02
4.424242424242424282e-02 2.760296738082508861e-01 1.387266590106080999e-01 8.032978148365092774e-02
4.454545454545454780e-02 3.024503440976399338e-01 1.574744526609844208e-01 7.889015037085975179e-02
4.484848484848484584e-02 2.708398481109733913e-01 1.610935341667101561e-01 7.595915840894128246e-02
4.515151515151515083e-02 2.908575730707165796e-01 1.403913393319571046e-01 9.344445920068240874e-02
4.545454545454545581e-02 3.118827405382934015e-01 1.406918184523613669e-01 7.408221117819446810e-02
4.575757575757576079e-02 3.111859581407712683e-01 1.591933946576077619e-01 8.847670089952888728e-02
4.606060606060605883e-02 2.714208354221952502e-01 1.480269553258368453e-01 6.666231988276397069e-02
4.636363636363636381e-02 2.880116805496921728e-01 1.545145420847550410e-01 7.365052382991443825e-02
4.666666666666666879e-02 2.311460160049905177e-01 1.186682489079795150e-01 6.374029921927304443e-02
4.696969696969696684e-02 2.593296367951477555e-01 1.185153118870956035e-01 6.644913277626485204e-02
4.727272727272727182e-02 2.617457552724947734e-01 1.242907166754519260e-01 5.945782220439337767e-02
4.757575757575757680e-02 2.691531759120743272e-01 1.350188419663402861e-01 6.721921787663218129e-02
4.787878787878788178e-02 2.672876988540176524e-01 1.637268282995515412e-01 7.530761945054172124e-02
4.818181818181817982e-02 2.428727106808675762e-01 1.364334600148983667e-01 6.591568692820864994e-02
4.848484848484848481e-02 2.729462745619755659e-01 1.170926486045237302e-01 8.127782683572024047e-02
4.878787878787878979e-02 2.240546813523627279e-01 1.219969096509747886e-01 8.349314667207462237e-02
4.909090909090908783e-02 2.541667842525490162e-01 1.204928871645710164e-01 6.858208423932582454e-02
4.939393939393939281e-02 2.394295756495497252e-01 1.296883905308497398e-01 7.996491304813910239e-02
4.969696969696969779e-02 2.050007878870666878e-01 1.491259760092602249e-01 6.633522929207347207e-02
5.000000000000000278e-02 2.392299309362448667e-01 1.694664296330726794e-01 7.123795522990267193e-02
5.030303030303030082e-02 2.654110506710566364e-01 1.333094626310671882e-01 7.745605354017746913e-02
5.060606060606060580e-02 2.382908805693458587e-01 1.321834357870577681e-01 6.588410950398407295e-02
5.090909090909091078e-02 2.370882608431086336e-01 1.369589163529803810e-01 6.567819576568070805e-02
5.121212121212120882e-02 2.800190870396741527e-01 1.133425698633111350e-01 6.111997617969244789e-02
5.151515151515151381e-02 2.472170855797020395e-01 1.235510083601037701e-01 6.630208408791531116e-02
5.181818181818181879e-02 2.332062880426361562e-01 1.353224556606176243e-01 6.212770482028686508e-02
5.212121212121212377e-02 1.957109321675734870e-01 9.176017663228996923e-02 5.870526760103018243e-02
5.242424242424242181e-02 1.950358809386090464e-01 1.323644493207656314e-01 7.532692423766040868e-02
5.272727272727272679e-02 2.152981727379182086e-01 1.019654358710830877e-01 6.148913833939580187e-02
5.303030303030303177e-02 2.474796707053965872e-01 1.092586347138946729e-01 6.853973009073824341e-02
5.333333333333333676e-02 2.389091239681703782e-01 1.184547279638878126e-01 7.538140721859708238e-02
5.363636363636363480e-02 2.293013872303925893e-01 1.193816316980164799e-01 6.277837689500644081e-02
5.393939393939393978e-02 2.191187800217602455e-01 1.251218951867741069e-01 5.931584962044480352e-02
5.424242424242424476e-02 2.221692868141244559e-01 1.370918168186227859e-01 5.792722357749429535e-02
5.454545454545454281e-02 2.267014250096732464e-01 1.577118705714589397e-01 9.158756740789460171e-02
5.484848484848484779e-02 2.273247755005226856e-01 1.286747436429751534e-01 7.133409270394044932e-02
5.515151515151515277e-02 2.084594714774154478e-01 1.194954370350030520e-01 7.728379401673868276e-02
5.545454545454545775e-02 2.345379010829674871e-01 1.067670401983305400e-01 7.359586746031686333e-02
5.575757575757575579e-02 1.906283838923489848e-01 1.028475969411109525e-01 7.394811249809782328e-02
5.606060606060606077e-02 2.264640365836955993e-01 1.243418508561645597e-01 7.549361162226203570e-02
5.636363636363636576e-02 1.970341321940239920e-01 1.322303841225011822e-01 6.615184836544167613e-02
5.666666666666666380e-02 2.269638968809694068e-01 1.612598486971771328e-01 7.352266368949102182e-02
5.696969696969696878e-02 2.288929332430267582e-01 1.312647184752217255e-01 7.117883309412116610e-02
5.727272727272727376e-02 2.154561799167897251e-01 1.328940210278065082e-01 7.644177171649794988e-02
5.757575757575757874e-02 2.508983322272917427e-01 1.231789006307684592e-01 6.809719354769491750e-02
5.787878787878787679e-02 2.180337379568001999e-01 1.221330493468032324e-01 7.729124409389659389e-02
5.818181818181818177e-02 2.128186885045088017e-01 1.345878036879401829e-01 6.124872642915595716e-02
5.848484848484848675e-02 2.174932225381531747e-01 1.163684833325900753e-01 6.539778839295078139e-02
5.878787878787878479e-02 2.084905285779344863e-01 1.018015410562434220e-01 7.434193981774442350e-02
5.909090909090908977e-02 2.185564628303210133e-01 1.335821639549539530e-01 6.303795349700033745e-02
5.939393939393939476e-02 2.320954630347239755e-01 1.117676658036718257e-01 7.154809424296948439e-02
5.969696969696969974e-02 1.904935091684721027e-01 1.103945564214006830e-01 5.868752383917515830e-02
5.999999999999999778e-02 2.082727318657479065e-01 1.090804642761673410e-01 6.470086029601995747e-02
6.030303030303030276e-02 1.879092089776175645e-01 1.141463662128178180e-01 6.525128212683886653e-02
6.060606060606060774e-02 1.958696544759364611e-01 1.257795619041557345e-01 7.785757887214413142e-02
6.090909090909090579e-02 1.604208160402464667e-01 1.144101919369815007e-01 6.151316897648846649e-02
6.121212121212121077e-02 1.990734282115032838e-01 1.082800345965432703e-01 5.980534188932011552e-02
6.151515151515151575e-02 1.845374295107573559e-01 1.216201354943531182e-01 5.900100649684886928e-02
6.181818181818182073e-02 1.812450390136198797e-01 1.405885093506543948e-01 6.521212942862444906e-02
6.212121212121211877e-02 2.030430790192728485e-01 1.323548885937497754e-01 7.116255052861375496e-02
6.242424242424242375e-02 1.765377390220896070e-01 1.035736146712144812e-01 5.628427363800245914e-02
6.272727272727272874e-02 1.895457284648761342e-01 1.188396234792855055e-01 6.300044863735702882e-02
6.303030303030303372e-02 1.952031927005422052e-01 1.229097146338117147e-01 6.358990469705498583e-02
6.333333333333333870e-02 2.053152799804724982e-01 1.333202849902394294e-01 5.599688602440358598e-02
6.363636363636362980e-02 2.015279379533828075e-01 1.528606355999432842e-01 6.971845664518529218e-02
6.393939393939393478e-02 2.008171930630753554e-01 1.140891741214678512e-01 6.842831893836708035e-02
6.424242424242423977e-02 2.273871906752837069e-01 9.433155107614105139e-02 6.553400594297432991e-02
6.454545454545454475e-02 1.809443346980428580e-01 1.057977170631479308e-01 5.438183595245026092e-02
6.484848484848484973e-02 1.770062248822300566e-01 1.203083856943450020e-01 5.619854677587628883e-02
6.515151515151515471e-02 1.773379193458879954e-01 8.684828672261722671e-02 6.245180723885321999e-02
6.545454545454545969e-02 1.736648083066935355e-01 9.791491077155356493e-02 5.839702003563463500e-02
6.575757575757575080e-02 1.648622814225430000e-01 8.739881345359663822e-02 7.329321393376936333e-02
6.606060606060605578e-02 1.933561251406646642e-01 1.124492121109410825e-01 7.333955640063995196e-02
6.636363636363636076e-02 1.834959206647399088e-01 1.074108959249777256e-01 5.701932025141654564e-02
6.666666666666666574e-02 1.787151827507369173e-01 1.177900718267649721e-01 5.247471126706674399e-02
6.696969696969697072e-02 1.859511758285126160e-01 9.480273333467185981e-02 5.163963425502075821e-02
6.727272727272727570e-02 1.690253464558385266e-01 1.081682694748339890e-01 6.164261969381194806e-02
6.757575757575758069e-02 1.748316507679233689e-01 1.020298651157686975e-01 6.280283717961439305e-02
6.787878787878788567e-02 1.782183789448830435e-01 1.039688141017411360e-01 7.182000663168615351e-02
6.818181818181817677e-02 1.714247350402070547e-01 9.059790410812230965e-02 5.848266368643792457e-02
6.848484848484848175e-02 1.854914277620523799e-01 1.170967291086725814e-01 5.586328509319488100e-02
6.878787878787878673e-02 1.358021497650118425e-01 8.869843505457511434e-02 5.426509869822079141e-02
6.909090909090909172e-02 1.787938462536372564e-01 8.678979958407111173e-02 6.259711832108419416e-02
6.939393939393939670e-02 1.645535956011509870e-01 1.153368383735702690e-01 4.978808704586919209e-02
6.969696969696970168e-02 1.695596143121014809e-01 1.045914217176953653e-01 5.546450675309987782e-02
7.000000000000000666e-02 1.474201814513270703e-01 8.182613058179485921e-02 5.618608929728591272e-02
7.030303030303029777e-02 1.479384838719808581e-01 1.201385914967172536e-01 5.313368730133432444e-02
7.060606060606060275e-02 1.561173448750825810e-01 9.339408112355158942e-02 5.582255672832785176e-02
7.090909090909090773e-02 1.650247352985350913e-01 7.991741784799412385e-02 5.278217340355819548e-02
7.121212121212121271e-02 1.655543072051506304e-01 9.954371164950150119e-02 5.358294117459540956e-02
7.151515151515151769e-02 1.637448188305140884e-01 1.036030885602214069e-01 5.955142401532354662e-02
7.181818181818182267e-02 1.546427754345539030e-01 9.265702850523539758e-02 6.572760063774547856e-02
7.212121212121212765e-02 1.447167016822096530e-01 9.139088396682398807e-02 5.950417614169083158e-02
7.242424242424241876e-02 1.802991493330295958e-01 7.552386953009292136e-02 5.040876122092190909e-02
7.272727272727272374e-02 1.567738103208242140e-01 9.464750537290031462e-02 4.495353678508459683e-02
7.303030303030302872e-02 1.458666208063231773e-01 8.875379673364615363e-02 5.255194078770205474e-02
7.333333333333333370e-02 1.519889661856310970e-01 7.291639123367944786e-02 5.944833443145001312e-02
7.363636363636363869e-02 1.437276238446222876e-01 9.408188553619166450e-02 5.227192219733742262e-02
7.393939393939394367e-02 1.428752685497378938e-01 8.380019949114299316e-02 5.104868480122784491e-02
7.424242424242424865e-02 1.489652717177439023e-01 1.017040979121227040e-01 5.683262332869346012e-02
7.454545454545453975e-02 1.694530838759567837e-01 9.763133383354125061e-02 5.059817720523590578e-02
7.484848484848484473e-02 1.510582054722470480e-01 1.023221420503224871e-01 5.445475228204570833e-02
7.515151515151514972e-02 1.546540657581243206e-01 9.645879389473874244e-02 4.677016823282541952e-02
7.545454545454545470e-02 1.617369410897460669e-01 9.414998609119235029e-02 5.375345001720716748e-02
7.575757575757575968e-02 1.563162868734317978e-01 9.113215260580864729e-02 5.613702152026449343e-02
7.606060606060606466e-02 1.332772071324832275e-01 9.425574758116385399e-02 5.036010533948203499e-02
7.636363636363636964e-02 1.573405676687113230e-01 9.772267063632825157e-02 5.358149075095783309e-02
7.666666666666666075e-02 1.375325248554260527e-01 7.788807046688993319e-02 4.498256571402198256e-02
7.696969696969696573e-02 1.389421571085656670e-01 7.635544892316913079e-02 5.284038970990943829e-02
7.727272727272727071e-02 1.266796750537054206e-01 7.281710927017273627e-02 4.989839271194254633e-02
7.757575757575757569e-02 1.192653355207155541e-01 7.255447771176397331e-02 4.238457884735633702e-02
7.787878787878788067e-02 1.531959878981015155e-01 7.236490260262422314e-02 5.378895047632440557e-02
7.818181818181818565e-02 1.562936020589824893e-01 8.191617132965836601e-02 4.516102443599508132e-02
7.848484848484849064e-02 1.397026538104811644e-01 7.432022244988231718e-02 4.830257334075564735e-02
7.878787878787878174e-02 1.145020177736046085e-01 6.971754783957466450e-02 4.392733648043178896e-02
7.909090909090908672e-02 1.387194574461491914e-01 9.792995546984578636e-02 5.052219578729533894e-02
7.939393939393939170e-02 1.358732504842770639e-01 8.296880106435522428e-02 4.304645499373288553e-02
7.969696969696969668e-02 1.218590942957212403e-01 7.639825902418453940e-02 4.920714641812659607e-02
8.000000000000000167e-02 1.224066500232402072e-01 7.429630571666911987e-02 4.302864246695319722e-02
8.030303030303030665e-02 1.388926439176911554e-01 8.429906916616621004e-02 5.103937385131137455e-02
8.060606060606061163e-02 1.370419912696609899e-01 7.333283845052990246e-02 4.288721498473226784e-02
8.090909090909090273e-02 1.132938838821025002e-01 7.216889620439116693e-02 4.109984378021987184e-02
8.121212121212120771e-02 1.388294787164481014e-01 7.490671569071065405e-02 4.321345198461062909e-02
8.151515151515151270e-02 1.263570321509743799e-01 7.444147020292997408e-02 4.487738657578005386e-02
8.181818181818181768e-02 1.368213667848137138e-01 7.498983507890341627e-02 4.764275803638504114e-02
8.212121212121212266e-02 1.189143834987062831e-01 5.495979321691233516e-02 4.863954823604618727e-02
8.242424242424242764e-02 1.234191663360765523e-01 7.210845558798144317e-02 4.578855340612560804e-02
8.272727272727273262e-02 1.120721783050007136e-01 8.722458513962863536e-02 4.833646403340918080e-02
8.303030303030302373e-02 1.151381673288342511e-01 6.996124303767607688e-02 3.826613868996611018e-02
8.333333333333332871e-02 1.244724400226939198e-01 7.707128140591813781e-02 4.508531992944927319e-02
8.363636363636363369e-02 1.068059985183647392e-01 7.814200065839577158e-02 4.135128644722702029e-02
8.393939393939393867e-02 1.299106843691941737e-01 7.369660663400354195e-02 5.181135818022057637e-02
8.424242424242424365e-02 1.171577631225148020e-01 6.782843737515642513e-02 4.033258865969057555e-02
8.454545454545454863e-02 9.956282424597072411e-02 6.163971904942905367e-02 4.065193620256778856e-02
8.484848484848485362e-02 1.200678954150116717e-01 6.297260229778918472e-02 4.594182670945062136e-02
8.515151515151514472e-02 1.109234962504656585e-01 5.948469172151540224e-02 4.817658184258854365e-02
8.545454545454544970e-02 1.064564793769434414e-01 6.697671832069546083e-02 4.939017714724876218e-02
8.575757575757575468e-02 1.061189387939940193e-01 6.267375929021706815e-02 4.997106744398204653e-02
8.606060606060605966e-02 1.075918687614327990e-01 8.422781688230884800e-02 4.684652464778143316e-02
8.636363636363636465e-02 9.771983054264729573e-02 5.778196847976653505e-02 4.305804376201146505e-02
8.666666666666666963e-02 1.184456577181960818e-01 5.928774428817154551e-02 3.692814814768322768e-02
8.696969696969697461e-02 1.078626105864489981e-01 6.222948386749005412e-02 4.026639958239335015e-02
8.727272727272727959e-02 9.225177812493769169e-02 6.383067591482416425e-02 3.931422716538270079e-02
8.757575757575757069e-02 1.109426437005934934e-01 6.585646254961290136e-02 3.864590012667720731e-02
8.787878787878787568e-02 1.223029339149927230e-01 6.643024788966024607e-02 3.864518234393325008e-02
8.818181818181818066e-02 1.071462043290356547e-01 6.604355883979554087e-02 4.411905928232923851e-02
8.848484848484848564e-02 1.001325547944150185e-01 6.462067460416838494e-02 3.746174244143510301e-02
8.878787878787879062e-02 9.412654827974679950e-02 7.630115717450654256e-02 4.601511812972412102e-02
8.909090909090909560e-02 1.046238562004087880e-01 5.516601306142368544e-02 3.901674615858217315e-02
8.939393939393940058e-02 9.442637714309244645e-02 5.724276853334823306e-02 4.320756127493465687e-02
8.969696969696969169e-02 9.735271030820297211e-02 6.316738881391416316e-02 4.221626087604034988e-02
8.999999999999999667e-02 1.125502954189806226e-01 7.109843270763507861e-02 3.531796210258794644e-02
9.030303030303030165e-02 9.347691850386237455e-02 6.197797061615488434e-02 3.662204638418369712e-02
9.060606060606060663e-02 1.082196458125147392e-01 6.574977443939687693e-02 4.330882164337342133e-02
9.090909090909091161e-02 1.078961977060430982e-01 4.932220744699524623e-02 3.408563505346678957e-02
9.121212121212121660e-02 1.031196894290714317e-01 5.357547193644824485e-02 4.186056805925498364e-02
9.151515151515152158e-02 9.355354456158243570e-02 6.234188857575234666e-02 3.189329303092257317e-02
9.181818181818181268e-02 9.786394062143205508e-02 5.103171001224265924e-02 3.619694619220702875e-02
9.212121212121211766e-02 8.226894128264718165e-02 4.804423653480060369e-02 3.207203226021333731e-02
9.242424242424242264e-02 8.762249547868550259e-02 4.827535266468361425e-02 3.385756537664391663e-02
9.272727272727272763e-02 8.189845440922881303e-02 5.388897143176042681e-02 3.572441938903665043e-02
9.303030303030303261e-02 8.118219361479811491e-02 6.184974116999603089e-02 3.663206239315091456e-02
9.333333333333333759e-02 8.399408806828065344e-02 5.983065444658787480e-02 3.684111964600163269e-02
9.363636363636364257e-02 8.200246907799525753e-02 4.904833121525543904e-02 3.380731175878878836e-02
9.393939393939393367e-02 7.675579572779338278e-02 6.150461037896481215e-02 3.322711858616862746e-02
9.424242424242423866e-02 8.081463460548987676e-02 4.772169571594696985e-02 3.318210339647936769e-02
9.454545454545454364e-02 9.468944556423256054e-02 5.554709909261078965e-02 3.865322379724731028e-02
9.484848484848484862e-02 8.582526442875061667e-02 5.815591934899942000e-02 3.189861914797574582e-02
9.515151515151515360e-02 9.661990677549221751e-02 5.034854567021686267e-02 3.654929878963054934e-02
9.545454545454545858e-02 8.221115973279442823e-02 6.451263327022596639e-02 3.666271054259045287e-02
9.575757575757576356e-02 7.817961762960611016e-02 4.698554572534477392e-02 3.612281401387065771e-02
9.606060606060605467e-02 6.929439435562408101e-02 4.999332296535153458e-02 3.725505844098195990e-02
9.636363636363635965e-02 9.077623379921695435e-02 5.432994731345812400e-02 3.925465956080145813e-02
9.666666666666666463e-02 7.982298866029674533e-02 4.896179481107541809e-02 2.975782308069630996e-02
9.696969696969696961e-02 7.475863584973181653e-02 4.140980761965848411e-02 2.861052948069408089e-02
9.727272727272727459e-02 7.301670942515924023e-02 4.554034804453523100e-02 3.374712458366992823e-02
9.757575757575757958e-02 8.122324410084909296e-02 4.555415410404745069e-02 3.299427275200773890e-02
9.787878787878788456e-02 8.167362728379010117e-02 4.674481676504924771e-02 2.642700416171819139e-02
9.818181818181817566e-02 9.347482185540753608e-02 4.492536844035575905e-02 3.021556366294291668e-02
9.848484848484848064e-02 8.141335035028161859e-02 4.472655357966077300e-02 3.003910179069033473e-02
9.878787878787878562e-02 7.051964774716899809e-02 5.249964109800395878e-02 3.077316486529582673e-02
9.909090909090909061e-02 7.853417786360955555e-02 4.819675996329698953e-02 3.181870965306615034e-02
9.939393939393939559e-02 7.271707360873988502e-02 5.376784128561378634e-02 3.109919114726400133e-02
9.969696969696970057e-02 7.504507375671447267e-02 3.800010654002212301e-02 3.081251535751820814e-02
1.000000000000000056e-01 7.644648849225899045e-02 4.557116240878100744e-02 3.045579266857171424e-02
1.003030303030302967e-01 7.932743832243231707e-02 4.121425670486825177e-02 3.392888484634284246e-02
1.006060606060606016e-01 6.876145526639086680e-02 3.960258503508293920e-02 2.608063846653609075e-02
1.009090909090909066e-01 6.868075952894737990e-02 4.328361965925216909e-02 2.789874018450246018e-02
1.012121212121212116e-01 6.962254082135183042e-02 4.772280091578514488e-02 2.830065338470247674e-02
1.015151515151515166e-01 7.520250475523473921e-02 4.445974939840593998e-02 2.712865678283028770e-02
1.018181818181818216e-01 7.356665410864228483e-02 4.475515066975070677e-02 2.705406473174421650e-02
1.021212121212121265e-01 6.527486562697076833e-02 3.858619977469582296e-02 3.015782174910185479e-02
1.024242424242424176e-01 7.334918151939232023e-02 4.578056454967354555e-02 3.021900400138562842e-02
1.027272727272727226e-01 7.305372655188339948e-02 3.857429990629251959e-02 2.731658983533070614e-02
1.030303030303030276e-01 7.496347221117452553e-02 3.945315613361016771e-02 2.679722114621650719e-02
1.033333333333333326e-01 7.125348839715621441e-02 4.003870070661895431e-02 2.658543139142131168e-02
1.036363636363636376e-01 6.884360707014164360e-02 3.965874175502800969e-02 2.813451932098986336e-02
1.039393939393939426e-01 7.030973292151727894e-02 3.610252058091041605e-02 2.805536623027941531e-02
1.042424242424242475e-01 5.421234455462106000e-02 3.914991490009277209e-02 2.611754546409221500e-02
1.045454545454545386e-01 6.451953018678842355e-02 4.163966145453817935e-02 2.528734319722587484e-02
1.048484848484848436e-01 6.035492166498058336e-02 3.267952398680387671e-02 2.495797583718693119e-02
1.051515151515151486e-01 7.444103254534091552e-02 4.139476887996830501e-02 2.487260226127037052e-02
1.054545454545454536e-01 6.109415888946435891e-02 3.869733229243134398e-02 2.942390403634347756e-02
1.057575757575757586e-01 6.459463572389397001e-02 3.638330257872657986e-02 2.605709482344007247e-02
1.060606060606060635e-01 5.139088680644746110e-02 3.440557974751438236e-02 2.399968770708463955e-02
1.063636363636363685e-01 6.046559168000681384e-02 3.348995330342204035e-02 2.234001283655358272e-02
1.066666666666666735e-01 5.735814648875084409e-02 3.157783183565792545e-02 2.087603563482185245e-02
1.069696969696969646e-01 5.750728935811951631e-02 3.434292671765839383e-02 2.568060675198491696e-02
1.072727272727272696e-01 5.765577443245784722e-02 3.669379029657336005e-02 2.506526788716947202e-02
1.075757575757575746e-01 6.677020457457923108e-02 4.163018848307446090e-02 2.457714603137701320e-02
1.078787878787878796e-01 6.630638171671800196e-02 2.860229811789079604e-02 2.353210857913663745e-02
1.081818181818181845e-01 5.163124718933886914e-02 3.425554960215161648e-02 2.344188880048195950e-02
1.084848484848484895e-01 5.127614354051541340e-02 3.478508709273216148e-02 2.484706987503966166e-02
1.087878787878787945e-01 5.896597141023727368e-02 3.826371604991960634e-02 2.567444635926768165e-02
1.090909090909090856e-01 5.487177037058273837e-02 3.142964711841048087e-02 2.462871426004841283e-02
1.093939393939393906e-01 5.336415809984352415e-02 3.497766978447831854e-02 2.182276127158098294e-02
1.096969696969696956e-01 5.754909182279938085e-02 2.961094990214450939e-02 2.550685793191423759e-02
1.100000000000000006e-01 5.534163875543152838e-02 3.028876882133947276e-02 2.201139986366845713e-02
1.103030303030303055e-01 5.564711007774541390e-02 3.246947065162807816e-02 2.370081614148260296e-02
1.106060606060606105e-01 5.724425144424162559e-02 2.893908348844255463e-02 1.957846458629586978e-02
1.109090909090909155e-01 5.453004759866629525e-02 2.980445483108737706e-02 2.090682183842250755e-02
1.112121212121212066e-01 5.968659322811666751e-02 3.296495795873558010e-02 2.528668543022551812e-02
1.115151515151515116e-01 5.212960160166341117e-02 3.365907438984521577e-02 2.225373420310900949e-02
1.118181818181818166e-01 5.987493093902906266e-02 3.671644667153382141e-02 1.896521355476702905e-02
1.121212121212121215e-01 5.517547783667418881e-02 2.724285728080238708e-02 2.016001026003191171e-02
1.124242424242424265e-01 5.659416320356687458e-02 2.914134419574894788e-02 1.925726440826432476e-02
1.127272727272727315e-01 5.203411110012417379e-02 3.264160322231222933e-02 2.013216320294322625e-02
1.130303030303030365e-01 4.505206352478878518e-02 3.208318299603101637e-02 1.954315826023953970e-02
1.133333333333333276e-01 4.625727966474092040e-02 2.628646217382572814e-02 2.068658591451934259e-02
1.136363636363636326e-01 5.406899739779174457e-02 3.348223820841158410e-02 2.480369620990063861e-02
1.139393939393939376e-01 4.085783450157438185e-02 2.968914302177743519e-02 1.976741555353466948e-02
1.142424242424242425e-01 4.662100217340797020e-02 2.815365338625782157e-02 2.346787385004636337e-02
1.145454545454545475e-01 4.985569233967036828e-02 2.946748618445368256e-02 1.713176247216681436e-02
1.148484848484848525e-01 4.621373961670426078e-02 2.752205320831853028e-02 1.814536516557244475e-02
1.151515151515151575e-01 4.426254093959524488e-02 2.840578073464384776e-02 2.030965875435498946e-02
1.154545454545454486e-01 4.815511230374265594e-02 2.613769698065017411e-02 2.029876126772312689e-02
1.157575757575757536e-01 4.817351055302842439e-02 2.392834607576036290e-02 1.708309886372163383e-02
1.160606060606060586e-01 4.764001225704310449e-02 3.150120087911780636e-02 1.688115379071724806e-02
1.163636363636363635e-01 4.610453825423938695e-02 2.690602528993260231e-02 1.687682482020675528e-02
1.166666666666666685e-01 4.358291060344390844e-02 2.280706923641491815e-02 1.906179785525896273e-02
1.169696969696969735e-01 4.922999577428859019e-02 2.496968363510149516e-02 1.864537085114255019e-02
1.172727272727272785e-01 4.433954091646608725e-02 2.897206971973710632e-02 1.722671255679037589e-02
1.175757575757575696e-01 3.913181388995751186e-02 2.390001577813153852e-02 1.808674206305014784e-02
1.178787878787878746e-01 3.779976821793985114e-02 2.292567670843386959e-02 2.009762284616588290e-02
1.181818181818181795e-01 4.349377609345945334e-02 2.323983539785798302e-02 1.654347575162980893e-02
1.184848484848484845e-01 3.579121112945301414e-02 2.329348361192850117e-02 1.392049177364398579e-02
1.187878787878787895e-01 4.249687166981805375e-02 2.261872158146508924e-02 1.915943266331935832e-02
1.190909090909090945e-01 3.713687862502901976e-02 2.137333008491125799e-02 1.291856114008071120e-02
1.193939393939393995e-01 3.896757963744190700e-02 2.457715934662019555e-02 1.421068455550326785e-02
1.196969696969696906e-01 4.010787030711939621e-02 2.548030005216977978e-02 1.456143475233284863e-02
1.199999999999999956e-01 3.714400325395673941e-02 2.135431653658764403e-02 1.771824821719031676e-02
1.203030303030303005e-01 4.368575298242911853e-02 2.375586711793819389e-02 1.626260117215252987e-02
1.206060606060606055e-01 3.374752600749973686e-02 2.078638092000486062e-02 1.520255006695834556e-02
1.209090909090909105e-01 3.597172029663395221e-02 1.996857526100084476e-02 1.790904543040993877e-02
1.212121212121212155e-01 3.846174027452775590e-02 2.441138426737301040e-02 1.664262612045601733e-02
1.215151515151515205e-01 3.429803950827448045e-02 2.176552361010597805e-02 1.649621655361572722e-02
1.218181818181818116e-01 2.990022593065649881e-02 2.195453439030297521e-02 1.643070195306938625e-02
1.221212121212121166e-01 3.343814877790519946e-02 2.234046552164047766e-02 1.667925782433919701e-02
1.224242424242424215e-01 3.454642510070223688e-02 2.157353546333833083e-02 1.396977148799702188e-02
1.227272727272727265e-01 3.451312982483117908e-02 2.045748605304761880e-02 1.067666526038239111e-02
1.230303030303030315e-01 2.728974967326189618e-02 1.689419242965549753e-02 1.480024922067290152e-02
1.233333333333333365e-01 3.653068855509275514e-02 2.180583906229112412e-02 1.539121055845314376e-02
1.236363636363636415e-01 4.301835305632875639e-02 1.961750078351603629e-02 1.465384647479747206e-02
1.239393939393939326e-01 2.929617150150047589e-02 1.737970680094987758e-02 1.356707751228252920e-02
1.242424242424242375e-01 3.400030391005363223e-02 1.762607730457252733e-02 1.535662502354490956e-02
1.245454545454545425e-01 3.416310306299535915e-02 1.897890900771330436e-02 1.294425813128244340e-02
1.248484848484848475e-01 3.442402064983502569e-02 1.959612662542771153e-02 1.403429909109863392e-02
1.251515151515151525e-01 3.263568875603323899e-02 1.774154502698764568e-02 1.296907658128011731e-02
1.254545454545454575e-01 3.043239904920631844e-02 1.663807174985157400e-02 1.379236875842745035e-02
1.257575757575757625e-01 3.002301364720542584e-02 1.897552197225938972e-02 1.222979593691873867e-02
1.260606060606060674e-01 3.231998646736810449e-02 1.655873942619193531e-02 1.032804044672373973e-02
1.263636363636363724e-01 2.974801454175417942e-02 1.957251920856126551e-02 1.357349962546016038e-02
1.266666666666666774e-01 2.772059549013732374e-02 1.425370353246041381e-02 1.188664909542592844e-02
1.269696969696969824e-01 2.990018574713265015e-02 1.656171272665123845e-02 1.130798772429063466e-02
1.272727272727272596e-01 2.752475805008817653e-02 1.605636182176215301e-02 1.094876789556005654e-02
1.275757575757575646e-01 2.754603116086416087e-02 1.446949629151444983e-02 1.339023443431936432e-02
1.278787878787878696e-01 2.708249451318201981e-02 1.491971445877440273e-02 1.233703792767809615e-02
1.281818181818181746e-01 3.219687404986426582e-02 1.542168569309184181e-02 1.095631414255820307e-02
1.284848484848484795e-01 2.634685081402990056e-02 1.699274989166160363e-02 1.454790855123718266e-02
1.287878787878787845e-01 3.237276933050341199e-02 1.780518269697789133e-02 1.114897731950754284e-02
1.290909090909090895e-01 3.014019133346751075e-02 1.626295422594334350e-02 1.091809241548376448e-02
1.293939393939393945e-01 2.533727550173461157e-02 1.694862999932020969e-02 9.517656382385112496e-03
1.296969696969696995e-01 2.545767096836542079e-02 1.509999863846789823e-02 1.158613956398060231e-02
1.300000000000000044e-01 2.532843754479102358e-02 1.434736544134198460e-02 1.052381529876393607e-02
1.303030303030303094e-01 2.152134600694693631e-02 1.521602934607436258e-02 1.113624126679917462e-02
1.306060606060606144e-01 2.604133556422081469e-02 1.336831499700808466e-02 1.095761421248094523e-02
1.309090909090909194e-01 3.131285283816564319e-02 1.434971418737658252e-02 1.047678389002421918e-02
1.312121212121212244e-01 2.455873110384879793e-02 1.414186566043891188e-02 1.022233908013259022e-02
1.315151515151515016e-01 2.629136532987685210e-02 1.295874451762320419e-02 1.038756687003179573e-02
1.318181818181818066e-01 2.794504154267769130e-02 1.267077604179113123e-02 1.174199624663063365e-02
1.321212121212121116e-01 2.581889930974589839e-02 1.207932972690094545e-02 1.221925055285609345e-02
1.324242424242424165e-01 2.658609585642602094e-02 1.086130081852212936e-02 1.037752581222222553e-02
1.327272727272727215e-01 2.133515114143525945e-02 1.386493723940970639e-02 8.966657017707253471e-03
1.330303030303030265e-01 2.543580472824002667e-02 1.311951300545105385e-02 9.009054387295111627e-03
1.333333333333333315e-01 2.151210953124923705e-02 1.113286966480537404e-02 9.629551023248767577e-03
1.336363636363636365e-01 1.999389184278149365e-02 1.281107260908227914e-02 8.330514657770382234e-03
1.339393939393939414e-01 1.893427766679559726e-02 1.453724366164020794e-02 9.990470467901267637e-03
1.342424242424242464e-01 2.341949156820200342e-02 1.261381251473998009e-02 9.557830534576447143e-03
1.345454545454545514e-01 2.242407766403228114e-02 1.249848498055082524e-02 8.195079232067107797e-03
1.348484848484848564e-01 2.350609219603615879e-02 1.173900627985554473e-02 9.040982961570806845e-03
1.351515151515151614e-01 1.950095107814291476e-02 1.037173954591008931e-02 8.983191694354809506e-03
1.354545454545454664e-01 2.075353994898113813e-02 1.072633579000380200e-02 8.907114370457045946e-03
1.357575757575757713e-01 2.341666225727667000e-02 1.055322737793815482e-02 9.489847962198424275e-03
1.360606060606060486e-01 1.908643613592065150e-02 1.017424935682632349e-02 8.331140971753978400e-03
1.363636363636363535e-01 1.999351425097406140e-02 1.188221422567132743e-02 1.012074974013747221e-02
1.366666666666666585e-01 1.906426278379539860e-02 9.649645673152454015e-03 9.167756322718044124e-03
1.369696969696969635e-01 2.036277365472314790e-02 1.028744102543975754e-02 8.026531851575348375e-03
1.372727272727272685e-01 2.244018402982675756e-02 1.003646386755878243e-02 9.327800243423509455e-03
1.375757575757575735e-01 2.124271753184299796e-02 9.812528018730250906e-03 7.412199840531016708e-03
1.378787878787878785e-01 1.742584997369375430e-02 9.894807615575314935e-03 8.427654302542287798e-03
1.381818181818181834e-01 2.050716570663061247e-02 8.957644920600228711e-03 8.236432121973577200e-03
1.384848484848484884e-01 2.152241076870240952e-02 1.156290860258421017e-02 7.464297351084511235e-03
1.387878787878787934e-01 2.029254132378122480e-02 1.049147980912314843e-02 9.167345815349557323e-03
1.390909090909090984e-01 1.900831701977341928e-02 1.184666037772480647e-02 7.730803318784567821e-03
1.393939393939394034e-01 1.732855338173106344e-02 9.104808477173756062e-03 6.990804424366799281e-03
1.396969696969697083e-01 1.857098919606328322e-02 8.558911835127625684e-03 8.429580070456191981e-03
1.400000000000000133e-01 1.790278074097358119e-02 1.184463481240966183e-02 7.536327708785303670e-03
1.403030303030302905e-01 1.654281174444250518e-02 9.081129993704422851e-03 7.753905384145081368e-03
1.406060606060605955e-01 1.606107852993612570e-02 8.681974890246128840e-03 7.456612900172614015e-03
1.409090909090909005e-01 1.750245484440016153e-02 1.036427614479561339e-02 7.994210185181954698e-03
1.412121212121212055e-01 1.570337104862919164e-02 9.595285623931049460e-03 6.808740356648463991e-03
1.415151515151515105e-01 1.858543108313705575e-02 7.585397862541725343e-03 6.322282536314069792e-03
1.418181818181818155e-01 1.587221009894131812e-02 9.894945938413734349e-03 7.483641151139722343e-03
1.421212121212121204e-01 1.589024523296911698e-02 8.689861413274850219e-03 7.087371917043628830e-03
1.424242424242424254e-01 1.604089206047378327e-02 7.701236037458896420e-03 6.838496536414518170e-03
1.427272727272727304e-01 1.480134599717574176e-02 7.850084000562602277e-03 7.140833126256990182e-03
1.430303030303030354e-01 1.728825944706358780e-02 9.668225321451033236e-03 6.960044051385368483e-03
1.433333333333333404e-01 1.566943790493258160e-02 9.968839100097120001e-03 7.042705178912060313e-03
1.436363636363636453e-01 1.467471858450975636e-02 7.009259712595180235e-03 7.147599817020486995e-03
1.439393939393939503e-01 1.427164410101841238e-02 8.423629149928321680e-03 6.040055135798238009e-03
1.442424242424242553e-01 1.374518408476203997e-02 7.881876465951131311e-03 6.988365883570566393e-03
1.445454545454545325e-01 1.386762457457779013e-02 7.788737720437515638e-03 6.474376912676119145e-03
1.448484848484848375e-01 1.164158226387716419e-02 7.515594188909508269e-03 6.376007924718431544e-03
1.451515151515151425e-01 1.460777239541868368e-02 6.876343256829303523e-03 6.418018013765325845e-03
1.454545454545454475e-01 1.501153287806695699e-02 7.094926451851599203e-03 6.229973639246142759e-03
1.457575757575757525e-01 1.429468435489166488e-02 7.923813642499133794e-03 5.885440107980804449e-03
1.460606060606060574e-01 1.510104728499491768e-02 7.562402011457317920e-03 6.303001348661007100e-03
1.463636363636363624e-01 1.311681422079861992e-02 7.454538315451539159e-03 6.490549322252796467e-03
1.466666666666666674e-01 1.516671577356526121e-02 7.027384085058157800e-03 5.684098670472335045e-03
1.469696969696969724e-01 1.466411655452196268e-02 5.997498434388554185e-03 6.336043992085179169e-03
1.472727272727272774e-01 1.347365321086970401e-02 6.611122709030666303e-03 6.966011669854298149e-03
1.475757575757575824e-01 1.262219026396641137e-02 5.601591212941910147e-03 6.071583290479532109e-03
1.478787878787878873e-01 1.274327775137014049e-02 6.390623501652445068e-03 5.784248411932246640e-03
1.481818181818181923e-01 1.441597043894176852e-02 7.328409098375596870e-03 5.337281056823817496e-03
1.484848484848484973e-01 1.406822293286465186e-02 7.066464253950947676e-03 5.769133117644745581e-03
1.487878787878787745e-01 1.229461475092201266e-02 6.028897049177617783e-03 6.088523813758781045e-03
1.490909090909090795e-01 1.234790259894566651e-02 6.144626759232491367e-03 5.309387213499447769e-03
1.493939393939393845e-01 1.061620744311718607e-02 5.991217285891314165e-03 4.945957184563397509e-03
1.496969696969696895e-01 1.229075572351704358e-02 6.709964181062853632e-03 4.660405558411166542e-03
1.499999999999999944e-01 1.097196174241156334e-02 5.522562962638252054e-03 5.777683206579728621e-03
1.503030303030302994e-01 1.252970958553270391e-02 5.372214494962861651e-03 4.819231241941612787e-03
1.506060606060606044e-01 1.033020650905189242e-02 6.521304000110117981e-03 5.204474577828794961e-03
1.509090909090909094e-01 1.135722444206847988e-02 6.826715099855176772e-03 4.988823646600351255e-03
1.512121212121212144e-01 9.912058045906127490e-03 5.929796339675850146e-03 4.369124858075244811e-03
1.515151515151515194e-01 1.145328660693042781e-02 6.049434157974647487e-03 4.656769465848348451e-03
1.518181818181818243e-01 9.899381608928338808e-03 5.704794758101061972e-03 4.923073654958059174e-03
1.521212121212121293e-01 1.135085621417205107e-02 5.004292568782698486e-03 4.440852154598831474e-03
1.524242424242424343e-01 1.194154932799334351e-02 6.462935502620344164e-03 4.551689877410313931e-03
1.527272727272727393e-01 8.565308387677165319e-03 5.606684857238658330e-03 5.193364262677002338e-03
1.530303030303030165e-01 9.987209247023010050e-03 5.756879847146944076e-03 5.025128624691537448e-03
1.533333333333333215e-01 1.073216306009662849e-02 5.451317097476768639e-03 4.325691945718948897e-03
1.536363636363636265e-01 9.880950575074981881e-03 4.930917488868687658e-03 4.049072198543270280e-03
1.539393939393939315e-01 9.164318356302346424e-03 4.624537239908198087e-03 3.875752120646987296e-03
1.542424242424242364e-01 9.790503132602856526e-03 5.100233952718523020e-03 4.001315540948797121e-03
1.545454545454545414e-01 9.422945472699664413e-03 4.750057745506558633e-03 4.299638101850742841e-03
1.548484848484848464e-01 9.244783800683857231e-03 4.650585715083936991e-03 4.145421215515505443e-03
1.551515151515151514e-01 1.110345538553028644e-02 4.436174642550392427e-03 4.801467773220228531e-03
1.554545454545454564e-01 9.942952550507182935e-03 4.672308824776013995e-03 4.401661403259829464e-03
1.557575757575757613e-01 8.699046970982450902e-03 4.430404804490894674e-03 4.342926965545496412e-03
1.560606060606060663e-01 9.189604073798117445e-03 4.583828305244620240e-03 4.392136403128174549e-03
1.563636363636363713e-01 8.608162423313636680e-03 4.427661263268187902e-03 3.875368822802495103e-03
1.566666666666666763e-01 9.438771017128396237e-03 4.557750011373692088e-03 3.616235027960396347e-03
1.569696969696969813e-01 9.437357704565283237e-03 3.955267848122170742e-03 4.350111721955552020e-03
1.572727272727272863e-01 8.227393303592853493e-03 3.753234113354407715e-03 4.216377911167536706e-03
1.575757575757575635e-01 8.854665311996775048e-03 4.275985558251334424e-03 3.526392961635657110e-03
1.578787878787878685e-01 8.103934222798066592e-03 4.473729791258884876e-03 3.707540313216589872e-03
1.581818181818181734e-01 7.908164755153181819e-03 3.990795385543082809e-03 3.445390092128676213e-03
1.584848484848484784e-01 9.449884165769924238e-03 3.419326191548924601e-03 3.690265311430394359e-03
1.587878787878787834e-01 8.129935113539647762e-03 3.847956107041279519e-03 4.263552995329419892e-03
1.590909090909090884e-01 9.261651462423305461e-03 3.966015885885244320e-03 3.671208274813708705e-03
1.593939393939393934e-01 6.415270342692647523e-03 4.267878300167881125e-03 2.943820490575232551e-03
1.596969696969696983e-01 6.250702581820201734e-03 4.169197518688836160e-03 3.798219399606394663e-03
1.600000000000000033e-01 7.338996399419821411e-03 4.193942557583200947e-03 3.072136887996484555e-03
1.603030303030303083e-01 8.085932219423528494e-03 3.750183487830939955e-03 3.344064702902705983e-03
1.606060606060606133e-01 6.700073238999575305e-03 3.887661281094965168e-03 3.572473090038832347e-03
1.609090909090909183e-01 6.103312455672878396e-03 4.111923151582212027e-03 3.604152303912398509e-03
1.612121212121212233e-01 7.859581902984110260e-03 3.977392520253527491e-03 2.840954433796125458e-03
1.615151515151515282e-01 6.938996520396765837e-03 3.083567592537807614e-03 3.219734438689281653e-03
1.618181818181818055e-01 6.579249359475979921e-03 3.025124040675633563e-03 3.063624830597953732e-03
1.621212121212121104e-01 7.099328133610488360e-03 3.113030118483805370e-03 2.596373353558388639e-03
1.624242424242424154e-01 6.056634307997512887e-03 3.843538468556378235e-03 2.887875008777664176e-03
1.627272727272727204e-01 6.791043554969012665e-03 3.484116368052309325e-03 3.722403371143716885e-03
1.630303030303030254e-01 6.181527828461434899e-03 3.509121139201085149e-03 2.570913154641926192e-03
1.633333333333333304e-01 5.930210043320775781e-03 3.298250363010216905e-03 3.277552509773227953e-03
1.636363636363636354e-01 6.773248250681849353e-03 3.027083028821811982e-03 2.649558504263177863e-03
1.639393939393939403e-01 7.111294871345646453e-03 3.672113305626276743e-03 2.696220621345909660e-03
1.642424242424242453e-01 5.880659818523285495e-03 3.441479973218129242e-03 2.278420353553519545e-03
1.645454545454545503e-01 6.380474085300509406e-03 2.712394279765361835e-03 2.655341026899838124e-03
1.648484848484848553e-01 5.795596275029088126e-03 2.870797228909549321e-03 3.132923175087386561e-03
1.651515151515151603e-01 6.136467270716163512e-03 3.178630062925321634e-03 2.397850130821383655e-03
1.654545454545454652e-01 6.254395492681297068e-03 2.910612392249138040e-03 2.019577988924287776e-03
1.657575757575757702e-01 6.042268346067548694e-03 3.424850731331006721e-03 2.484050748810360306e-03
1.660606060606060475e-01 5.350193944550280488e-03 2.414905562083280704e-03 2.238368578653534072e-03
1.663636363636363524e-01 5.171258526666176573e-03 2.486194994687940685e-03 2.857448763161169088e-03
1.666666666666666574e-01 5.570221050608328492e-03 2.884319293114304735e-03 2.283512363930573739e-03
1.669696969696969624e-01 5.396153386872333535e-03 2.751810456041826197e-03 2.079924325830388200e-03
1.672727272727272674e-01 4.898822313788048222e-03 2.489808416288157630e-03 2.004784487418533826e-03
1.675757575757575724e-01 5.024556950820800033e-03 2.489204492690652235e-03 2.132089317628758571e-03
1.678787878787878773e-01 5.283088175363009724e-03 2.475235884757025565e-03 2.254280775816131389e-03
1.681818181818181823e-01 5.395827797223584632e-03 2.780793728464303356e-03 2.195624945707725859e-03
1.684848484848484873e-01 5.132086107899083011e-03 2.192639636577761557e-03 2.533494996080035578e-03
1.687878787878787923e-01 5.105117849343472451e-03 2.780831076688219678e-03 2.258856107998537255e-03
1.690909090909090973e-01 5.150964727977035487e-03 2.490311498805685385e-03 2.209981428315946263e-03
1.693939393939394022e-01 4.719084408264345200e-03 2.348590974141280454e-03 2.372256881118720191e-03
1.696969696969697072e-01 5.703579592714803741e-03 2.174838280835077534e-03 2.482577696533538880e-03
1.700000000000000122e-01 5.035215945852501360e-03 2.271176366640938714e-03 1.730373222376090309e-03
1.703030303030302894e-01 4.558438822778198597e-03 1.980944519167039328e-03 2.302760302628759342e-03
1.706060606060605944e-01 4.615453544277246800e-03 2.031793034027907282e-03 2.009915242770707756e-03
1.709090909090908994e-01 3.884698252486369716e-03 1.981352530202300059e-03 1.989122165608900577e-03
1.712121212121212044e-01 4.503904184205531451e-03 2.195675768809140713e-03 2.089802873821221523e-03
1.715151515151515094e-01 3.908105165450883288e-03 2.132559655317091407e-03 2.045709172002013916e-03
1.718181818181818143e-01 3.894880961383459690e-03 2.080131285367214922e-03 2.059693291676435202e-03
1.721212121212121193e-01 4.555297107925554596e-03 2.222021322198416624e-03 2.016098589437599446e-03
1.724242424242424243e-01 3.501482725810791449e-03 1.916872822426499319e-03 1.702866433787506495e-03
1.727272727272727293e-01 4.174807930811355941e-03 2.382611717911885946e-03 1.889750456716964965e-03
1.730303030303030343e-01 3.562939931336052760e-03 1.823449587918065783e-03 1.983119787569466008e-03
1.733333333333333393e-01 3.394441757635824515e-03 1.813051028559685418e-03 1.838999275569980262e-03
1.736363636363636442e-01 3.509162099906630410e-03 2.013133271980063754e-03 1.835059655074588970e-03
1.739393939393939492e-01 3.207338928568187735e-03 1.669837343223279629e-03 1.809779921239093765e-03
1.742424242424242542e-01 3.780093738272506925e-03 1.729452996965519284e-03 1.889248284629875064e-03
1.745454545454545592e-01 3.862280779819893609e-03 1.750395284803152925e-03 1.627470282721627795e-03
1.748484848484848364e-01 3.696607095097843854e-03 1.757722669545076690e-03 1.800454047091786143e-03
1.751515151515151414e-01 4.024418840682033628e-03 1.791087796654565684e-03 1.550687385747667344e-03
1.754545454545454464e-01 3.826248555862007007e-03 1.638436342032682184e-03 1.919578124735051407e-03
1.757575757575757514e-01 3.049351462299030712e-03 1.674315327943327663e-03 1.659019048124641066e-03
1.760606060606060563e-01 3.275615290312690504e-03 1.443451305968669130e-03 1.649142684361198713e-03
1.763636363636363613e-01 3.422185658273426117e-03 1.431724712274012445e-03 1.671389865639807785e-03
1.766666666666666663e-01 3.261509929031570099e-03 1.600389473693409606e-03 1.725190771390817251e-03
1.769696969696969713e-01 3.025442194767274072e-03 1.676173053014169646e-03 1.566003984452312260e-03
1.772727272727272763e-01 3.037280130963011544e-03 1.573508569325051884e-03 1.486310418961238550e-03
1.775757575757575812e-01 3.355961457288737879e-03 1.545131454668630371e-03 1.373289531263041131e-03
1.778787878787878862e-01 2.767511266903633586e-03 1.511774858973518199e-03 1.362582300993055769e-03
1.781818181818181912e-01 2.969524391445950602e-03 1.566454747533041871e-03 1.349328692582070369e-03
1.784848484848484962e-01 3.212464619874053073e-03 1.589045331117374055e-03 1.385057761719409421e-03
1.787878787878788012e-01 3.074083501061396825e-03 1.428045593961111163e-03 1.558007373059034544e-03
1.790909090909090784e-01 3.421641026354480669e-03 1.415438504764732599e-03 1.520168566504325565e-03
1.793939393939393834e-01 2.788329439772632354e-03 1.426928115850682396e-03 1.476522551874314988e-03
1.796969696969696884e-01 3.202048784005071674e-03 1.396755188332269009e-03 1.237082651614618842e-03
1.799999999999999933e-01 2.653118303417866669e-03 1.347791361327058427e-03 1.422873107091793612e-03
1.803030303030302983e-01 3.045861771379762117e-03 1.302397868893709863e-03 1.361079199224356912e-03
1.806060606060606033e-01 3.053014252871695533e-03 1.232496463076402119e-03 1.278048983429252473e-03
1.809090909090909083e-01 2.536107719285337139e-03 1.154806184740383556e-03 1.323373730759509629e-03
1.812121212121212133e-01 2.795194772578061398e-03 1.313352169261778691e-03 1.444353617617088982e-03
1.815151515151515182e-01 2.569190384557365394e-03 1.206032044019333211e-03 1.212893830138310567e-03
1.818181818181818232e-01 2.895666011714278284e-03 1.072369093696207793e-03 1.219442193155196967e-03
1.821212121212121282e-01 2.113713698937657454e-03 1.108370453756886463e-03 1.247236163362602616e-03
1.824242424242424332e-01 2.648123905674047100e-03 1.068846960891997730e-03 1.053879479565449171e-03
1.827272727272727382e-01 2.752618334586529134e-03 1.171746063308678814e-03 1.202086428684716844e-03
1.830303030303030432e-01 2.634122873657082468e-03 9.382237542340044270e-04 1.248237146242182558e-03
1.833333333333333204e-01 2.741115936413417425e-03 1.083461294245082265e-03 1.177961409889068589e-03
1.836363636363636254e-01 2.587013483232014719e-03 1.181211456306055160e-03 9.606530994091115909e-04
1.839393939393939303e-01 2.377669379182929636e-03 1.238291772869134447e-03 1.309050868240027154e-03
1.842424242424242353e-01 2.519333799563568468e-03 1.017051263022039848e-03 1.037419665378716896e-03
1.845454545454545403e-01 2.432946013935009897e-03 1.159658440742447573e-03 1.007350059519326923e-03
1.848484848484848453e-01 2.017440705409013872e-03 1.141258258294018798e-03 9.302437188840221661e-04
1.851515151515151503e-01 2.464148636567042340e-03 1.074830183365402866e-03 1.147155822777570213e-03
1.854545454545454553e-01 2.312922079871223158e-03 9.480422149430223254e-04 1.034986893867257882e-03
1.857575757575757602e-01 1.898067447437649458e-03 9.703308503872472074e-04 9.046375433843389545e-04
1.860606060606060652e-01 1.934364419415435157e-03 1.295923348773513799e-03 1.121134733326675185e-03
1.863636363636363702e-01 2.215686400400294648e-03 8.889961984680314760e-04 8.734204425721747321e-04
1.866666666666666752e-01 2.130540599809771507e-03 8.018341851304048966e-04 9.761409039322816892e-04
1.869696969696969802e-01 1.878582381421377073e-03 8.864561177181344868e-04 8.911139131256036851e-04
1.872727272727272851e-01 1.943604506640910466e-03 9.357003607727379943e-04 7.873654636147963412e-04
1.875757575757575624e-01 1.858243249411619270e-03 1.004992608109613788e-03 1.031167010804724020e-03
1.878787878787878673e-01 1.788476029463365990e-03 8.750946857711314848e-04 9.206155393310766055e-04
1.881818181818181723e-01 1.870110848228132613e-03 8.351093739003540408e-04 9.146902030683740862e-04
1.884848484848484773e-01 1.848386738313148288e-03 9.103591405670766580e-04 1.019149840249769078e-03
1.887878787878787823e-01 1.990974258789053944e-03 9.273038594633821723e-04 1.010784715326969131e-03
1.890909090909090873e-01 1.766272709860169064e-03 9.397943241646021517e-04 9.299350695775842604e-04
1.893939393939393923e-01 1.672836676282377999e-03 7.618263294272357685e-04 8.763931167592276623e-04
1.896969696969696972e-01 1.793937782423558891e-03 9.377725536320788945e-04 8.093112844753635711e-04
1.900000000000000022e-01 1.673733648938087243e-03 7.607000782880574651e-04 8.763151399586650066e-04
1.903030303030303072e-01 1.500330079727678909e-03 7.878726449533315261e-04 7.852572821833918131e-04
1.906060606060606122e-01 1.700936470594294767e-03 8.015750525548900277e-04 8.455551972022071509e-04
1.909090909090909172e-01 1.646934250802498199e-03 6.373779080881236377e-04 8.489107280012179318e-04
1.912121212121212221e-01 1.496799250355027554e-03 7.100647271987655567e-04 8.033164949976145030e-04
1.915151515151515271e-01 1.515935084487552093e-03 7.240856275789513347e-04 8.310649779404764934e-04
1.918181818181818044e-01 1.604731714058380216e-03 6.769483360164165386e-04 6.975783944234989833e-04
1.921212121212121093e-01 1.929693248277204254e-03 6.612506253965345264e-04 7.008717673813704080e-04
1.924242424242424143e-01 1.498384038353359291e-03 6.477313113364607583e-04 6.971096210163941348e-04
1.927272727272727193e-01 1.596217584011283596e-03 7.092416848397945688e-04 8.907842133713857061e-04
1.930303030303030243e-01 1.486969811695941024e-03 6.373253137820632675e-04 7.712101898640491083e-04
1.933333333333333293e-01 1.504090836980786139e-03 6.582179397802534037e-04 6.842938548221124979e-04
1.936363636363636342e-01 1.517692219598825408e-03 6.872456936938384393e-04 7.166482469620660996e-04
1.939393939393939392e-01 1.845649587762911029e-03 6.619339909683995358e-04 7.500406973210094154e-04
1.942424242424242442e-01 1.503588770514697548e-03 7.480022077191501471e-04 7.007878531925044096e-04
1.945454545454545492e-01 1.441382560467914216e-03 7.031018298082693284e-04 6.994575575746894442e-04
1.948484848484848542e-01 1.350490438113915136e-03 6.701700686250841197e-04 5.558969978337257537e-04
1.951515151515151592e-01 1.447372235379282626e-03 5.911648937987439272e-04 6.878124028218318741e-04
1.954545454545454641e-01 1.502026134687026344e-03 5.622696253422557406e-04 6.213158969323174770e-04
1.957575757575757691e-01 1.188305851111548387e-03 5.157310426042036522e-04 7.466009882596824632e-04
1.960606060606060741e-01 1.336147500455239735e-03 6.264937323170784991e-04 6.224676345017675621e-04
1.963636363636363513e-01 1.301291601714884075e-03 6.107160705825383749e-04 5.959364944388857027e-04
1.966666666666666563e-01 1.458549373487241308e-03 5.940441821071895234e-04 6.435821904201309085e-04
1.969696969696969613e-01 1.118933547412207701e-03 5.851783387070316061e-04 6.027467829435745892e-04
1.972727272727272663e-01 1.404510495893971159e-03 4.762381974646158695e-04 5.987940323997603242e-04
1.975757575757575712e-01 1.220419188861698780e-03 4.947226868732869376e-04 5.936271449325572751e-04
1.978787878787878762e-01 1.130676660173591955e-03 5.109341673947213457e-04 5.704010273944117200e-04
1.981818181818181812e-01 1.095621086958832027e-03 4.912029217642375741e-04 5.977745651026091563e-04
1.984848484848484862e-01 1.051341303612712136e-03 5.437292928373690026e-04 6.485416246260136556e-04
1.987878787878787912e-01 1.327159068252732090e-03 4.657828197175210546e-04 5.835234814687813645e-04
1.990909090909090962e-01 1.095858396601489182e-03 4.918257758166300021e-04 5.566167537653648068e-04
1.993939393939394011e-01 1.065398085827564843e-03 4.918087368784947915e-04 6.965408209897543113e-04
1.996969696969697061e-01 1.027652457192246077e-03 3.938188942328679190e-04 4.605305459897600872e-04
2.000000000000000111e-01 9.649605640028405826e-04 5.285193511938350531e-04 4.680091513781161217e-04
2.003030303030303161e-01 9.837972365420548371e-04 4.812219534165431897e-04 4.653084242536656705e-04
2.006060606060605933e-01 9.359022653132585169e-04 5.155787923692759216e-04 5.746208555634082843e-04
2.009090909090908983e-01 9.728717132195331728e-04 4.836959540483599766e-04 4.561705061376764123e-04
2.012121212121212033e-01 8.700681176420156952e-04 5.058012585918213004e-04 4.594812082511143519e-04
2.015151515151515083e-01 1.142064172820794928e-03 4.412835646552706707e-04 4.949804644149680783e-04
2.018181818181818132e-01 8.573259418848764440e-04 4.717016681492410555e-04 4.086864908178932830e-04
2.021212121212121182e-01 9.853858085108115495e-04 4.222143212016640280e-04 5.411827968722351598e-04
2.024242424242424232e-01 8.536129142770705136e-04 4.581901588988504873e-04 4.699143978583705306e-04
2.027272727272727282e-01 8.130878900199216839e-04 4.464014679350578594e-04 4.951499580691608561e-04
2.030303030303030332e-01 9.073407055785920501e-04 3.335329249864701679e-04 4.607517672519316596e-04
2.033333333333333381e-01 9.314639725508729474e-04 3.934492622016421597e-04 4.455319221009646901e-04
2.036363636363636431e-01 9.678901913141039950e-04 3.796075233223533468e-04 3.962651448264632422e-04
2.039393939393939481e-01 8.890573538576603593e-04 3.747682489637213705e-04 3.771770581311496037e-04
2.042424242424242531e-01 8.273088330482847742e-04 3.793528011325199788e-04 4.486604948187345203e-04
2.045454545454545581e-01 9.406088084851374573e-04 3.708897726607455580e-04 3.835743569068061085e-04
2.048484848484848353e-01 8.264930393850609437e-04 3.321854836197525671e-04 4.607147691459840253e-04
2.051515151515151403e-01 8.544067306165520044e-04 4.002771534575493375e-04 4.253100380522595097e-04
2.054545454545454453e-01 8.276505737781281787e-04 3.368881368230093880e-04 3.329651336189426328e-04
2.057575757575757502e-01 8.659765056443014582e-04 3.694530719439585503e-04 3.321726711846742356e-04
2.060606060606060552e-01 7.067145688810347239e-04 3.893553136746447183e-04 3.709154957543608303e-04
2.063636363636363602e-01 6.942710397119118129e-04 3.453580496072048279e-04 3.848940736838494863e-04
2.066666666666666652e-01 8.542095184228109530e-04 3.322011528770400877e-04 4.107835932031289388e-04
2.069696969696969702e-01 6.822262691810411419e-04 3.074189538080480087e-04 3.767564773376773694e-04
2.072727272727272751e-01 7.715280457680282053e-04 3.402613832529822612e-04 4.462553835902979284e-04
2.075757575757575801e-01 7.707500698587441742e-04 2.915024325865201143e-04 3.570931344286812446e-04
2.078787878787878851e-01 8.483529469146797218e-04 2.997149145278666001e-04 3.602514822823256382e-04
2.081818181818181901e-01 6.701828866410119816e-04 3.108728515138582454e-04 2.887897502702161420e-04
2.084848484848484951e-01 6.438910412095081963e-04 2.883034078380770655e-04 2.917825591115806886e-04
2.087878787878788001e-01 7.592503226245534255e-04 2.772157635041572307e-04 3.602921298094090025e-04
2.090909090909090773e-01 7.309288468800862869e-04 2.719982104001482793e-04 3.386303467386851023e-04
2.093939393939393823e-01 7.144156286818525992e-04 2.935154218828469599e-04 3.267596877711987507e-04
2.096969696969696872e-01 6.366478851671796306e-04 2.849537954777230336e-04 3.305859080741765021e-04
2.099999999999999922e-01 5.930132392223835293e-04 2.849225265483399305e-04 2.908884975207102824e-04
2.103030303030302972e-01 6.008129987731914779e-04 2.991384172469087983e-04 3.416223259823047650e-04
2.106060606060606022e-01 6.106478982300175698e-04 3.177442209335261522e-04 2.914581522507309302e-04
2.109090909090909072e-01 5.662786586508794170e-04 2.477041542530679591e-04 2.648343826081426297e-04
2.112121212121212122e-01 6.024640451339714677e-04 2.559299633919881012e-04 3.047277544951984400e-04
2.115151515151515171e-01 6.267198905567388954e-04 2.683053549642638066e-04 3.400721756901340645e-04
2.118181818181818221e-01 6.582176225682847973e-04 2.452954807493993574e-04 3.129626744052882502e-04
2.121212121212121271e-01 4.907537921052066441e-04 2.346927173263149333e-04 2.841347880426937228e-04
2.124242424242424321e-01 5.517173560168604860e-04 2.137120223023459404e-04 2.977432261263873617e-04
2.127272727272727371e-01 5.451795262227507235e-04 2.326158534164433163e-04 2.984294085982565326e-04
2.130303030303030420e-01 5.214830969643876853e-04 2.134354885553075838e-04 2.703841069899252524e-04
2.133333333333333470e-01 4.623246065176736096e-04 2.192099545865126950e-04 2.664905228997351536e-04
2.136363636363636243e-01 5.657759876373501815e-04 2.224756407219783761e-04 2.872610006920452977e-04
2.139393939393939292e-01 6.239384114519841255e-04 2.491296033276561785e-04 2.649986241564056635e-04
2.142424242424242342e-01 4.907840564103678818e-04 2.422459006922895054e-04 2.241977915999841928e-04
2.145454545454545392e-01 4.360647437841891913e-04 2.397929524262375515e-04 2.694757715314665130e-04
2.148484848484848442e-01 4.646264007920383851e-04 2.198190749796855503e-04 2.681207148829432623e-04
2.151515151515151492e-01 5.165771237016245163e-04 1.962299902310155064e-04 2.644105929435003137e-04
2.154545454545454541e-01 4.859104698541723754e-04 2.006742025617062018e-04 2.342618630413010076e-04
2.157575757575757591e-01 5.032065810151428644e-04 1.905571536003745241e-04 2.294288122276452486e-04
2.160606060606060641e-01 5.605911425937416511e-04 1.719243376537071886e-04 2.807701150320755638e-04
2.163636363636363691e-01 4.758214206056900577e-04 2.250458954021577985e-04 2.068626056318676669e-04
2.166666666666666741e-01 4.522584089301473725e-04 2.287144349356639878e-04 2.409955780538591797e-04
2.169696969696969790e-01 4.331648656802497489e-04 2.125216936137060695e-04 2.319571657144173422e-04
2.172727272727272840e-01 4.007562908883830388e-04 1.763146459259126708e-04 2.351121424211275119e-04
2.175757575757575890e-01 4.397436114644914340e-04 2.115764483227550001e-04 2.360049361243123436e-04
2.178787878787878662e-01 4.521974133695118455e-04 2.088774414344585662e-04 2.235936381394664928e-04
2.181818181818181712e-01 3.864454385794520159e-04 1.956415707071694086e-04 1.980877257573853171e-04
2.184848484848484762e-01 4.162578985560534662e-04 1.582679072940495091e-04 2.189003904808078525e-04
2.187878787878787812e-01 4.027118570399469189e-04 1.944760645765956030e-04 2.289014981995482077e-04
2.190909090909090862e-01 4.087154836459026028e-04 1.777790035946541492e-04 1.822737757028823201e-04
2.193939393939393911e-01 3.925919013875226967e-04 1.788486559744614692e-04 2.035461077565096672e-04
2.196969696969696961e-01 4.023133390420065010e-04 1.657164286466042110e-04 2.299432166658725574e-04
2.200000000000000011e-01 3.225660558013303952e-04 1.389364966031148712e-04 1.974406011481280284e-04
2.203030303030303061e-01 3.543461618131678575e-04 1.561815705870963169e-04 1.849169762494900506e-04
2.206060606060606111e-01 3.719999846813658241e-04 1.594295952658469711e-04 1.758503417151652433e-04
2.209090909090909161e-01 3.513520309985356947e-04 1.573305632860431480e-04 1.860745401352404565e-04
2.212121212121212210e-01 3.880163392498256936e-04 1.709877174220252646e-04 1.887163541067103580e-04
2.215151515151515260e-01 3.963497612715004238e-04 1.344243881351689287e-04 1.765412690493276058e-04
2.218181818181818310e-01 3.043418378326988001e-04 1.480148863929388076e-04 1.559030695758443412e-04
2.221212121212121082e-01 3.540848434266957332e-04 1.391819915997841032e-04 2.254777528425480366e-04
2.224242424242424132e-01 3.589175488700475491e-04 1.550607942809280261e-04 2.148601212512905693e-04
2.227272727272727182e-01 3.151827300805240908e-04 1.387287150395093908e-04 1.610968113485020321e-04
2.230303030303030232e-01 3.136117391775003938e-04 1.395974640477994934e-04 1.743774295677036747e-04
2.233333333333333282e-01 3.070205438989374695e-04 1.497120599842569066e-04 1.637288819404036032e-04
2.236363636363636331e-01 3.051647983435503602e-04 1.389465942970686228e-04 1.728925723942973086e-04
2.239393939393939381e-01 3.164962323023236311e-04 1.271333020967847663e-04 1.867969710128629488e-04
2.242424242424242431e-01 3.754005158931055419e-04 1.297419031673148655e-04 1.711731970805948949e-04
2.245454545454545481e-01 3.263917741531762286e-04 1.287027729627415447e-04 1.645974955128668457e-04
2.248484848484848531e-01 3.190564061214975046e-04 1.386224641088719140e-04 1.567668471634398454e-04
2.251515151515151580e-01 2.828695922639947293e-04 1.157798933035686530e-04 1.510714347283605868e-04
2.254545454545454630e-01 3.364854073744977703e-04 1.314513319337473195e-04 1.521843011128088188e-04
2.257575757575757680e-01 3.061873064566996718e-04 1.180560072171285292e-04 1.569185307839241416e-04
2.260606060606060730e-01 2.699404439584671372e-04 1.281252177163878163e-04 1.552160713059282430e-04
2.263636363636363502e-01 2.814290481239376473e-04 1.138838949531842268e-04 1.611083979026370306e-04
2.266666666666666552e-01 2.524511074963420136e-04 1.327248494834837441e-04 1.452565076849430148e-04
2.269696969696969602e-01 2.659800527222537796e-04 1.088885747709526802e-04 1.631611469452297391e-04
2.272727272727272652e-01 3.261032479347078712e-04 1.338290376225915069e-04 1.318402619755954441e-04
2.275757575757575701e-01 2.988115872797457310e-04 1.082522694620607033e-04 1.346893643580916690e-04
2.278787878787878751e-01 3.129675369911036971e-04 1.116638261289140210e-04 1.460808661010670967e-04
2.281818181818181801e-01 3.385288979790370442e-04 1.019819416423321947e-04 1.713093427445453332e-04
2.284848484848484851e-01 2.648883900749227907e-04 1.051851240727721742e-04 1.402605965084342159e-04
2.287878787878787901e-01 2.768349315165487918e-04 1.130104452315115884e-04 1.253556259289799609e-04
2.290909090909090950e-01 2.542179937109862679e-04 1.024641586147822652e-04 1.384280298693836152e-04
2.293939393939394000e-01 2.699106159009688390e-04 1.161304852731569458e-04 1.383654916448483620e-04
2.296969696969697050e-01 2.422292329174807139e-04 1.100669611656093560e-04 1.344646822060147615e-04
2.300000000000000100e-01 2.641218495927495332e-04 1.167599247996741212e-04 1.230698912936763797e-04
2.303030303030303150e-01 2.630793783202530476e-04 1.108986689390752421e-04 1.227711361469160413e-04
2.306060606060605922e-01 2.597388774040649021e-04 9.444370181605029246e-05 1.477033655620227967e-04
2.309090909090908972e-01 2.825168040206166493e-04 1.121842921753460191e-04 1.637035218318843319e-04
2.312121212121212022e-01 2.457429410795569668e-04 1.056091526406963723e-04 1.300221946108329381e-04
2.315151515151515071e-01 2.366638583023997688e-04 1.119526438049877975e-04 1.323409821308916385e-04
2.318181818181818121e-01 2.101793658250740990e-04 1.100974153879662789e-04 1.155147501197599053e-04
2.321212121212121171e-01 2.125675235059116207e-04 8.616696215401779607e-05 1.204491175975713546e-04
2.324242424242424221e-01 1.986571500168917911e-04 1.008931849167282898e-04 1.120017993716508907e-04
2.327272727272727271e-01 2.533286056318513483e-04 1.115131190125797267e-04 1.268398714374761719e-04
2.330303030303030321e-01 2.157086629957677176e-04 9.304680747499560311e-05 1.176266210486561072e-04
2.333333333333333370e-01 1.995391872520004060e-04 9.365760283686828903e-05 9.886230884617273342e-05
2.336363636363636420e-01 2.106186547038252333e-04 9.162180555435653275e-05 1.268661168355718989e-04
2.339393939393939470e-01 2.112588361286894540e-04 8.630473391511098169e-05 1.195659754442034492e-04
2.342424242424242520e-01 2.070528039950035712e-04 8.812155707909699620e-05 1.244643953726893334e-04
2.345454545454545570e-01 2.104574282180812956e-04 8.314413064047212944e-05 1.156990136645157585e-04
2.348484848484848619e-01 2.283694269847953890e-04 1.017413705914031464e-04 1.100143090967039281e-04
2.351515151515151392e-01 2.200399359461069381e-04 8.363128150846557197e-05 1.157325112249430707e-04
2.354545454545454441e-01 2.175178698768150543e-04 8.213369655974912451e-05 1.007143783825571374e-04
2.357575757575757491e-01 2.010494867632302469e-04 7.974240398777950501e-05 1.101762325392756467e-04
2.360606060606060541e-01 1.878302438437934600e-04 7.690465866548021117e-05 1.262881339680962543e-04
2.363636363636363591e-01 1.851940399885868937e-04 8.299511208164836581e-05 1.098761565069406027e-04
2.366666666666666641e-01 1.643198154690205263e-04 7.743921089840124291e-05 1.075424103041564493e-04
2.369696969696969691e-01 1.802463559187894582e-04 8.528010948431477220e-05 8.830273490970577265e-05
2.372727272727272740e-01 1.929958733983146949e-04 7.837864610487472149e-05 9.431601797662014796e-05
2.375757575757575790e-01 2.171326239515315357e-04 7.755382179118968473e-05 9.793945750495461431e-05
2.378787878787878840e-01 1.926986766038890902e-04 8.782339310897442511e-05 1.101519797343807918e-04
2.381818181818181890e-01 1.854223874736032527e-04 7.662843720619854390e-05 1.185813515776895096e-04
2.384848484848484940e-01 1.655111080225579886e-04 7.026639567061489179e-05 1.039920896826132676e-04
2.387878787878787989e-01 1.915303328390214851e-04 7.817477941435873787e-05 1.003338651461549143e-04
2.390909090909091039e-01 1.761732514068934947e-04 8.155144953170055222e-05 9.164672962849811880e-05
2.393939393939393812e-01 1.967621115735111021e-04 6.240677780925680651e-05 9.581118232811703576e-05
2.396969696969696861e-01 1.961363929656532025e-04 6.428001348813380171e-05 1.025457410503318720e-04
2.399999999999999911e-01 1.800369213661662596e-04 7.016080835142890395e-05 9.535525703857221412e-05
2.403030303030302961e-01 1.889840769746653352e-04 6.980324868785448467e-05 1.071328500966655094e-04
2.406060606060606011e-01 1.699063229297543577e-04 7.311867277275273702e-05 1.131970408198425628e-04
2.409090909090909061e-01 1.521215591120543326e-04 7.692737846150123711e-05 8.749899680148291638e-05
2.412121212121212110e-01 1.567353863319130439e-04 7.071962993556724900e-05 9.046682759056950387e-05
2.415151515151515160e-01 1.612865243818135659e-04 7.030044223156331408e-05 9.121756400844212710e-05
2.418181818181818210e-01 1.525645677493158749e-04 7.098290960670716797e-05 8.368664802194706817e-05
2.421212121212121260e-01 1.599775150170143902e-04 6.497608384728798176e-05 9.917658893703982929e-05
2.424242424242424310e-01 1.774317261223527591e-04 7.656245008194404844e-05 1.043599103157043896e-04
2.427272727272727360e-01 1.489731152529083979e-04 7.350046203156450808e-05 9.675762434102008161e-05
2.430303030303030409e-01 1.632800740699824561e-04 7.320278774795627012e-05 9.485996054093188978e-05
2.433333333333333459e-01 1.549170700140124854e-04 6.459109392609020477e-05 9.918606700734111800e-05
2.436363636363636231e-01 1.694528679451635792e-04 6.399776195801627169e-05 8.455298096506696170e-05
2.439393939393939281e-01 1.695087563842863582e-04 6.241169395962043614e-05 9.043115843565954564e-05
2.442424242424242331e-01 1.824549331459770184e-04 6.281914259641596730e-05 8.121918291988851498e-05
2.445454545454545381e-01 1.636442782781767679e-04 7.330575827521782037e-05 8.724317892518185865e-05
2.448484848484848431e-01 1.599391290779323717e-04 7.354717694015577031e-05 8.177174939521717313e-05
2.451515151515151480e-01 1.582238300921545520e-04 6.575109449938479963e-05 7.559719554762759828e-05
2.454545454545454530e-01 1.747197340527325985e-04 7.080967353953228620e-05 8.624174770977690945e-05
2.457575757575757580e-01 1.743637707829381238e-04 7.177697402004530873e-05 9.137251566510963075e-05
2.460606060606060630e-01 1.445868479397864343e-04 6.615997595874791438e-05 9.575336210520584898e-05
2.463636363636363680e-01 1.796274736897163508e-04 7.459682188659528244e-05 8.667833273738565782e-05
2.466666666666666730e-01 1.377995142747744854e-04 7.317821274077041731e-05 7.936015249199544340e-05
2.469696969696969779e-01 1.511051006399149240e-04 6.723486917351559117e-05 9.990423711836210648e-05
2.472727272727272829e-01 1.523814895670544205e-04 6.375113904507785363e-05 8.570962535523932819e-05
2.475757575757575879e-01 1.529120032684756888e-04 6.237498395026621777e-05 8.395046645853012105e-05
2.478787878787878651e-01 1.339332721902592165e-04 6.747932979693599897e-05 7.607043091210513336e-05
2.481818181818181701e-01 1.486790161630397692e-04 6.039455839157307685e-05 9.160487917991869892e-05
2.484848484848484751e-01 1.654704847095169894e-04 6.192876025261100819e-05 8.534527366840078365e-05
2.487878787878787801e-01 1.433163680621795787e-04 6.717016987253144223e-05 8.696770377978250792e-05
2.490909090909090851e-01 1.339183962890499839e-04 6.316352781044382069e-05 8.676080322226265766e-05
2.493939393939393900e-01 1.556008812199840966e-04 5.878817911900508983e-05 9.625563737746649915e-05
2.496969696969696950e-01 1.438494338946131755e-04 6.070957882289318463e-05 9.100708587829491785e-05
