z Tu Tv Tw
0.000000000000000000e+00 -1.206389312147678345e-21 -3.879096127571575768e-21 -3.589866337805784798e-03
2.500000000000000000e+00 4.925505815415096249e-06 8.395507977017598752e-06 -3.138641245626831548e-03
5.000000000000000000e+00 5.831813921936929192e-06 8.091912304713361125e-06 -1.782329646141355512e-03
7.500000000000000000e+00 4.730700684475672338e-06 5.426835162329473517e-06 -1.092822600159623408e-03
1.000000000000000000e+01 3.682124391885807931e-06 3.717755057590726418e-06 -7.477101170075805539e-04
1.250000000000000000e+01 3.061339407933531669e-06 2.831277036608131566e-06 -5.582496776616675859e-04
1.500000000000000000e+01 2.635723324241813011e-06 2.308242277550168363e-06 -4.448211859327826545e-04
1.750000000000000000e+01 2.316122375046493323e-06 1.996798601006537394e-06 -3.704547265387656604e-04
2.000000000000000000e+01 2.112452779411202748e-06 1.752006061966592265e-06 -3.182172321740133923e-04
2.250000000000000000e+01 1.959762777929933156e-06 1.534433736884068043e-06 -2.793067547296909604e-04
2.500000000000000000e+01 1.814751133999006171e-06 1.350839259421990177e-06 -2.490848849083602949e-04
2.750000000000000000e+01 1.731716133861778149e-06 1.201576874609202857e-06 -2.244679096083344861e-04
3.000000000000000000e+01 1.619001225272492169e-06 1.072020713000834254e-06 -2.038820433194201375e-04
3.250000000000000000e+01 1.538846302184479353e-06 9.600934086278741215e-07 -1.872278405066055737e-04
3.500000000000000000e+01 1.455910227647906349e-06 8.603201817350299776e-07 -1.737102007968738813e-04
3.750000000000000000e+01 1.374114630119998550e-06 7.884708487567513826e-07 -1.618889148989556190e-04
4.000000000000000000e+01 1.275508271785488320e-06 7.315954063411035274e-07 -1.512484407905124745e-04
4.250000000000000000e+01 1.181737714137831595e-06 6.816596070866460519e-07 -1.419535409969261862e-04
4.500000000000000000e+01 1.134635999444006776e-06 6.382829067966744317e-07 -1.338821119262335706e-04
4.750000000000000000e+01 1.115170814683717095e-06 5.841877904035822106e-07 -1.263696164634474644e-04
5.000000000000000000e+01 1.082770462026642398e-06 5.215112965441504879e-07 -1.190979534760989935e-04
5.250000000000000000e+01 1.036104976157187681e-06 4.715549270795820702e-07 -1.121541315955528248e-04
5.500000000000000000e+01 9.871886938868600240e-07 4.288086893909781748e-07 -1.057314069334228254e-04
5.750000000000000000e+01 9.497971703753177572e-07 3.982521916440653933e-07 -1.000632366744779833e-04
6.000000000000000000e+01 8.962632946099521752e-07 3.819285412903394760e-07 -9.462571174499514472e-05
6.250000000000000000e+01 8.424822588602507864e-07 3.656632966719274657e-07 -8.935076611671332583e-05
6.500000000000000000e+01 7.920932245161856793e-07 3.538987553109294857e-07 -8.440295038529939875e-05
6.750000000000000000e+01 7.403291783014816794e-07 3.491557639525410855e-07 -8.006063333507781182e-05
7.000000000000000000e+01 7.091515936802392184e-07 3.277150498566042731e-07 -7.621107934245437913e-05
7.250000000000000000e+01 6.909123218211113430e-07 3.039506696006403374e-07 -7.259154688457826910e-05
7.500000000000000000e+01 6.557605712931128368e-07 2.824714674675866866e-07 -6.904233577718659387e-05
7.750000000000000000e+01 6.241031710028568817e-07 2.557321720996354981e-07 -6.557184747383400149e-05
8.000000000000000000e+01 5.979003372662090933e-07 2.306720262654035110e-07 -6.238938559948145114e-05
8.250000000000000000e+01 5.812220524005748955e-07 2.119897793549165459e-07 -5.927365518214140278e-05
8.500000000000000000e+01 5.542596939487477732e-07 1.988274078881750100e-07 -5.619793741314937376e-05
8.750000000000000000e+01 5.203828400408897053e-07 1.830350350512650466e-07 -5.330375499538685498e-05
9.000000000000000000e+01 4.869302925056562566e-07 1.707945193298812336e-07 -5.056174827342035027e-05
9.250000000000000000e+01 4.626671997362928162e-07 1.679218943339542529e-07 -4.800191406507507843e-05
9.500000000000000000e+01 4.409238103011822154e-07 1.777614738312191280e-07 -4.566682200174272769e-05
9.750000000000000000e+01 4.242335430132450232e-07 1.764063445569771838e-07 -4.330304046694624285e-05
1.000000000000000000e+02 4.091554150745614880e-07 1.633953366386480617e-07 -4.108376737243399449e-05
1.025000000000000000e+02 3.959896024102664694e-07 1.628387155083130660e-07 -3.910884842934760969e-05
1.050000000000000000e+02 3.777678304173848455e-07 1.692060406196055797e-07 -3.721200485055846754e-05
1.075000000000000000e+02 3.640563579821150740e-07 1.582794878394426623e-07 -3.543544604065107837e-05
1.100000000000000000e+02 3.541875239231325958e-07 1.415149265366134541e-07 -3.387513484960597921e-05
1.125000000000000000e+02 3.376947184064710110e-07 1.298982122428089999e-07 -3.236920787356911477e-05
1.150000000000000000e+02 3.118787847558637143e-07 1.270574982234690007e-07 -3.089115248212795042e-05
1.175000000000000000e+02 2.899312903765317914e-07 1.183635180526988684e-07 -2.946207509362780866e-05
1.200000000000000000e+02 2.723427031349530216e-07 1.049540951827284872e-07 -2.808631758536015552e-05
1.225000000000000000e+02 2.536370738164424154e-07 9.800267375296179816e-08 -2.681917451783677497e-05
1.250000000000000000e+02 2.404673229247308645e-07 9.612597272275164198e-08 -2.563755452785265797e-05
1.275000000000000000e+02 2.245961184863926420e-07 9.006199020075367030e-08 -2.444997097435979975e-05
1.300000000000000000e+02 2.116300015481977119e-07 8.474600218991498155e-08 -2.336469020723539198e-05
1.325000000000000000e+02 2.086033561606888994e-07 8.084848395438628897e-08 -2.239405574106372132e-05
1.350000000000000000e+02 2.004048597724971365e-07 7.610016344544694627e-08 -2.144157254291784105e-05
1.375000000000000000e+02 1.886416478665750489e-07 7.180519459054859387e-08 -2.049166505789136116e-05
1.400000000000000000e+02 1.798124904366380460e-07 6.882538638765813435e-08 -1.955490668088296011e-05
1.425000000000000000e+02 1.697137350111249556e-07 6.375731301238189150e-08 -1.858140847324109206e-05
1.450000000000000000e+02 1.561799509732734045e-07 6.170663858666148618e-08 -1.756699448563772085e-05
1.475000000000000000e+02 1.432902653317978301e-07 6.674365073171158820e-08 -1.654394675502351744e-05
1.500000000000000000e+02 1.296914876665241773e-07 6.851306157436221114e-08 -1.557094474848515716e-05
1.525000000000000000e+02 1.169910747092013330e-07 6.621751043776010065e-08 -1.474547515891578448e-05
1.550000000000000000e+02 1.089912356439434096e-07 6.641883949907803855e-08 -1.404869263646476934e-05
1.575000000000000000e+02 1.045978738174911352e-07 6.293331510433717726e-08 -1.334321346336140675e-05
1.600000000000000000e+02 1.004765836011258656e-07 5.503416080609962319e-08 -1.265068444390776548e-05
1.625000000000000000e+02 9.920303660742077631e-08 4.968871433970317621e-08 -1.202819242189528568e-05
1.650000000000000000e+02 9.714391143582631838e-08 4.860897083130087105e-08 -1.139523693778291618e-05
1.675000000000000000e+02 9.207685727527332858e-08 4.519868170362848340e-08 -1.074900940370458767e-05
1.700000000000000000e+02 8.656424409574822563e-08 4.275280375098989884e-08 -1.013692639832290053e-05
1.725000000000000000e+02 8.235979594052076953e-08 3.869508290718600752e-08 -9.524067375771151425e-06
1.750000000000000000e+02 7.759681177859345861e-08 3.460132924998819763e-08 -8.966783538726395613e-06
1.775000000000000000e+02 7.341724566800823607e-08 3.128082445302911070e-08 -8.501402004977275806e-06
1.800000000000000000e+02 6.963395449763926004e-08 3.011051880985871200e-08 -8.074686732911821334e-06
1.825000000000000000e+02 6.523536308372790459e-08 3.188746016203337343e-08 -7.678818191686982356e-06
1.850000000000000000e+02 6.161528646027447887e-08 3.384841196844111283e-08 -7.280964276724564526e-06
1.875000000000000000e+02 5.826852220091185122e-08 3.214412185462898192e-08 -6.845696728796736493e-06
1.900000000000000000e+02 5.347059598601064845e-08 2.932505014237784645e-08 -6.404624177245092779e-06
1.925000000000000000e+02 4.953697156403912327e-08 2.752519939496503169e-08 -5.996637214558283651e-06
1.950000000000000000e+02 4.600295709564374557e-08 2.649428427359327986e-08 -5.588682724510638016e-06
1.975000000000000000e+02 4.236846469094314009e-08 2.765336777419951636e-08 -5.209845520546675517e-06
2.000000000000000000e+02 4.190928499416008151e-08 2.752580295599604730e-08 -4.893057064512972363e-06
2.025000000000000000e+02 4.254397828409312328e-08 2.428224797849363656e-08 -4.601230623896429267e-06
2.050000000000000000e+02 4.150608891397942989e-08 2.211711162848209956e-08 -4.310736789819448914e-06
2.075000000000000000e+02 3.867600207658067460e-08 2.137975013879388560e-08 -4.042544701023632318e-06
2.100000000000000000e+02 3.447568588656741530e-08 2.221720447930832218e-08 -3.794626641775748802e-06
2.125000000000000000e+02 3.135600543348957647e-08 2.111617989423124710e-08 -3.542291701692060878e-06
2.150000000000000000e+02 2.814450145437154263e-08 1.937500951419833800e-08 -3.288474067454179484e-06
2.175000000000000000e+02 2.577995626789328978e-08 1.673112720172628317e-08 -3.025777274310151534e-06
2.200000000000000000e+02 2.361219415989140074e-08 1.362583798208286959e-08 -2.776081840988621034e-06
2.225000000000000000e+02 2.214579216311171036e-08 1.208548650447241826e-08 -2.543934508703098476e-06
2.250000000000000000e+02 2.126289659057342328e-08 1.164729057643335633e-08 -2.334041323525301553e-06
2.275000000000000000e+02 1.896123103120044640e-08 1.322287274243064920e-08 -2.146962852566511595e-06
2.300000000000000000e+02 1.637559129062348849e-08 1.466272446010298153e-08 -1.969506905583688188e-06
2.325000000000000000e+02 1.558603593946357398e-08 1.425810889294851622e-08 -1.806408352752088380e-06
2.350000000000000000e+02 1.467917826527938417e-08 1.393302986849309680e-08 -1.654094465290484557e-06
2.375000000000000000e+02 1.404487449914041283e-08 1.313350246888064372e-08 -1.509558422510375751e-06
2.400000000000000000e+02 1.342492390327905976e-08 1.142232476288650094e-08 -1.365405244307314196e-06
2.425000000000000000e+02 1.271982264100510365e-08 1.000741626029678005e-08 -1.229184857904312745e-06
2.450000000000000000e+02 1.201276159816105330e-08 8.915125639772064199e-09 -1.099921291626308962e-06
2.475000000000000000e+02 1.138088873658025642e-08 8.249585078057991523e-09 -9.823211074284994789e-07
2.500000000000000000e+02 1.073735631781928180e-08 7.887296431241359321e-09 -8.768604958856894933e-07
2.525000000000000000e+02 9.757200335835188255e-09 7.130609635319170303e-09 -7.746750516420577434e-07
2.550000000000000000e+02 8.594104648368894297e-09 6.470920145602581999e-09 -6.783240149413917865e-07
2.575000000000000000e+02 7.510149029247462288e-09 6.203556348479994934e-09 -5.889602209676209037e-07
2.600000000000000000e+02 6.699719568549755567e-09 5.995760027477764508e-09 -5.059318583024715956e-07
2.625000000000000000e+02 6.191369673759436490e-09 5.367816789619090927e-09 -4.273430303076373836e-07
2.650000000000000000e+02 5.573463696484679519e-09 4.363826003802003525e-09 -3.509855262435156376e-07
2.675000000000000000e+02 4.753932327364081631e-09 3.435936115237817930e-09 -2.796940303627322174e-07
2.700000000000000000e+02 3.952650672064033053e-09 2.773872795362000911e-09 -2.183197295620618760e-07
2.725000000000000000e+02 3.185498532236651376e-09 2.256238827843591858e-09 -1.685776104205501417e-07
2.750000000000000000e+02 2.425921519173691631e-09 1.832186129338517917e-09 -1.281108688488269357e-07
2.775000000000000000e+02 1.783650496796370942e-09 1.480152091836510021e-09 -9.555016981017086375e-08
2.800000000000000000e+02 1.314506766659060444e-09 1.156609178406816502e-09 -6.956599856926548089e-08
2.825000000000000000e+02 9.690537153300793758e-10 8.958964935894258352e-10 -4.951486615681620634e-08
2.850000000000000000e+02 7.141911012851615984e-10 6.829299316511132349e-10 -3.455713683663642517e-08
2.875000000000000000e+02 5.332539378936693238e-10 5.023185867985253457e-10 -2.403183507525254785e-08
2.900000000000000000e+02 4.066299971941093438e-10 3.661371362917046125e-10 -1.698054066228502338e-08
2.925000000000000000e+02 3.089947192685927061e-10 2.696679756605215408e-10 -1.223169247807940228e-08
2.950000000000000000e+02 2.263653089507662252e-10 1.968862573218099990e-10 -8.897642944881627232e-09
2.975000000000000000e+02 1.670371447284897760e-10 1.387616262027672901e-10 -6.462144000813177906e-09
3.000000000000000000e+02 1.261662506546574997e-10 9.706724388778277108e-11 -4.790682807325242989e-09
3.025000000000000000e+02 9.710182064229235236e-11 7.188982477203082535e-11 -3.759733927895270503e-09
3.050000000000000000e+02 7.398215665095604182e-11 5.702174275746505310e-11 -3.112584291472425642e-09
3.075000000000000000e+02 5.385688094905122340e-11 4.602138338882984054e-11 -2.614336255020937447e-09
3.100000000000000000e+02 3.800447553063264991e-11 3.746317706312322953e-11 -2.247403522001884078e-09
3.125000000000000000e+02 2.602217609118703384e-11 3.122410572679617169e-11 -1.990661379579729564e-09
3.150000000000000000e+02 1.867079239820095368e-11 2.627205994740189538e-11 -1.796036966432520854e-09
3.175000000000000000e+02 1.466753255760284487e-11 2.390328405315021742e-11 -1.645392253516880110e-09
3.200000000000000000e+02 1.315438155496280460e-11 2.425177886465223917e-11 -1.510737397666037001e-09
3.225000000000000000e+02 1.412042427544079414e-11 2.002911693494481852e-11 -1.405853064358579508e-09
3.250000000000000000e+02 1.598674869792562648e-11 1.471145716474140821e-11 -1.348855709450518344e-09
3.275000000000000000e+02 1.717758464041496292e-11 9.914746752407865892e-12 -1.299405506888129598e-09
3.300000000000000000e+02 1.800681379401476046e-11 6.430400418711993498e-12 -1.246203230261930891e-09
3.325000000000000000e+02 1.936177360148827025e-11 4.219983627655012710e-12 -1.177925499420994145e-09
3.350000000000000000e+02 2.044958495083415573e-11 3.838446083649552433e-12 -1.082353559282413609e-09
3.375000000000000000e+02 2.013592829639179580e-11 4.533283847002238539e-12 -9.574851138699486777e-10
3.400000000000000000e+02 1.871149016218673075e-11 5.294403078764524712e-12 -8.334272047565982210e-10
3.425000000000000000e+02 1.707372054830177840e-11 5.645439679594748831e-12 -7.317317531605667043e-10
3.450000000000000000e+02 1.547161539953627281e-11 5.611213739851060169e-12 -6.742572794636269198e-10
3.475000000000000000e+02 1.381631314383216646e-11 5.280416470390451032e-12 -6.675372831343636690e-10
3.500000000000000000e+02 1.179418967025024942e-11 4.934252971119745430e-12 -6.646988375034536152e-10
3.525000000000000000e+02 9.701263397047803852e-12 5.029731467279602911e-12 -6.325367808625412362e-10
3.550000000000000000e+02 7.847462793107796807e-12 5.677475940088775459e-12 -5.812336935610286313e-10
3.575000000000000000e+02 6.238733599442208921e-12 6.028938989997213212e-12 -5.366190190594082019e-10
3.600000000000000000e+02 5.385202985000806886e-12 5.725434249905178970e-12 -5.042408552505484493e-10
3.625000000000000000e+02 5.044924366005076840e-12 5.428693477485019743e-12 -4.755292362535314361e-10
3.650000000000000000e+02 4.744038630881962249e-12 5.576568724434527547e-12 -4.494918426207831593e-10
3.675000000000000000e+02 5.127867562584174358e-12 5.361002989652327170e-12 -4.222528662161603911e-10
3.700000000000000000e+02 5.904373838018111127e-12 4.505709957504574463e-12 -4.015842310363377767e-10
3.725000000000000000e+02 6.598315546157012129e-12 3.582824386211294190e-12 -3.798559867598363398e-10
3.750000000000000000e+02 7.126157710509507281e-12 2.918285990039958019e-12 -3.594910886279963729e-10
3.775000000000000000e+02 7.187789943728178041e-12 2.335932481546204312e-12 -3.409469467813574213e-10
3.800000000000000000e+02 7.148672570584851127e-12 1.480424844874242492e-12 -3.301419273387183545e-10
3.825000000000000000e+02 7.187347379666088843e-12 8.871250908641127227e-13 -3.248919982561117956e-10
3.850000000000000000e+02 6.350516671675246467e-12 9.554001407258162002e-13 -3.177725587850492231e-10
3.875000000000000000e+02 4.965357329781126790e-12 2.019525152405838662e-12 -2.984387475975994635e-10
3.900000000000000000e+02 3.576293794014149577e-12 3.504839239259175875e-12 -2.747288535978596458e-10
3.925000000000000000e+02 2.495650791518851174e-12 4.513047320227730606e-12 -2.547821937963357105e-10
3.950000000000000000e+02 1.893371115434658165e-12 4.586708896351377932e-12 -2.444927059290548372e-10
3.975000000000000000e+02 1.636585093982166123e-12 4.895042976661824644e-12 -2.387259446365975762e-10
4.000000000000000000e+02 1.782368869849392465e-12 5.208068050027564468e-12 -2.362616431531526636e-10
4.025000000000000000e+02 2.396941584510207163e-12 5.274818544457435417e-12 -2.382571284275648598e-10
4.050000000000000000e+02 2.666506460588779093e-12 5.057854931774780385e-12 -2.434570496092750808e-10
4.075000000000000000e+02 1.937894860192697937e-12 5.305764185049009921e-12 -2.421227646518849164e-10
4.100000000000000000e+02 1.556581660758936845e-12 5.581837722227870858e-12 -2.443858249972515721e-10
4.125000000000000000e+02 1.141182667568085240e-12 5.706037749234900042e-12 -2.563971108277233079e-10
4.150000000000000000e+02 9.668971443854132641e-13 5.736254070056764063e-12 -2.656875933955394051e-10
4.175000000000000000e+02 1.374548959604027389e-12 5.411450857772762988e-12 -2.774250759711742222e-10
4.200000000000000000e+02 1.560962457008414206e-12 5.381763313708506609e-12 -2.914958549103887517e-10
4.225000000000000000e+02 1.215463628458382794e-12 5.235886086670492115e-12 -2.941617354315234997e-10
4.250000000000000000e+02 1.471675660256366662e-12 4.463791016203604747e-12 -2.901789495068925124e-10
4.275000000000000000e+02 1.870165473379903874e-12 4.233131277019111612e-12 -2.829739911796283088e-10
4.300000000000000000e+02 2.243996989928068739e-12 3.740376007856552951e-12 -2.682296555409267243e-10
4.325000000000000000e+02 2.280378140571699418e-12 3.304207132826587137e-12 -2.409579244067397301e-10
4.350000000000000000e+02 2.224442015631036251e-12 3.246141383427559757e-12 -2.095822067029938760e-10
4.375000000000000000e+02 2.247498819269334312e-12 3.278334447184036443e-12 -1.887677417644693290e-10
4.400000000000000000e+02 2.103663768243459210e-12 3.614572144085104923e-12 -1.763345075823597315e-10
4.425000000000000000e+02 2.060338481407101122e-12 3.882428613230325007e-12 -1.668500264491460184e-10
4.450000000000000000e+02 2.179004278632662563e-12 3.610714007953605695e-12 -1.517492932661221154e-10
4.475000000000000000e+02 2.474912512351360975e-12 2.909152857036207113e-12 -1.365247337663327117e-10
4.500000000000000000e+02 2.946726501008476858e-12 2.046835642318841730e-12 -1.210478400550601968e-10
4.525000000000000000e+02 3.096018675459428564e-12 1.222913092983343376e-12 -1.008959760349386346e-10
4.550000000000000000e+02 3.029303188598327680e-12 5.784217620768012727e-13 -8.558171138332660042e-11
4.575000000000000000e+02 2.806144600294216013e-12 -4.429009111835785903e-14 -7.659317860003706499e-11
4.600000000000000000e+02 3.006027893653549510e-12 -1.047916448184632605e-12 -6.206664148036383270e-11
4.625000000000000000e+02 2.826485100336803877e-12 -1.433264233120245785e-12 -6.558714930390309906e-11
4.650000000000000000e+02 3.078363640586763700e-12 -2.215706868131843714e-12 -5.612496542037709626e-11
4.675000000000000000e+02 2.769887571877373233e-12 -2.022927805452869197e-12 -6.562722571600577198e-11
4.700000000000000000e+02 2.644848713650435413e-12 -1.780661146909028671e-12 -5.902202652766270035e-11
4.725000000000000000e+02 2.291695146042208599e-12 -1.373960918141041244e-12 -6.519370856991591782e-11
4.750000000000000000e+02 2.213955242192761280e-12 -1.149222358705388886e-12 -7.753397073939188917e-11
4.775000000000000000e+02 1.729660601090790781e-12 -8.053320160415844082e-13 -8.543463402443029687e-11
4.800000000000000000e+02 1.525822949488374394e-12 -5.164743316633532145e-13 -1.007574823564404398e-10
4.825000000000000000e+02 1.169867673693910099e-12 -4.058179024248890846e-13 -1.132272007990619829e-10
4.850000000000000000e+02 1.207968206250300828e-12 -3.584798907478980068e-13 -1.226090487958671187e-10
4.875000000000000000e+02 1.117750399508983071e-12 -4.993267563832336333e-13 -1.282038180381385331e-10
4.900000000000000000e+02 1.296922040780796679e-12 -5.384948557492633454e-13 -1.296333907872185103e-10
4.925000000000000000e+02 1.194008978768574783e-12 -6.452871062989653316e-13 -1.272121647382283509e-10
4.950000000000000000e+02 1.122066413852240002e-12 -5.859651929859716066e-13 -1.234365477912180237e-10
4.975000000000000000e+02 8.396687424630365950e-13 -6.428173992896801514e-13 -1.177025474925223827e-10
5.000000000000000000e+02 7.629151633672233223e-13 -7.164585475159463582e-13 -1.128484550981884809e-10
5.025000000000000000e+02 5.762009047852065454e-13 -6.860543866301304239e-13 -1.069286841143907057e-10
5.050000000000000000e+02 6.326942198245818468e-13 -6.833643085678361000e-13 -1.031386766256212189e-10
5.075000000000000000e+02 7.225777004214115876e-13 -3.902173114866141763e-13 -9.695717155159201029e-11
5.100000000000000000e+02 5.652743436788353627e-13 -2.433429839455472103e-13 -8.918987328047538936e-11
5.125000000000000000e+02 3.354451560184602420e-13 7.900991920337378567e-14 -7.671458390136959045e-11
5.150000000000000000e+02 -2.788522985709954358e-14 1.796914442332515105e-13 -6.487059643418208833e-11
5.175000000000000000e+02 -1.535674925616727946e-13 3.789151762578465203e-13 -5.372361126126332283e-11
5.200000000000000000e+02 -2.760207571329709273e-13 4.043564814833428787e-13 -4.522612960018872344e-11
5.225000000000000000e+02 -2.151829682072969129e-13 4.813347928414998899e-13 -3.830146803314444257e-11
5.250000000000000000e+02 -2.001095581597234911e-13 4.205012811371319102e-13 -3.320805380867173040e-11
5.275000000000000000e+02 -1.195422970675888933e-13 3.451374966644264939e-13 -2.842241662402771265e-11
5.300000000000000000e+02 -1.451234866765991398e-13 3.367710376802095874e-13 -2.541167022023469310e-11
5.325000000000000000e+02 -1.405404731520462215e-13 3.020805034475321792e-13 -2.220119548673428821e-11
5.350000000000000000e+02 -1.660391877437510301e-13 3.559643566271289486e-13 -2.085615528238032914e-11
5.375000000000000000e+02 -1.387423451416499322e-13 2.819814325469630531e-13 -2.019401664854512229e-11
5.400000000000000000e+02 -1.291979970554002960e-13 3.405511641774655474e-13 -2.042707743578418585e-11
5.425000000000000000e+02 -1.532329212324319383e-13 3.495184912391024877e-13 -2.073412115813374286e-11
5.450000000000000000e+02 -1.329809167400479509e-13 3.542348157544685578e-13 -2.051243875041610040e-11
5.475000000000000000e+02 -1.268775940385157003e-13 3.518738724633905310e-13 -1.965605611828847980e-11
5.500000000000000000e+02 -7.891085977222808691e-14 3.265273985056919496e-13 -1.851662742773894219e-11
5.525000000000000000e+02 -6.116152642322832288e-14 3.315433224133693385e-13 -1.667936855436667980e-11
5.550000000000000000e+02 -2.025813828982952655e-14 3.076975822256310666e-13 -1.452369267517258208e-11
5.575000000000000000e+02 3.481397425086125427e-14 2.747346151519253611e-13 -1.247071576953305709e-11
5.600000000000000000e+02 1.398292824005473327e-14 2.091675501622659929e-13 -1.014900404749027787e-11
5.625000000000000000e+02 5.307976712795553958e-14 1.276854550837813203e-13 -8.203948635643559537e-12
5.650000000000000000e+02 2.211307202405531840e-14 8.097779878199116811e-14 -6.553835668167807419e-12
5.675000000000000000e+02 4.176838101398255750e-15 6.820767988396670979e-14 -4.784398748542476030e-12
5.700000000000000000e+02 4.845270174015199368e-15 3.995462277109582432e-14 -3.858646666452716902e-12
5.725000000000000000e+02 7.004674767978209666e-15 1.665768721733777274e-14 -2.887831113271431205e-12
5.750000000000000000e+02 7.317203542671314174e-15 7.427580346156811493e-15 -2.281249724987264772e-12
5.775000000000000000e+02 7.853291632747681381e-15 -3.362988410201868455e-15 -1.627112482227819915e-12
5.800000000000000000e+02 5.104193884994842336e-15 -2.624994546744808519e-15 -1.150075621633416490e-12
5.825000000000000000e+02 3.076584074672504835e-15 -2.855579456867813820e-15 -7.000182551391211589e-13
5.850000000000000000e+02 1.050505121895914651e-15 -9.851121049184384513e-16 -3.878214108041958498e-13
5.875000000000000000e+02 4.435644285854073224e-16 -5.181099402652473429e-16 -1.732007344736962725e-13
5.900000000000000000e+02 4.009349773900834421e-17 -7.431431158121978645e-17 -6.695081266112420575e-14
5.925000000000000000e+02 2.572530589301787022e-17 -3.978600036575227798e-17 -2.141742685838661023e-14
5.950000000000000000e+02 -7.155177403971470199e-18 -2.830578447635317376e-19 -6.859754727300983634e-15
5.975000000000000000e+02 -7.730772694540889956e-20 -3.143548432827534116e-18 -2.267635636729681567e-15
6.000000000000000000e+02 -5.796760813650046925e-19 3.128216532831637502e-20 -7.921243500229746341e-16
6.025000000000000000e+02 7.112798548315234603e-20 -1.513974285607278586e-19 -1.850567293972795675e-16
6.050000000000000000e+02 -2.122422250286769341e-21 -5.755681428385189320e-21 -2.603048123024099164e-17
6.075000000000000000e+02 2.002616951720144974e-22 -1.386828161203985411e-21 -2.597433464138164039e-18
6.100000000000000000e+02 -1.398274350308176499e-22 -1.232557037105170757e-22 -3.661066715382651735e-19
6.125000000000000000e+02 -8.238825085609764113e-24 -4.234563546395340845e-23 -7.364193785427012020e-20
6.150000000000000000e+02 -5.451279004574914527e-24 -1.577161941178732078e-24 -1.282056288543150394e-20
6.175000000000000000e+02 6.298192877109114419e-26 -1.053924798545899534e-24 -1.219850007087791675e-21
6.200000000000000000e+02 3.543695722683086081e-25 -1.401416996159861609e-24 8.081820094598274599e-22
6.225000000000000000e+02 6.291990595476176648e-25 -1.512139113618065770e-24 1.049967675463438050e-21
6.250000000000000000e+02 6.010691695909466626e-24 -5.527418342172344879e-24 1.613587585042587628e-21
6.275000000000000000e+02 1.872433620890810011e-23 -1.219481043010383477e-23 4.357756090571699157e-21
6.300000000000000000e+02 5.924421548587463160e-23 -2.628261866569727140e-23 1.932738881668750118e-20
6.325000000000000000e+02 3.751577109921744522e-22 -3.462382081794749381e-22 1.371940133503756135e-19
6.350000000000000000e+02 -2.581492545176464422e-20 5.360856569657220458e-20 5.146491725310074526e-19
6.375000000000000000e+02 -1.784577209982176794e-18 1.731632246394257343e-18 -3.788835670996145884e-16
6.400000000000000000e+02 -2.158328045065680503e-19 1.994345666707591988e-19 -2.393612496213741904e-14
6.425000000000000000e+02 1.622828534127112275e-20 -1.542273710458654675e-20 -5.783219113360759947e-13
6.450000000000000000e+02 2.058500913691558504e-20 -5.275506430852605737e-21 -7.223366434071779547e-12
6.475000000000000000e+02 -1.630469606736912529e-31 -1.837243815898064184e-28 -4.752919333138170010e-11
6.500000000000000000e+02 -3.654771268727262366e-28 -4.557959348104301016e-28 -1.763320084629374678e-10
6.525000000000000000e+02 -9.570474171969792887e-29 1.751206385697177426e-27 -3.353367629326563065e-10
6.550000000000000000e+02 -9.116675946554489249e-29 -6.228339161087842456e-27 -4.148897687489556639e-10
6.575000000000000000e+02 -7.325980571551806319e-29 -2.040468101363454016e-27 -4.239037225670827366e-10
6.600000000000000000e+02 -9.414814318476798492e-29 1.029605801456170413e-26 -4.118680101966457731e-10
6.625000000000000000e+02 -1.438736857352887546e-28 3.859390935181257518e-28 -4.043415688062785826e-10
6.650000000000000000e+02 -1.204499957449468073e-28 -2.053165582067182669e-26 -4.028961848822024893e-10
6.675000000000000000e+02 -1.605158054841726863e-28 -1.806201981525306347e-26 -4.033877834102054401e-10
6.700000000000000000e+02 -1.346857179959213460e-28 5.540293455711724279e-26 -4.037583719583619775e-10
6.725000000000000000e+02 1.217751759836399100e-29 -1.384433325702288581e-26 -4.038208359533614365e-10
6.750000000000000000e+02 -4.638007825581112481e-29 -2.681682433858507029e-26 -4.038016701334987682e-10
6.775000000000000000e+02 -2.916033891084716542e-29 -7.612266152199760200e-27 -4.037923849790280595e-10
6.800000000000000000e+02 -4.381807151876434875e-29 7.774167445022244267e-27 -4.037951676359346966e-10
6.825000000000000000e+02 -7.079360383038713357e-29 2.148832419841363069e-26 -4.037987288433480967e-10
6.850000000000000000e+02 -2.515259733278956725e-28 1.095118166780317516e-27 -4.038016180199426341e-10
6.875000000000000000e+02 -5.276621848788901729e-28 -3.318767274961375256e-26 -4.038038700083193323e-10
6.900000000000000000e+02 -2.047403886103889384e-28 1.898348585403382013e-26 -4.038053661262232634e-10
6.925000000000000000e+02 -4.300559296610381536e-28 -1.183577901212005291e-26 -4.038066585784196877e-10
6.950000000000000000e+02 7.294253538496898855e-29 1.168039874836634788e-25 -4.038077386770238591e-10
6.975000000000000000e+02 2.386208552865369254e-28 -1.318665613175052210e-25 -4.038081350107249544e-10
7.000000000000000000e+02 2.725359742734047315e-28 8.548365058510774510e-26 -4.038093835193122977e-10
7.025000000000000000e+02 7.147081286193465672e-28 -1.277476400972413633e-25 -4.038088004741965419e-10
7.050000000000000000e+02 -7.744572607197808832e-29 1.613623317116494190e-25 -4.038099283638738917e-10
7.075000000000000000e+02 -7.587953770672351508e-28 -1.218004907162274383e-25 -4.038086520464846520e-10
7.100000000000000000e+02 2.427064690592391625e-28 7.175656948632892728e-26 -4.038083790042997889e-10
7.125000000000000000e+02 -2.309186664890964516e-28 1.069301116565912005e-25 -4.038065807487898329e-10
7.150000000000000000e+02 -8.108494425889235041e-28 -8.269758345348334330e-26 -4.038049639358064808e-10
7.175000000000000000e+02 8.076845952205802994e-28 -8.950138181258778147e-26 -4.038026374676883137e-10
7.200000000000000000e+02 -1.325144571194159950e-27 -9.310363123331038324e-26 -4.037992955956339966e-10
7.225000000000000000e+02 6.727106463227343388e-28 1.227045091756603591e-25 -4.037968565889578034e-10
7.250000000000000000e+02 -7.028335390552599712e-28 -1.535908384743217040e-26 -4.038034860462446179e-10
7.275000000000000000e+02 9.426249949239434543e-29 2.149584311780112776e-26 -4.038215179504566555e-10
7.300000000000000000e+02 -2.193415860096361466e-28 1.053336678441149566e-25 -4.037632199928180894e-10
7.325000000000000000e+02 -3.134854122451312506e-29 -2.249918123365787207e-25 -4.034261291635211521e-10
7.350000000000000000e+02 -6.315806800220772011e-28 2.361827836612993075e-26 -4.029799609307602369e-10
7.375000000000000000e+02 -8.234468263523002680e-29 1.420633378733470860e-25 -4.043592422217841330e-10
7.400000000000000000e+02 -3.291795920632729293e-28 -1.975117172182507857e-25 -4.113574362782170371e-10
7.425000000000000000e+02 5.852012337762120456e-29 1.145289659580597206e-25 -4.222065284197502112e-10
7.450000000000000000e+02 4.619954158042695081e-28 -1.496848889752342385e-25 -4.128025207567128565e-10
7.475000000000000000e+02 -2.393878639597009963e-28 1.348712832585337630e-25 -3.375962486468465617e-10
7.500000000000000000e+02 -9.986445316833687318e-28 -5.666269525122263866e-26 -1.875567234478635509e-10
7.525000000000000000e+02 -1.861240240072174733e-28 -2.838361735654917204e-25 -6.385573607255544344e-11
7.550000000000000000e+02 1.743712948087930777e-27 3.014507522090177381e-25 -2.231462858874619303e-11
7.575000000000000000e+02 1.017542127321269285e-27 -2.348627747707717121e-25 -1.419494075980137832e-11
7.600000000000000000e+02 8.617014260910859667e-28 2.901400564875648642e-25 -1.403506794326619761e-11
7.625000000000000000e+02 -1.482823537784060310e-28 8.087932254993432295e-26 -1.481535408434136460e-11
7.650000000000000000e+02 2.274943178911679546e-28 -2.353604783874252938e-26 -1.516380228608764946e-11
7.675000000000000000e+02 -1.560437678661037525e-27 2.320524431523272100e-25 -1.519182845594414110e-11
7.700000000000000000e+02 -2.873941639990650328e-28 -2.656319587586200108e-25 -1.515603570298750662e-11
7.725000000000000000e+02 6.498626632726685366e-28 1.173192840880810889e-25 -1.514097505493969436e-11
7.750000000000000000e+02 7.181033037208553182e-28 -4.652178890197654669e-26 -1.514015481698612582e-11
7.775000000000000000e+02 -1.597810186562979129e-27 -4.432119681923650861e-26 -1.514166752225018126e-11
7.800000000000000000e+02 1.336759057646299946e-27 -3.584926381302149987e-26 -1.514209388130838951e-11
7.825000000000000000e+02 1.027070734695291795e-27 7.269139352487579955e-26 -1.514214837843455642e-11
7.850000000000000000e+02 -5.699201799669013538e-28 1.134118463798153388e-25 -1.514213013883416589e-11
7.875000000000000000e+02 6.547843427357922981e-28 -1.451582838173062234e-25 -1.514211784138897397e-11
7.900000000000000000e+02 -2.188740602247452914e-28 2.469686157692710007e-25 -1.514217819425658065e-11
7.925000000000000000e+02 7.871070306759887493e-28 -1.153211562762211436e-25 -1.514212565424298714e-11
7.950000000000000000e+02 2.016765782525504303e-28 -1.405226541631931374e-25 -1.514222247932983480e-11
7.975000000000000000e+02 -5.015156690705079899e-28 9.607728873240784298e-26 -1.514212451505394789e-11
8.000000000000000000e+02 -1.091296750124640597e-27 -1.730107942568704709e-25 -1.514224524086521600e-11
8.025000000000000000e+02 -1.116711880125388572e-27 3.241087138269053540e-26 -1.514211959747773999e-11
8.050000000000000000e+02 2.996228110791016896e-28 -1.109237358844242290e-25 -1.514226464134658169e-11
8.075000000000000000e+02 -1.951530405093847968e-27 2.331616384648085656e-25 -1.514211799583954341e-11
8.100000000000000000e+02 -6.488237850446776395e-28 -6.057735823905133181e-26 -1.514228564643323113e-11
8.125000000000000000e+02 -3.187212629249309592e-27 5.506124709027429174e-26 -1.514214337499159195e-11
8.150000000000000000e+02 1.124487127442302662e-27 -1.756536899971647912e-25 -1.514233671021695727e-11
8.175000000000000000e+02 2.248831640792008205e-27 -2.457667809661671261e-26 -1.514217572319756735e-11
8.200000000000000000e+02 -2.164578227761192086e-28 7.984903414324120016e-26 -1.514233779574342976e-11
8.225000000000000000e+02 -4.863195002499983642e-27 -2.146169703524039895e-25 -1.514213137177149691e-11
8.250000000000000000e+02 -1.381722253966543039e-31 5.633703107060716906e-25 -1.514230473542123870e-11
8.275000000000000000e+02 -4.329237569434858235e-27 -3.284765198384798752e-25 -1.514219571757673800e-11
8.300000000000000000e+02 -3.647359157597366080e-28 -2.335006855310380293e-26 -1.514241997385325060e-11
8.325000000000000000e+02 -1.231290575524178891e-28 -7.605276103510954419e-26 -1.514217117968897282e-11
8.350000000000000000e+02 -2.970712424649619605e-28 5.770641660337351996e-26 -1.514222184744344033e-11
8.375000000000000000e+02 -2.148740948349881610e-27 -3.821775618390655889e-26 -1.514203444737698321e-11
8.400000000000000000e+02 2.066237598636440979e-27 7.857168281081878916e-26 -1.514224089308622413e-11
8.425000000000000000e+02 -1.389521107674893759e-27 -1.647767850789611373e-25 -1.514213306245738604e-11
8.450000000000000000e+02 -1.136595155427450318e-27 1.389165781673985577e-25 -1.514230323506528844e-11
8.475000000000000000e+02 -1.723870256954568454e-27 1.990961896630250281e-26 -1.514216793800526227e-11
8.500000000000000000e+02 1.046388846124435858e-27 8.043874405517877300e-26 -1.514229852534225907e-11
8.525000000000000000e+02 6.179118829086729093e-28 1.922742845356187961e-25 -1.514216188579724068e-11
8.550000000000000000e+02 4.975581874471642314e-29 -1.550069319585382285e-26 -1.514227359162057913e-11
8.575000000000000000e+02 2.464283509442887010e-27 -3.454624843087810911e-25 -1.514215391568345901e-11
8.600000000000000000e+02 -6.365587730048970171e-28 1.948364605726349210e-26 -1.514225896023561928e-11
8.625000000000000000e+02 5.357768262776719596e-30 2.970514953457619144e-25 -1.514215733243430135e-11
8.650000000000000000e+02 -7.042210449631623120e-28 -3.475645213692948571e-25 -1.514224970437275001e-11
8.675000000000000000e+02 -1.588125526111794636e-27 9.017169950937774189e-26 -1.514216254986001748e-11
8.700000000000000000e+02 1.680707810634576335e-27 -3.918715302062578930e-26 -1.514224390030693746e-11
8.725000000000000000e+02 -9.470782243406267350e-28 1.862534436352040693e-26 -1.514216755436322394e-11
8.750000000000000000e+02 1.006209787936111049e-28 -1.825894186033026603e-26 -1.514223390087768631e-11
8.775000000000000000e+02 -1.335036921589094178e-27 -1.486631296140124861e-25 -1.514216848708634409e-11
8.800000000000000000e+02 4.592110947157677832e-27 2.245325837567185889e-25 -1.514222655201034921e-11
8.825000000000000000e+02 2.774796671455349484e-28 5.921233368502736854e-26 -1.514216892769788478e-11
8.850000000000000000e+02 -8.126568660698304554e-27 -3.602084073919141885e-26 -1.514221128572783773e-11
8.875000000000000000e+02 -1.076325055976930095e-27 1.367334058043344413e-25 -1.514215884521243968e-11
8.900000000000000000e+02 -7.191002937073095715e-27 -1.027595729570004386e-25 -1.514219822410888457e-11
8.925000000000000000e+02 7.117250699315016768e-28 1.534599801329213102e-25 -1.514216348729836439e-11
8.950000000000000000e+02 -9.658372184070415215e-28 -1.218461331251586725e-25 -1.514221166927798792e-11
8.975000000000000000e+02 -2.251475682843728750e-28 -1.045759793435517412e-26 -1.514219895759861686e-11
9.000000000000000000e+02 -1.488267942863097260e-27 2.152107875697245170e-25 -1.514224778774544602e-11
9.025000000000000000e+02 -5.371354536815319699e-28 -3.644935635753773110e-25 -1.514222503746015412e-11
9.050000000000000000e+02 -3.364238893959520186e-27 -1.962344850898399149e-26 -1.514223148948693614e-11
9.075000000000000000e+02 -9.168371188849229238e-29 1.798254396850806056e-25 -1.514218004548946372e-11
9.100000000000000000e+02 -1.662400078816015718e-27 3.333240152483658687e-26 -1.514220908903776091e-11
9.125000000000000000e+02 1.944575837961329594e-27 -2.268573130007813489e-25 -1.514223009786815548e-11
9.150000000000000000e+02 6.752658242852374268e-28 2.807992437107748399e-25 -1.514224093907270021e-11
9.175000000000000000e+02 6.463713217881208096e-29 -1.241152641716786196e-25 -1.514215151856074399e-11
9.200000000000000000e+02 -6.181829164018787889e-28 -6.792892937900603810e-26 -1.514211595287968450e-11
9.225000000000000000e+02 -1.321169574598442029e-27 2.213885580587859283e-25 -1.514211924817035330e-11
9.250000000000000000e+02 2.116102131948359443e-27 -1.851052078157954864e-25 -1.514217798984760124e-11
9.275000000000000000e+02 -1.850859005312141291e-28 -1.358660794946885420e-25 -1.514219477319184786e-11
9.300000000000000000e+02 -8.052058074359897525e-28 -1.742988058856581438e-25 -1.514221805874769485e-11
9.325000000000000000e+02 -8.778166853165783681e-28 4.589150766097307059e-25 -1.514220405865414427e-11
9.350000000000000000e+02 -7.098989951163349086e-28 -2.781207947164992827e-25 -1.514220433990781807e-11
9.375000000000000000e+02 7.573732904016520303e-27 7.300536661212274020e-26 -1.514218361424767478e-11
9.400000000000000000e+02 -5.593191759535449360e-28 1.618607521538761341e-25 -1.514218320605600155e-11
9.425000000000000000e+02 2.779526829268107704e-27 1.381855399562019204e-25 -1.514216934114566719e-11
9.450000000000000000e+02 -2.166922039446506797e-27 -1.118873650321664638e-25 -1.514217388300191352e-11
9.475000000000000000e+02 1.122103427219073451e-26 9.228873048078309190e-26 -1.514216199799684938e-11
9.500000000000000000e+02 -3.653512134741115565e-28 -3.847623894884533573e-25 -1.514216629338942354e-11
9.525000000000000000e+02 -2.365409789903736778e-27 -6.115257166479434838e-26 -1.514215724836973546e-11
9.550000000000000000e+02 -1.602314083707168998e-27 2.643486538995539038e-25 -1.514216206695862563e-11
9.575000000000000000e+02 -1.069082594495607457e-26 -4.195751442004529574e-26 -1.514215287686037938e-11
9.600000000000000000e+02 5.891367382064210971e-28 1.733826272523704833e-25 -1.514215978850254336e-11
9.625000000000000000e+02 1.462334710876460119e-28 -1.781633213503546343e-25 -1.514215303930921343e-11
9.650000000000000000e+02 5.235527215459403685e-29 1.178369401493230671e-25 -1.514216006426483003e-11
9.675000000000000000e+02 -6.394457897011028513e-28 -2.585093082886695849e-25 -1.514215123645924883e-11
9.700000000000000000e+02 3.118628667672982730e-27 -5.413673514653682092e-26 -1.514215823872868427e-11
9.725000000000000000e+02 -4.306478176942302331e-27 6.060558912018243734e-25 -1.514215359464265946e-11
9.750000000000000000e+02 4.118953132415031333e-28 -3.365251595472383526e-25 -1.514215879357834597e-11
9.775000000000000000e+02 -8.445191292955905736e-28 1.007392782707228404e-25 -1.514215394801845968e-11
9.800000000000000000e+02 2.644898314785998469e-27 -2.395951510525161745e-25 -1.514215774552947218e-11
9.825000000000000000e+02 1.518337291935731622e-27 7.566413878374467372e-26 -1.514215772195171310e-11
9.850000000000000000e+02 -3.942056549564896812e-27 -1.237576247696079723e-25 -1.514214857351564624e-11
9.875000000000000000e+02 4.170355055915670621e-28 4.096474520229224278e-25 -1.514210089548447595e-11
9.900000000000000000e+02 -4.597892139410085198e-27 -3.958593893377523245e-25 -1.514281931473688288e-11
9.925000000000000000e+02 2.064266649963971681e-27 2.525979285377306749e-25 -1.515017981553812359e-11
9.950000000000000000e+02 1.862242505222779104e-28 -8.285220735175757177e-26 -1.509013595610773266e-11
9.975000000000000000e+02 -9.926583339577190983e-28 -1.106892654757996699e-26 -1.366867737859444022e-11
1.000000000000000000e+03 2.329301924799958270e-27 -6.704518023440348658e-26 -9.773651090285162644e-12
