# f, Suu, Svv, Sww
0.000000000000000000e+00 4.319072221950528284e-02 7.081309152972018774e-03 3.872806702320116898e-03
3.030303030303030300e-04 1.607103257606126157e+00 1.893412350555888080e-01 1.314982380337454126e-01
6.060606060606060601e-04 8.334795135692470991e-01 1.433377402937069389e-01 1.055076593664191625e-01
9.090909090909090901e-04 9.837789739470698125e-01 1.068370639850267090e-01 9.092771615180145206e-02
1.212121212121212120e-03 1.137075356366982426e+00 1.017969421773236571e-01 1.274508707330800905e-01
1.515151515151515150e-03 1.093476435015158899e+00 1.466878854342053839e-01 9.325052999743901894e-02
1.818181818181818180e-03 9.593072823877480948e-01 1.094598854323734494e-01 1.239802463128449606e-01
2.121212121212121427e-03 1.041025937314628003e+00 1.470967492141256328e-01 1.203448547993651863e-01
2.424242424242424240e-03 1.176370202712794022e+00 1.814506834040399141e-01 9.639939726862938041e-02
2.727272727272727487e-03 1.157557611273229980e+00 1.298033979360962153e-01 1.093100517310915953e-01
3.030303030303030300e-03 1.172847377370773492e+00 2.048947021555739545e-01 1.065116327901016596e-01
3.333333333333333547e-03 9.608335998367953934e-01 1.769255248940764247e-01 1.117214832225894988e-01
3.636363636363636360e-03 9.624774108716930288e-01 2.642090007572259203e-01 9.990983224751133485e-02
3.939393939393939607e-03 1.105288373137440550e+00 2.893164190345141051e-01 1.213543514157497533e-01
4.242424242424242854e-03 1.291321583797669481e+00 1.970234259965656654e-01 1.116388452100375434e-01
4.545454545454545234e-03 1.145949107524355082e+00 1.797661024195007229e-01 9.963967200168939720e-02
4.848484848484848481e-03 9.142522230762736291e-01 1.479716778713095759e-01 1.257527961045432352e-01
5.151515151515151728e-03 8.574715353132928986e-01 1.585322673578370423e-01 9.145558514754524582e-02
5.454545454545454974e-03 8.644515997005258745e-01 1.559769764548117610e-01 1.124730864885628151e-01
5.757575757575757354e-03 1.312692342555225267e+00 1.516139323348263679e-01 1.065847832392917138e-01
6.060606060606060601e-03 1.053008022426169088e+00 1.981833461067964430e-01 1.079014772901976532e-01
6.363636363636363848e-03 1.268189689391036712e+00 1.396582402700024816e-01 1.101396943773720744e-01
6.666666666666667095e-03 9.904897402189203337e-01 1.744604657769849854e-01 1.011053580025677578e-01
6.969696969696969474e-03 8.675730183278201890e-01 2.057774115518403169e-01 9.485770734116125147e-02
7.272727272727272721e-03 1.202679610668107468e+00 2.738803173613077457e-01 1.077002380074703752e-01
7.575757575757575968e-03 1.253308906403109102e+00 2.166074976175964562e-01 9.944033567661914041e-02
7.878787878787879215e-03 7.665108175073989116e-01 2.231674477853656247e-01 9.242446299223662509e-02
8.181818181818182462e-03 8.145489949399437046e-01 2.028325953264532300e-01 1.096912310144989855e-01
8.484848484848485708e-03 8.564739192911664523e-01 1.462946039729655368e-01 1.224285082666193569e-01
8.787878787878787221e-03 8.527874386566264286e-01 1.694474629176295766e-01 9.688828734660460962e-02
9.090909090909090468e-03 8.861440773919251335e-01 1.465810822630171650e-01 1.084134454934797681e-01
9.393939393939393714e-03 7.202923405946114466e-01 1.443692646928225742e-01 1.091529973546085802e-01
9.696969696969696961e-03 8.112422443494324842e-01 1.841245273254240866e-01 1.119050064464097716e-01
1.000000000000000021e-02 9.005763491903875373e-01 1.678895482481655432e-01 1.142987977872722827e-01
1.030303030303030346e-02 1.025258419227303985e+00 2.387145169053105920e-01 1.185696359924015564e-01
1.060606060606060670e-02 1.424294424439143114e+00 2.197241719050639641e-01 1.355564872704636270e-01
1.090909090909090995e-02 1.049845524949935882e+00 3.205634888130942106e-01 1.157948526536745626e-01
1.121212121212121146e-02 7.443577107850799512e-01 2.267243407160185187e-01 1.204911258310243788e-01
1.151515151515151471e-02 8.291056201924255076e-01 1.899875922591154065e-01 1.031807869573943964e-01
1.181818181818181795e-02 9.045597950215327199e-01 2.412985178852123658e-01 9.471324557792365484e-02
1.212121212121212120e-02 7.119158848076060364e-01 1.428543696410171093e-01 9.789126344228017695e-02
1.242424242424242445e-02 9.428956714695853059e-01 1.616750025446707650e-01 9.005687029774075980e-02
1.272727272727272770e-02 6.890941294719180599e-01 1.818542061447444569e-01 9.962698997384240862e-02
1.303030303030303094e-02 7.364439204817796458e-01 1.796779543454673778e-01 8.961223467121387509e-02
1.333333333333333419e-02 8.769190228741026161e-01 1.876672411169332810e-01 9.940855650393626286e-02
1.363636363636363570e-02 7.781159037823703883e-01 1.923899503116121290e-01 9.763084335603400277e-02
1.393939393939393895e-02 8.754573142157443533e-01 1.662950338533803196e-01 8.050187773028291693e-02
1.424242424242424220e-02 8.976156802229358078e-01 2.501143918892622109e-01 1.087033987458512485e-01
1.454545454545454544e-02 8.723271011690977295e-01 2.357158434497231003e-01 1.146891939022693097e-01
1.484848484848484869e-02 8.368419328949626701e-01 2.265170221735790801e-01 1.210229261281060703e-01
1.515151515151515194e-02 8.167990131359291750e-01 2.335117708813574389e-01 1.073018911268398268e-01
1.545454545454545518e-02 7.798945006696570426e-01 1.664875222562486878e-01 8.271817766944343508e-02
1.575757575757575843e-02 7.718038771573936252e-01 1.848768008029146870e-01 1.049145319352966094e-01
1.606060606060605994e-02 5.041238865352994925e-01 1.698050093657694770e-01 8.964874550202546477e-02
1.636363636363636492e-02 6.983801374260422135e-01 2.061026896619053417e-01 9.127988460019513528e-02
1.666666666666666644e-02 7.986285050548708186e-01 2.080078829561329279e-01 9.864180091958810181e-02
1.696969696969697142e-02 9.212190494499494786e-01 2.566489386421113572e-01 1.126865189748151724e-01
1.727272727272727293e-02 6.858280251245474357e-01 2.132932558848257831e-01 9.678449290784758852e-02
1.757575757575757444e-02 7.880173102758849524e-01 2.252366549591194034e-01 1.024034112430319554e-01
1.787878787878787942e-02 6.732974394181603373e-01 2.197490126952454381e-01 1.096538114941831982e-01
1.818181818181818094e-02 6.712242559404523190e-01 2.932101809100576273e-01 9.924447401150909842e-02
1.848484848484848592e-02 6.357650522449751485e-01 2.114067432500138788e-01 8.402201078812104873e-02
1.878787878787878743e-02 7.546786252786562565e-01 2.294982230707683368e-01 9.609265895082054476e-02
1.909090909090909241e-02 7.458612104442844393e-01 2.655643631737337751e-01 1.216225895331131124e-01
1.939393939393939392e-02 5.797241647310964474e-01 1.494363361338182650e-01 1.261425510135305017e-01
1.969696969696969543e-02 8.863739935992526187e-01 2.434396064025253215e-01 1.153995579823822171e-01
2.000000000000000042e-02 6.851914501007850822e-01 2.062603504676172872e-01 9.784807779511206505e-02
2.030303030303030193e-02 7.816112062237462466e-01 2.232482800776437182e-01 9.119321916611883294e-02
2.060606060606060691e-02 7.116601942145337478e-01 2.390974898739563204e-01 1.057196204986462912e-01
2.090909090909090842e-02 7.421625369125693927e-01 2.076095827908344960e-01 8.144671836256783815e-02
2.121212121212121340e-02 6.682481284330296090e-01 1.824607733855344582e-01 1.020520462603498463e-01
2.151515151515151492e-02 6.112839021064671030e-01 1.868798223102747513e-01 1.088299532846328660e-01
2.181818181818181990e-02 6.838878091594654540e-01 1.737328651453057538e-01 9.049303234733113710e-02
2.212121212121212141e-02 6.962019822639756716e-01 2.314134822844179651e-01 1.144778198469956348e-01
2.242424242424242292e-02 6.715542818210953335e-01 1.581682159917409403e-01 9.135732707771260230e-02
2.272727272727272790e-02 7.698612253113142900e-01 1.601860266498753571e-01 1.117326962458579515e-01
2.303030303030302942e-02 5.545801713313982528e-01 1.806214780405651366e-01 9.764050409260228991e-02
2.333333333333333440e-02 6.941691520903335855e-01 1.503957699136070358e-01 9.906155441557282226e-02
2.363636363636363591e-02 7.477506740436745680e-01 2.006561099763204126e-01 1.123756890224993227e-01
2.393939393939394089e-02 7.954668961049544684e-01 2.031547449618943124e-01 1.094950852525509583e-01
2.424242424242424240e-02 6.547136365874327568e-01 2.193217171950489486e-01 9.356572254283122836e-02
2.454545454545454392e-02 7.013245145619458887e-01 1.982403751735874742e-01 9.930334314062842782e-02
2.484848484848484890e-02 6.608096548766965173e-01 1.841744508224495702e-01 9.941598817908608998e-02
2.515151515151515041e-02 5.998250651325183203e-01 2.376141588135294858e-01 9.723014832360565851e-02
2.545454545454545539e-02 5.829409077629550406e-01 2.162214977358106471e-01 1.169333249611592823e-01
2.575757575757575690e-02 7.931738901981352230e-01 2.112343416621450809e-01 9.359685149633797940e-02
2.606060606060606188e-02 6.964299579538781870e-01 2.170989572707700266e-01 9.253515369883019703e-02
2.636363636363636340e-02 6.931059215553420083e-01 2.320814654734575655e-01 9.641103980993306899e-02
2.666666666666666838e-02 6.702653237582145707e-01 2.395906835201738749e-01 9.392875805233678876e-02
2.696969696969696989e-02 6.371375643317056525e-01 2.313849180043398845e-01 1.073120665038759108e-01
2.727272727272727140e-02 6.146841487805022597e-01 2.128616134872787224e-01 9.972366365160950652e-02
2.757575757575757638e-02 6.194737115249926429e-01 2.692001389975138825e-01 1.142422964445223288e-01
2.787878787878787790e-02 7.259354044323264032e-01 2.343428257913420243e-01 1.055754305277903093e-01
2.818181818181818288e-02 7.483295632002029407e-01 2.189425697060134735e-01 9.798320240080157784e-02
2.848484848484848439e-02 6.871445464617985666e-01 1.773345923877535646e-01 1.073806978505649906e-01
2.878787878787878937e-02 6.931815766137233714e-01 1.905974254274910296e-01 1.084201133799972960e-01
2.909090909090909088e-02 6.204098047008783645e-01 1.686984858813247445e-01 1.032922950011215535e-01
2.939393939393939240e-02 5.419042085959849819e-01 1.944457526913372092e-01 8.563568761604389845e-02
2.969696969696969738e-02 6.258390202515616840e-01 1.996640692610947565e-01 1.010889824120391189e-01
2.999999999999999889e-02 5.231306415102650043e-01 2.010813684766153131e-01 8.596009953611197241e-02
3.030303030303030387e-02 5.866310413805210233e-01 1.780833112304724686e-01 1.008338001772920572e-01
3.060606060606060538e-02 5.869965602233503388e-01 1.689758456989707280e-01 9.498636067919526138e-02
3.090909090909091037e-02 6.027030882492947494e-01 2.007126771020321665e-01 1.081114841647046187e-01
3.121212121212121188e-02 6.062293419605740974e-01 2.005935316995761941e-01 9.950555736323318801e-02
3.151515151515151686e-02 5.209290890141282659e-01 2.541914224443216352e-01 1.039285176887800033e-01
3.181818181818181490e-02 5.125002098883787438e-01 1.803483244029822075e-01 9.899896994147175389e-02
3.212121212121211988e-02 5.896117434589850381e-01 1.747572119782653255e-01 9.505270544132546351e-02
3.242424242424242486e-02 5.336241456809627248e-01 1.921097353281548126e-01 9.400375808641714404e-02
3.272727272727272985e-02 5.795249783031869439e-01 1.981692029833167779e-01 9.415026985401195314e-02
3.303030303030302789e-02 5.542372984065808694e-01 1.633565099487403194e-01 8.838513198359829182e-02
3.333333333333333287e-02 5.555796976917971586e-01 1.596059175052837176e-01 1.095767577553943273e-01
3.363636363636363785e-02 5.210560949248175255e-01 2.272122724700732788e-01 1.070271497916267800e-01
3.393939393939394283e-02 5.468354803230686123e-01 1.826645784776304016e-01 9.777771757899766936e-02
3.424242424242424088e-02 5.254396788361621606e-01 1.751875400273430750e-01 9.937638120617978132e-02
3.454545454545454586e-02 6.289845407900728214e-01 2.277626471107753181e-01 1.225328594506985003e-01
3.484848484848485084e-02 6.499592191302934197e-01 2.039878864221458810e-01 1.195172314970279204e-01
3.515151515151514888e-02 4.498956934856417345e-01 2.078716780759446159e-01 9.654521731642004556e-02
3.545454545454545386e-02 5.490604098132602084e-01 1.822268072051010102e-01 1.066619116599530487e-01
3.575757575757575885e-02 4.667369898616753332e-01 1.910710160066096397e-01 1.068416343885217334e-01
3.606060606060606383e-02 5.433660460644587076e-01 2.152638334851134372e-01 1.053110717871306723e-01
3.636363636363636187e-02 4.927221435343917544e-01 1.773590185625701088e-01 1.111124823759592345e-01
3.666666666666666685e-02 5.646394640440921542e-01 2.324903447023097536e-01 9.271892972160619695e-02
3.696969696969697183e-02 5.006111585204450209e-01 2.281258963168550091e-01 1.022944589285016970e-01
3.727272727272726988e-02 6.112165248846797017e-01 1.677395675290372645e-01 1.153694190791555024e-01
3.757575757575757486e-02 5.184865820888029386e-01 1.684751969818870376e-01 8.260883507953560578e-02
3.787878787878787984e-02 4.860510228929394994e-01 2.005310319680319864e-01 9.161979132598116471e-02
3.818181818181818482e-02 4.246161066948836993e-01 1.818909330061518892e-01 1.119939519804182132e-01
3.848484848484848286e-02 4.477227008256005059e-01 1.846743277492661761e-01 9.568852132929837884e-02
3.878787878787878785e-02 5.221804948911152877e-01 1.794836025017120529e-01 1.226499723172704420e-01
3.909090909090909283e-02 5.349876052111927072e-01 1.788007254220976283e-01 1.105261483014030599e-01
3.939393939393939087e-02 5.332961981633672632e-01 2.168184683612614516e-01 1.214943895736516621e-01
3.969696969696969585e-02 5.351505895061930973e-01 2.017078531546956099e-01 1.160127686414674647e-01
4.000000000000000083e-02 6.613164905439311569e-01 1.925442082703459346e-01 1.024860740047026791e-01
4.030303030303030581e-02 5.979148177646184115e-01 2.078373423536034881e-01 1.087878048449892471e-01
4.060606060606060386e-02 5.309015752420057632e-01 1.730984997689674343e-01 8.619444376387307150e-02
4.090909090909090884e-02 4.974778311664247998e-01 1.906897092309890185e-01 9.717384335688188102e-02
4.121212121212121382e-02 4.509764062616609670e-01 1.998944844301501489e-01 8.499573770930796135e-02
4.151515151515151186e-02 4.918791227642897446e-01 2.191949704433887314e-01 8.864450855232205995e-02
4.181818181818181684e-02 5.802619314970496323e-01 2.095008755084139529e-01 1.150923477083447971e-01
4.212121212121212183e-02 4.675099568812969841e-01 2.405302453733929313e-01 1.091272107263850794e-01
4.242424242424242681e-02 3.630541625472065714e-01 1.803844506885708132e-01 1.165831308496041996e-01
4.272727272727272485e-02 4.349169966086238182e-01 1.610451763623289012e-01 8.136068868348879379e-02
4.303030303030302983e-02 4.292611781772774915e-01 1.581655550587390546e-01 8.688531794726311874e-02
4.333333333333333481e-02 3.752329999054594967e-01 1.880698828974493031e-01 8.926336908933549252e-02
4.363636363636363980e-02 4.441912778059710076e-01 2.238013705063074399e-01 1.049270647354036273e-01
4.393939393939393784e-02 5.020451667440093413e-01 1.876556893380103008e-01 9.280961676518756365e-02
4.424242424242424282e-02 4.677521436192378923e-01 2.172236337237523074e-01 1.142856143175603051e-01
4.454545454545454780e-02 5.271416286727660383e-01 1.741590716933814342e-01 1.036770228346412387e-01
4.484848484848484584e-02 4.548253249665511477e-01 1.737419113787399549e-01 1.054759514877684351e-01
4.515151515151515083e-02 4.541763832880798546e-01 1.721894198221902983e-01 1.019561929745527173e-01
4.545454545454545581e-02 4.171645695394373687e-01 1.714532556099863381e-01 1.057553781271576981e-01
4.575757575757576079e-02 4.873435901484604038e-01 1.733356027507599872e-01 1.220793729735210470e-01
4.606060606060605883e-02 4.919117738607834966e-01 2.132981447060764146e-01 1.115407547075898953e-01
4.636363636363636381e-02 4.576536132513683297e-01 1.981415085048182645e-01 9.366517135441979058e-02
4.666666666666666879e-02 4.852643173629493378e-01 1.779422759584349534e-01 1.043192287041215943e-01
4.696969696969696684e-02 3.896663938874214139e-01 2.105686319055679601e-01 8.587870818608153711e-02
4.727272727272727182e-02 4.498968176418710052e-01 2.158823694977116125e-01 1.046784073721214875e-01
4.757575757575757680e-02 4.461808884155997190e-01 1.861099743923595451e-01 1.109548606864208392e-01
4.787878787878788178e-02 4.942888887742928339e-01 2.254466845225594762e-01 9.504201141447950196e-02
4.818181818181817982e-02 5.298416735163389291e-01 1.742900327988493037e-01 9.538255869071250725e-02
4.848484848484848481e-02 4.335377781769447214e-01 1.900387343042276300e-01 1.061368741779096375e-01
4.878787878787878979e-02 4.176893207633000094e-01 2.080564247635939834e-01 1.069679988221971800e-01
4.909090909090908783e-02 4.524367388548650171e-01 1.925629637034877162e-01 1.200656352175682173e-01
4.939393939393939281e-02 4.635694168676040561e-01 2.026145710252130472e-01 1.184358951663184306e-01
4.969696969696969779e-02 4.873314648605647781e-01 1.553916307436605804e-01 1.078566907602110381e-01
5.000000000000000278e-02 4.252529643587915631e-01 1.551619745163137776e-01 9.428468480114476913e-02
5.030303030303030082e-02 4.405820427971513520e-01 1.718471351956762094e-01 1.024314998809656291e-01
5.060606060606060580e-02 4.197199292987734975e-01 1.831411929873245914e-01 1.203334679619748188e-01
5.090909090909091078e-02 4.301990479767393016e-01 1.665588402604855356e-01 9.666269734674122482e-02
5.121212121212120882e-02 4.156101715834233934e-01 1.723552861368896627e-01 1.016697832913725924e-01
5.151515151515151381e-02 4.127569875023620605e-01 1.900593963616162285e-01 9.468637085633767325e-02
5.181818181818181879e-02 3.985859842464185010e-01 2.442759628769734515e-01 8.911872865419731560e-02
5.212121212121212377e-02 3.342034810722568916e-01 1.448680746883182491e-01 9.089906617933106447e-02
5.242424242424242181e-02 3.754420937189149599e-01 2.059752048043604622e-01 1.120615965705867995e-01
5.272727272727272679e-02 3.731776425304149658e-01 1.906469238598464122e-01 8.743822436605119819e-02
5.303030303030303177e-02 4.171814448577375045e-01 1.648008920667617672e-01 8.948553990788225831e-02
5.333333333333333676e-02 3.241282020550884102e-01 1.479715655841662980e-01 8.607462554633051044e-02
5.363636363636363480e-02 3.781491835802907597e-01 1.708858957073080831e-01 1.009997398557517106e-01
5.393939393939393978e-02 3.293278515257126449e-01 1.441198424648206522e-01 8.564847134720125765e-02
5.424242424242424476e-02 3.509642969477888563e-01 1.531785095419399279e-01 8.219076982539505472e-02
5.454545454545454281e-02 3.775978820857067708e-01 1.914015699824242467e-01 8.489429290592809263e-02
5.484848484848484779e-02 4.146096970914612823e-01 1.609486001241957343e-01 1.006158021240730754e-01
5.515151515151515277e-02 3.585631428013343336e-01 1.310054196616510513e-01 7.761414046736229977e-02
5.545454545454545775e-02 3.280896566270471437e-01 1.832242957610363820e-01 9.311315725826922740e-02
5.575757575757575579e-02 2.922293120312612347e-01 1.555155223700946110e-01 8.414098963642217821e-02
5.606060606060606077e-02 3.606180901107735592e-01 1.622452491014498843e-01 8.750261118879432143e-02
5.636363636363636576e-02 3.410396650239655436e-01 1.703149753630682495e-01 9.187846171062016842e-02
5.666666666666666380e-02 3.717741826099656421e-01 1.569763032334995922e-01 8.556096641496965804e-02
5.696969696969696878e-02 3.565109154718716367e-01 1.482042840643082726e-01 9.853792320883777989e-02
5.727272727272727376e-02 3.683329302492770463e-01 1.501616862295967469e-01 9.160009209802499885e-02
5.757575757575757874e-02 3.376718729940609842e-01 1.593661452344824481e-01 9.958288664700118420e-02
5.787878787878787679e-02 3.938355037625336785e-01 2.007684753231530062e-01 1.026305800939099622e-01
5.818181818181818177e-02 3.951738047317128188e-01 1.271177164122131720e-01 9.744888754780622886e-02
5.848484848484848675e-02 3.550847225857528544e-01 1.727804569497110587e-01 9.485914910911669162e-02
5.878787878787878479e-02 3.774212723163529737e-01 1.965086517706452485e-01 1.076830209831113744e-01
5.909090909090908977e-02 4.152984139541915920e-01 1.835206130306777372e-01 8.890249301937655502e-02
5.939393939393939476e-02 3.493000042605323707e-01 1.780540184242210555e-01 9.518504729328619574e-02
5.969696969696969974e-02 3.115889794044309213e-01 1.689819083725618010e-01 9.700335790985321893e-02
5.999999999999999778e-02 3.047699277239977467e-01 1.690975129080036776e-01 9.593226391941812869e-02
6.030303030303030276e-02 3.183961107843339411e-01 1.447161200884416188e-01 9.451431469341126101e-02
6.060606060606060774e-02 3.232420820094844549e-01 1.475242780290096367e-01 8.217329422292279917e-02
6.090909090909090579e-02 3.545780445099801503e-01 1.529343249516799952e-01 8.737207654897599651e-02
6.121212121212121077e-02 3.429034214811184089e-01 1.783548465396458393e-01 9.518134493290816844e-02
6.151515151515151575e-02 3.195564005503670479e-01 1.439946686936221243e-01 1.012015423980155010e-01
6.181818181818182073e-02 3.228402859346116704e-01 1.252800595875191436e-01 1.098526042729508351e-01
6.212121212121211877e-02 3.091124856444371072e-01 1.385120401658120060e-01 8.024115244878239628e-02
6.242424242424242375e-02 3.407362583735710215e-01 1.400966369302183157e-01 9.015510032959066222e-02
6.272727272727272874e-02 3.057754997630419136e-01 1.295914284282398965e-01 8.424336294306322692e-02
6.303030303030303372e-02 3.451630021520699088e-01 1.633651456477299424e-01 9.138500859072688776e-02
6.333333333333333870e-02 3.348320578886475607e-01 1.602693818029435613e-01 9.756310796010601860e-02
6.363636363636362980e-02 3.051793125840460696e-01 1.300941466171912642e-01 7.503471364590140469e-02
6.393939393939393478e-02 2.929228959823058642e-01 1.274796510406321082e-01 8.383219992081047955e-02
6.424242424242423977e-02 3.723170816276939465e-01 1.581772372009478400e-01 1.031835256446539256e-01
6.454545454545454475e-02 3.155445210771412601e-01 1.151552147506217927e-01 8.129439786598603723e-02
6.484848484848484973e-02 3.160527895548931876e-01 1.661480452844599220e-01 9.123036970074324681e-02
6.515151515151515471e-02 2.496303519337263743e-01 1.710830044653203763e-01 8.463075075935845570e-02
6.545454545454545969e-02 3.406970828228988446e-01 1.430422335395563904e-01 8.673140790811041667e-02
6.575757575757575080e-02 2.801001045782295917e-01 1.507691434126223473e-01 8.749400690966400995e-02
6.606060606060605578e-02 2.757062401649499339e-01 1.503763140805712828e-01 8.748916599312180076e-02
6.636363636363636076e-02 3.086258401875798252e-01 1.586767228088504234e-01 7.694916037688061261e-02
6.666666666666666574e-02 3.270550077339194339e-01 1.464391218694331143e-01 1.016600854003859022e-01
6.696969696969697072e-02 3.126143514193742701e-01 1.501280041803148835e-01 7.975354294481369621e-02
6.727272727272727570e-02 3.272120508146176276e-01 1.362478588509740129e-01 7.504129660058056484e-02
6.757575757575758069e-02 2.830680172699023278e-01 1.459995256909143446e-01 8.423307432076111712e-02
6.787878787878788567e-02 2.839379230738820481e-01 1.838862982112058897e-01 8.649230651173532569e-02
6.818181818181817677e-02 2.984599299224107716e-01 1.494166886032125274e-01 9.966626123923143232e-02
6.848484848484848175e-02 2.562555396459465507e-01 1.556286304922140651e-01 8.740951523610845930e-02
6.878787878787878673e-02 2.626516706455434003e-01 1.434606618950129142e-01 8.112225944162239355e-02
6.909090909090909172e-02 2.773174834669688837e-01 1.580856822522936356e-01 8.798042906861874846e-02
6.939393939393939670e-02 2.802651002225100552e-01 1.618303721642220250e-01 6.858648922687622662e-02
6.969696969696970168e-02 2.663854536611308665e-01 1.454983430653568055e-01 8.617611673912319026e-02
7.000000000000000666e-02 3.155241649295423279e-01 1.584329760207466575e-01 8.927916762021646802e-02
7.030303030303029777e-02 2.864873795916350052e-01 1.391559382054672611e-01 8.310418668582281176e-02
7.060606060606060275e-02 2.515514567071167051e-01 1.493254395185157346e-01 9.305163698775499592e-02
7.090909090909090773e-02 3.135484440269267203e-01 1.405986302028353896e-01 8.782868222754020016e-02
7.121212121212121271e-02 2.679343068164665165e-01 1.299609129805441854e-01 8.292215650333181753e-02
7.151515151515151769e-02 2.499592933998928401e-01 1.340556748928487807e-01 8.449685666401537953e-02
7.181818181818182267e-02 2.545406132097990382e-01 1.476950936224697697e-01 7.461233282479887152e-02
7.212121212121212765e-02 2.604305971210970072e-01 1.283311076206483381e-01 7.487750197102374661e-02
7.242424242424241876e-02 2.777437362035322654e-01 1.471489937416764482e-01 9.177863753584343531e-02
7.272727272727272374e-02 2.250105450219747338e-01 1.446953004945653876e-01 7.766879113676940227e-02
7.303030303030302872e-02 2.381170161809338104e-01 1.185283668248878486e-01 7.451231907517678887e-02
7.333333333333333370e-02 2.421695772858126761e-01 1.364607642510450580e-01 7.452988121653147946e-02
7.363636363636363869e-02 2.310628244220480909e-01 1.385392657127000604e-01 7.054181838215160816e-02
7.393939393939394367e-02 2.603170737497896292e-01 1.510865626238888371e-01 6.932808657494846094e-02
7.424242424242424865e-02 2.324651930962295943e-01 1.251902666789831420e-01 6.861392795749803042e-02
7.454545454545453975e-02 2.357699589704237153e-01 1.290334792902863015e-01 8.287814856267725072e-02
7.484848484848484473e-02 2.230784048748024329e-01 1.129044873550435757e-01 7.643895267855578546e-02
7.515151515151514972e-02 2.276674698438461986e-01 1.344410003337688786e-01 6.724973156361434279e-02
7.545454545454545470e-02 2.125334393275264966e-01 1.137017964811282839e-01 7.811908503347168853e-02
7.575757575757575968e-02 2.789272639813599741e-01 1.334440205179599770e-01 8.281752983864394679e-02
7.606060606060606466e-02 2.475270201869407827e-01 1.476606771356023806e-01 7.848486187733186292e-02
7.636363636363636964e-02 2.218310217142447360e-01 1.363874926499418772e-01 7.194656606130261922e-02
7.666666666666666075e-02 2.183604426114588437e-01 1.316381805821893458e-01 6.321361816643292220e-02
7.696969696969696573e-02 2.550269853768352135e-01 9.889657750858883711e-02 7.627653618263385837e-02
7.727272727272727071e-02 2.040127869920836390e-01 1.100260220137985051e-01 8.248422057868672053e-02
7.757575757575757569e-02 2.368782906243943887e-01 1.305540101244213880e-01 7.366001630306634462e-02
7.787878787878788067e-02 2.316811939517704477e-01 1.125057644618225744e-01 8.065749087768181447e-02
7.818181818181818565e-02 2.491615288150944296e-01 1.217825905347146020e-01 8.365679160970630746e-02
7.848484848484849064e-02 1.890562226688361214e-01 9.353780325017622965e-02 7.004274792224844670e-02
7.878787878787878174e-02 2.153623160451797747e-01 1.065186944809739938e-01 7.850254667272170417e-02
7.909090909090908672e-02 2.210521819967436186e-01 1.170691360473055664e-01 8.194103925376809705e-02
7.939393939393939170e-02 2.088157285453587642e-01 1.082087195900307691e-01 7.894322400130319994e-02
7.969696969696969668e-02 2.283337917908354608e-01 1.170436488563505878e-01 7.759280295596827914e-02
8.000000000000000167e-02 2.505848421727139841e-01 1.042523619461072776e-01 6.903937349555494540e-02
8.030303030303030665e-02 2.273691834810398216e-01 1.229095778341210699e-01 6.683139935249010621e-02
8.060606060606061163e-02 1.901044239978625094e-01 1.342733886786512953e-01 6.163859732174382239e-02
8.090909090909090273e-02 2.071355474207582925e-01 1.081738692331664642e-01 7.272076505745243835e-02
8.121212121212120771e-02 2.528578322491542574e-01 1.258240440538203886e-01 8.195499869263769832e-02
8.151515151515151270e-02 2.421706726282703281e-01 9.458523896084466975e-02 7.524934652235511223e-02
8.181818181818181768e-02 1.979324414619504924e-01 1.043111322874730879e-01 6.527291481840724607e-02
8.212121212121212266e-02 2.120553569721236042e-01 1.302133290335350801e-01 6.023600411223818674e-02
8.242424242424242764e-02 2.145598070003446600e-01 1.261168119380884356e-01 6.667958131071474726e-02
8.272727272727273262e-02 2.336202560222715996e-01 1.060830958075985320e-01 6.422405926241114837e-02
8.303030303030302373e-02 1.874792847371011817e-01 1.011743454964960515e-01 6.326253552636877664e-02
8.333333333333332871e-02 2.111976241149931544e-01 1.075224556589572944e-01 7.502145571509619137e-02
8.363636363636363369e-02 2.050945683955187615e-01 1.039146831887262229e-01 7.327520034441921404e-02
8.393939393939393867e-02 1.797136086810812439e-01 1.018546602273378010e-01 6.477990877153438909e-02
8.424242424242424365e-02 1.896327228544493759e-01 9.943102120063257443e-02 6.415538680209825761e-02
8.454545454545454863e-02 2.219215385611150448e-01 8.873836669120603593e-02 6.245804720933975651e-02
8.484848484848485362e-02 1.698049516871626696e-01 1.139530814588982088e-01 5.396195153715320492e-02
8.515151515151514472e-02 1.810891656266898631e-01 9.799979065993502658e-02 5.870114996959163722e-02
8.545454545454544970e-02 2.084812696154496880e-01 9.977892980156380376e-02 6.189343862621300707e-02
8.575757575757575468e-02 1.584772948127549375e-01 1.058490743103537163e-01 6.038214128305000733e-02
8.606060606060605966e-02 1.999049133237786324e-01 1.024812550619031148e-01 6.089691198023038793e-02
8.636363636363636465e-02 2.028759880731328402e-01 1.135523533432233889e-01 7.409958597679795755e-02
8.666666666666666963e-02 1.885251179739631799e-01 1.113651402811050017e-01 6.206103864186313795e-02
8.696969696969697461e-02 1.604201771892189987e-01 1.058418408003487104e-01 6.430621429475820439e-02
8.727272727272727959e-02 1.556260026253139250e-01 1.017102172513284775e-01 5.785976881018070617e-02
8.757575757575757069e-02 1.749619538547299569e-01 1.113921734753957477e-01 5.700687788074655649e-02
8.787878787878787568e-02 2.074589065685703004e-01 1.027455255368869280e-01 7.095065355352268843e-02
8.818181818181818066e-02 1.766242201811506485e-01 1.095139330345845374e-01 7.075037428862179789e-02
8.848484848484848564e-02 1.518932060538816797e-01 1.017237528396992829e-01 6.425926688926920927e-02
8.878787878787879062e-02 1.566962082216970809e-01 1.007948721452037039e-01 5.974869457840738252e-02
8.909090909090909560e-02 1.696928607650269871e-01 1.091887127147105618e-01 7.041432323591405307e-02
8.939393939393940058e-02 1.763372627861448938e-01 9.112991565203511224e-02 6.685610831705908474e-02
8.969696969696969169e-02 1.463377312855545787e-01 1.083160196149756671e-01 6.688894084948511509e-02
8.999999999999999667e-02 1.615102186264973094e-01 8.720822457662888438e-02 5.496216639625957356e-02
9.030303030303030165e-02 2.054812694275014173e-01 7.723725597525031572e-02 6.159115171731279620e-02
9.060606060606060663e-02 1.627217078684235485e-01 9.001538254986723997e-02 6.165790484126972004e-02
9.090909090909091161e-02 1.788267129406854450e-01 8.296484046836231918e-02 6.227225639192118800e-02
9.121212121212121660e-02 1.593827852718107119e-01 8.561831435581229721e-02 6.018746223073263846e-02
9.151515151515152158e-02 1.696533842670190084e-01 1.016043049070410320e-01 5.485324407338530023e-02
9.181818181818181268e-02 1.642967855955211609e-01 8.013479194586070609e-02 6.810385326353982083e-02
9.212121212121211766e-02 1.707542214681889714e-01 9.555787309526697637e-02 6.404720804983250748e-02
9.242424242424242264e-02 1.524368306872181944e-01 9.667509247266205252e-02 6.449238107404058062e-02
9.272727272727272763e-02 1.684009206308824946e-01 9.275411350385956433e-02 5.654905213905244560e-02
9.303030303030303261e-02 1.504368170546984407e-01 9.053103494737996249e-02 6.544309982627111166e-02
9.333333333333333759e-02 1.584257288128115837e-01 8.414483148576802629e-02 5.432224990461580194e-02
9.363636363636364257e-02 1.498780295899132531e-01 8.533325356497749314e-02 5.947732116706810207e-02
9.393939393939393367e-02 1.419378744784032254e-01 9.777834950855891771e-02 6.136118572098817753e-02
9.424242424242423866e-02 1.428572393243333072e-01 1.074443914150287754e-01 6.307741715255595072e-02
9.454545454545454364e-02 1.389323472039346863e-01 9.416519543859785957e-02 6.139940245644674027e-02
9.484848484848484862e-02 1.663336979931131498e-01 9.432761413070792078e-02 6.109932280582754810e-02
9.515151515151515360e-02 1.493641173500212527e-01 8.153278158059602820e-02 6.054353499936608596e-02
9.545454545454545858e-02 1.301286588612131923e-01 7.547411787703464658e-02 5.345836992417109940e-02
9.575757575757576356e-02 1.525651956954094390e-01 7.798994495111570557e-02 5.351939553388334464e-02
9.606060606060605467e-02 1.428870120231114094e-01 8.152775024365474521e-02 5.046544359709525390e-02
9.636363636363635965e-02 1.238836150987731588e-01 1.004705654008211380e-01 6.157079756761293238e-02
9.666666666666666463e-02 1.337957936123972957e-01 7.950941336310302088e-02 6.157995349734615709e-02
9.696969696969696961e-02 1.380110094783256192e-01 7.691290755035984361e-02 5.044750685614668440e-02
9.727272727272727459e-02 1.251215269351824699e-01 7.317942594815482482e-02 5.359311971040101735e-02
9.757575757575757958e-02 1.345967763693306785e-01 8.477337755814028097e-02 4.825495286528058009e-02
9.787878787878788456e-02 1.462451113730146857e-01 9.020409221217107198e-02 4.914156395086494850e-02
9.818181818181817566e-02 1.286055348010554933e-01 7.076723803105954003e-02 4.730969826006430068e-02
9.848484848484848064e-02 1.136895242488479285e-01 8.193880057106645021e-02 5.492714599792183905e-02
9.878787878787878562e-02 1.266183253919532514e-01 6.507107568385656071e-02 5.710136958575340316e-02
9.909090909090909061e-02 1.362700806817971344e-01 7.562878241024879877e-02 4.134659603434713560e-02
9.939393939393939559e-02 1.165944660151815027e-01 7.972294517270231418e-02 4.705929721199125781e-02
9.969696969696970057e-02 1.241664865842108112e-01 8.738006091401316622e-02 5.398349486019526217e-02
1.000000000000000056e-01 1.281407471307919876e-01 7.369355551353055922e-02 5.589026165649109423e-02
1.003030303030302967e-01 1.228483921666478768e-01 8.083868461044028952e-02 5.207819991270643684e-02
1.006060606060606016e-01 1.298863425463231136e-01 7.025268522185881825e-02 5.389755572561219510e-02
1.009090909090909066e-01 1.293200749175829611e-01 8.053153359323504679e-02 4.365711344239705388e-02
1.012121212121212116e-01 1.219100298363163526e-01 7.722635383992766667e-02 5.597539341896533294e-02
1.015151515151515166e-01 1.287060767635911374e-01 8.596127866009019292e-02 4.828370681049487523e-02
1.018181818181818216e-01 1.209405720398781248e-01 8.251985473353259937e-02 4.818598981738100168e-02
1.021212121212121265e-01 1.362405971222022671e-01 7.703398621193603690e-02 5.852489382571438026e-02
1.024242424242424176e-01 1.568798347740942012e-01 7.822672181773333844e-02 4.810867605595953861e-02
1.027272727272727226e-01 1.184431900955422445e-01 7.410909555949804495e-02 5.185215199924723961e-02
1.030303030303030276e-01 1.309514071428546089e-01 8.764708982590364850e-02 4.972934146237905501e-02
1.033333333333333326e-01 1.125610873496610265e-01 6.362159772839938443e-02 4.049953729368833966e-02
1.036363636363636376e-01 1.164719487332250558e-01 8.353468274367521762e-02 4.498123063828457502e-02
1.039393939393939426e-01 1.224541584379666009e-01 6.465001748654881919e-02 4.326551298397712797e-02
1.042424242424242475e-01 1.121721726952806253e-01 7.263519584805698537e-02 4.781696038916025127e-02
1.045454545454545386e-01 1.088500785163932644e-01 6.648327978079100753e-02 4.898457486282491863e-02
1.048484848484848436e-01 1.127002071051059900e-01 7.616990350449667768e-02 4.254690463355910446e-02
1.051515151515151486e-01 1.113756009362339428e-01 6.762965177573133924e-02 4.134611574789416599e-02
1.054545454545454536e-01 1.107821445806348587e-01 6.819698865557152767e-02 4.558495047826030544e-02
1.057575757575757586e-01 1.140826513185435875e-01 6.946582307808864265e-02 4.957789451937499176e-02
1.060606060606060635e-01 1.092693972491046300e-01 7.031441409663510833e-02 3.993836964779538812e-02
1.063636363636363685e-01 1.036244489488533232e-01 6.740500074075754522e-02 4.651317861098081680e-02
1.066666666666666735e-01 1.098798971480774989e-01 6.089478163401507854e-02 4.470145324738058340e-02
1.069696969696969646e-01 9.205551061905582755e-02 7.210477083052475866e-02 4.495467030103592054e-02
1.072727272727272696e-01 1.020167377413385562e-01 7.486146952639256835e-02 3.870444621956349585e-02
1.075757575757575746e-01 9.281070415990394507e-02 6.160843990235970874e-02 4.871430491237687538e-02
1.078787878787878796e-01 1.055020078810997020e-01 6.601933917455872491e-02 3.546301339343543163e-02
1.081818181818181845e-01 1.218295033002164823e-01 6.042571964875933371e-02 4.059232465792199374e-02
1.084848484848484895e-01 1.033986685102887965e-01 5.787405824102624663e-02 4.295067787727541164e-02
1.087878787878787945e-01 9.482020748651334707e-02 5.487434728851071225e-02 3.125277593326015318e-02
1.090909090909090856e-01 1.192228689309437900e-01 6.419571591022213419e-02 4.130237500251417171e-02
1.093939393939393906e-01 9.874842306194187014e-02 6.056238073511777814e-02 4.675902190981191808e-02
1.096969696969696956e-01 9.165330804338953086e-02 5.434181409178642785e-02 4.116675340110952791e-02
1.100000000000000006e-01 1.002261927089146409e-01 5.522940069854154199e-02 3.602469098588839680e-02
1.103030303030303055e-01 9.687991723378544529e-02 5.856533583847893520e-02 4.376043297710841690e-02
1.106060606060606105e-01 9.544254076299940603e-02 5.683700259202809080e-02 4.061970524327311594e-02
1.109090909090909155e-01 8.602950038742543382e-02 6.294130616564383440e-02 4.458587948246020560e-02
1.112121212121212066e-01 8.773306084796247961e-02 6.139021209366939125e-02 3.470737915515031274e-02
1.115151515151515116e-01 1.011998995993790146e-01 5.944145139192802407e-02 3.984379703916617055e-02
1.118181818181818166e-01 8.789080307942240267e-02 5.066292257154084155e-02 4.323345241136549583e-02
1.121212121212121215e-01 9.024123395290625793e-02 5.342687044143561159e-02 4.310463413848775877e-02
1.124242424242424265e-01 9.136409194589718841e-02 5.270730492533838574e-02 3.716295446709796946e-02
1.127272727272727315e-01 8.247463334576343730e-02 5.492940856157119134e-02 4.196931751186014359e-02
1.130303030303030365e-01 1.014228825294369585e-01 5.844088970101053715e-02 3.974057906998132439e-02
1.133333333333333276e-01 8.378591490965521527e-02 6.055987748196615256e-02 3.738202957553002359e-02
1.136363636363636326e-01 8.747273120394441492e-02 5.658090843480793886e-02 4.027658818859004147e-02
1.139393939393939376e-01 1.010251960478491390e-01 5.070711001452561650e-02 3.925801890395570759e-02
1.142424242424242425e-01 7.725141825379418237e-02 5.358434068882596268e-02 3.991847713110139445e-02
1.145454545454545475e-01 8.182499487295923080e-02 4.760004696975093236e-02 4.244817942759671753e-02
1.148484848484848525e-01 9.072173165226860014e-02 5.557905935481863985e-02 3.774918292999700220e-02
1.151515151515151575e-01 7.490441494690242008e-02 4.507407383464497735e-02 3.434554892057797154e-02
1.154545454545454486e-01 9.424501489670893128e-02 5.687391686485582243e-02 4.044470482315200288e-02
1.157575757575757536e-01 8.067599451475571115e-02 5.600656308144539436e-02 3.399613645706318910e-02
1.160606060606060586e-01 7.274958679190754451e-02 4.802630698906666662e-02 3.481058019450576635e-02
1.163636363636363635e-01 7.432201515719830121e-02 4.983582173946109195e-02 4.128521658907143704e-02
1.166666666666666685e-01 6.926177616429229911e-02 4.541040316279600780e-02 3.220195695615245268e-02
1.169696969696969735e-01 7.029758485125039980e-02 5.180685778216721077e-02 2.980744182704243156e-02
1.172727272727272785e-01 8.437539958849389621e-02 5.722928852206859290e-02 2.836260915191088014e-02
1.175757575757575696e-01 8.071364666109584474e-02 4.508953696485148988e-02 4.125309649779484999e-02
1.178787878787878746e-01 7.520730883335069450e-02 4.895889809674189991e-02 3.453114872014962505e-02
1.181818181818181795e-01 8.133296092572350755e-02 4.615529807596854828e-02 3.604832356086604822e-02
1.184848484848484845e-01 7.183556586382745801e-02 4.992081163418445044e-02 3.354509202649362531e-02
1.187878787878787895e-01 7.157899781331297784e-02 5.265576276137778206e-02 3.326550104269392766e-02
1.190909090909090945e-01 8.364271114291989273e-02 4.045234827728740740e-02 3.782124488556334180e-02
1.193939393939393995e-01 7.376809185952638848e-02 3.825782937980196780e-02 3.479458498672866051e-02
1.196969696969696906e-01 6.983561905443322337e-02 4.002738563962248558e-02 2.637630994400886469e-02
1.199999999999999956e-01 6.138622077323607762e-02 4.548465350573555055e-02 3.005956309869901866e-02
1.203030303030303005e-01 7.092302187619181630e-02 3.916023164687555680e-02 3.449950280334477398e-02
1.206060606060606055e-01 8.147481257585818815e-02 4.582465151778089552e-02 2.685320576707203241e-02
1.209090909090909105e-01 6.917769918410575369e-02 5.346990952064673702e-02 3.050901486128263992e-02
1.212121212121212155e-01 6.813836837198392060e-02 4.728639329063030750e-02 2.675987709636335962e-02
1.215151515151515205e-01 6.630648651760927270e-02 4.012632435732055303e-02 2.845733052383034659e-02
1.218181818181818116e-01 5.834746849159417464e-02 4.114907058939533402e-02 2.954960562755838335e-02
1.221212121212121166e-01 6.324832708227573486e-02 4.313037957336643413e-02 2.714086216851863825e-02
1.224242424242424215e-01 5.820610147624367958e-02 4.184074753168471467e-02 2.992286631279524392e-02
1.227272727272727265e-01 6.752670764046028729e-02 4.309745843764337114e-02 3.063735570278784334e-02
1.230303030303030315e-01 6.441207067738699554e-02 4.019788014024656964e-02 2.708807548573586785e-02
1.233333333333333365e-01 6.359975036629259004e-02 4.185013301731047020e-02 3.273308303172159373e-02
1.236363636363636415e-01 6.959627090315000097e-02 4.666076932709986580e-02 3.096883819501038831e-02
1.239393939393939326e-01 6.818913032463085055e-02 4.038678821911485806e-02 2.643002974270290684e-02
1.242424242424242375e-01 6.705992249899575541e-02 3.893868292904025669e-02 2.902125154067354551e-02
1.245454545454545425e-01 6.090153271387831885e-02 4.427792569336003181e-02 2.760835697791856960e-02
1.248484848484848475e-01 6.666470289170298158e-02 4.059686791449953341e-02 2.814260842165210164e-02
1.251515151515151525e-01 5.880006834026419577e-02 4.178017644503068811e-02 2.888942432159875492e-02
1.254545454545454575e-01 5.409387481618275345e-02 4.302403793614786864e-02 2.940327194786043416e-02
1.257575757575757625e-01 6.764116321596014281e-02 3.786409620218003647e-02 3.196834871515119580e-02
1.260606060606060674e-01 6.538288683522767986e-02 3.075991420016309721e-02 2.430747528870553370e-02
1.263636363636363724e-01 5.882204864286404156e-02 3.569413320236763942e-02 2.863071715082419685e-02
1.266666666666666774e-01 5.147065771844217680e-02 3.216981307158472969e-02 3.250109894690818985e-02
1.269696969696969824e-01 5.103883454642933054e-02 3.385505272155624190e-02 2.799031539694415288e-02
1.272727272727272596e-01 5.444393929606423238e-02 3.944680853774128193e-02 3.207760091233567007e-02
1.275757575757575646e-01 5.191747527495743642e-02 3.962798087824331850e-02 2.671718590308300514e-02
1.278787878787878696e-01 6.031444631524869593e-02 3.722077111863875132e-02 2.784091870933588092e-02
1.281818181818181746e-01 6.179312544043616406e-02 3.779186607163506628e-02 3.134270415929846232e-02
1.284848484848484795e-01 5.038480574446151106e-02 3.714162529643125210e-02 2.612823720102926822e-02
1.287878787878787845e-01 5.804475961959124769e-02 3.369954294626470448e-02 2.491690477330030587e-02
1.290909090909090895e-01 5.651619075510123935e-02 3.265523569559097145e-02 2.431409211577798338e-02
1.293939393939393945e-01 5.072408943100911033e-02 3.616204469238176039e-02 2.373291582724167473e-02
1.296969696969696995e-01 4.535566270945744216e-02 3.484127854247943273e-02 2.455155926387279919e-02
1.300000000000000044e-01 5.097091709321411451e-02 3.164495636236504261e-02 2.438253600171512783e-02
1.303030303030303094e-01 5.183100544851370478e-02 3.733154632714144605e-02 2.495794610143420300e-02
1.306060606060606144e-01 4.529369387555998161e-02 2.993872122178719772e-02 2.365176161509880901e-02
1.309090909090909194e-01 4.495841081124123118e-02 3.101599177146512412e-02 2.736801431234926404e-02
1.312121212121212244e-01 4.236045633459043641e-02 3.622641214926512060e-02 2.653712061392695526e-02
1.315151515151515016e-01 4.383391792674157239e-02 2.901508753021283041e-02 2.230608620184184807e-02
1.318181818181818066e-01 4.561553288966409270e-02 3.490912379175254571e-02 2.545614432337383118e-02
1.321212121212121116e-01 4.058685911580203753e-02 3.024001314946266061e-02 2.009535145766992714e-02
1.324242424242424165e-01 4.803989709328642527e-02 3.415840707705897206e-02 2.532560711554423735e-02
1.327272727272727215e-01 4.948811944483752501e-02 2.799377639500243847e-02 2.364381154791026646e-02
1.330303030303030265e-01 4.720792988345416663e-02 2.815053025772913317e-02 2.426448625081583169e-02
1.333333333333333315e-01 4.312080230210659643e-02 2.918976166684331824e-02 2.161016652810262770e-02
1.336363636363636365e-01 3.883324938818412397e-02 2.788611879722910705e-02 2.315304903410077622e-02
1.339393939393939414e-01 4.602149342962794099e-02 3.068862716855376080e-02 2.319468530043142934e-02
1.342424242424242464e-01 3.851323678803685036e-02 3.321802110592133456e-02 1.988214868834567786e-02
1.345454545454545514e-01 4.096556246888315850e-02 2.449063990384016051e-02 2.163510671734134028e-02
1.348484848484848564e-01 3.668907365951133703e-02 2.791537497308838045e-02 2.165895732510115732e-02
1.351515151515151614e-01 3.453211892792029669e-02 2.965006237900541172e-02 2.442009106835223500e-02
1.354545454545454664e-01 4.707103261529039379e-02 2.673838350496183722e-02 2.354550406968987375e-02
1.357575757575757713e-01 5.211892810932912401e-02 2.722545004756306286e-02 2.082568207667788093e-02
1.360606060606060486e-01 4.597153601068092177e-02 2.783961267611346699e-02 2.523456297692141387e-02
1.363636363636363535e-01 4.238707227671566907e-02 2.736911975650834286e-02 2.338679345309047780e-02
1.366666666666666585e-01 3.606639044586365528e-02 2.573973795581176865e-02 1.935841010437540366e-02
1.369696969696969635e-01 4.164821959516491062e-02 2.792260909298046115e-02 2.050882225336184139e-02
1.372727272727272685e-01 4.188546886168287298e-02 2.635540803504739238e-02 1.957807106446363479e-02
1.375757575757575735e-01 4.222877716391008895e-02 2.822604670776693997e-02 2.096744810711249213e-02
1.378787878787878785e-01 3.739242600814110529e-02 2.760323769125577753e-02 1.937323298167801730e-02
1.381818181818181834e-01 4.042437960060614455e-02 2.247081567745867065e-02 1.958951449901795427e-02
1.384848484848484884e-01 3.990778905851901509e-02 2.546922536178980803e-02 1.960302872917419129e-02
1.387878787878787934e-01 3.764646936015339507e-02 2.563469262358383099e-02 1.898156846525011349e-02
1.390909090909090984e-01 3.725685383347476093e-02 2.322920247519993583e-02 1.693020639234672428e-02
1.393939393939394034e-01 3.886305363276134489e-02 2.489303593203036694e-02 1.966019710270778056e-02
1.396969696969697083e-01 4.087780250297994022e-02 2.531287762453355433e-02 2.090763291402461185e-02
1.400000000000000133e-01 4.166735036892126043e-02 2.285543020479485765e-02 1.695781244597686574e-02
1.403030303030302905e-01 3.402212597652996828e-02 2.152202386765568465e-02 1.722921124261915862e-02
1.406060606060605955e-01 3.265440533624106023e-02 2.561389521058328456e-02 1.886021564735513786e-02
1.409090909090909005e-01 3.459655653882610926e-02 2.698611580692997572e-02 1.901884222467670887e-02
1.412121212121212055e-01 3.275599312303555805e-02 2.073153924558337677e-02 2.043524051513133377e-02
1.415151515151515105e-01 3.293391022226187237e-02 2.367623211099947195e-02 1.677076400958211685e-02
1.418181818181818155e-01 3.563625038930260530e-02 2.215501986934816439e-02 1.685412073695526786e-02
1.421212121212121204e-01 3.255894345039047483e-02 1.931219086022256670e-02 2.042439823684216380e-02
1.424242424242424254e-01 3.533382747739010482e-02 2.544192828335753789e-02 1.795970345006735538e-02
1.427272727272727304e-01 3.569170547689883011e-02 1.981657123456774527e-02 2.009504167257368870e-02
1.430303030303030354e-01 3.139912094598233672e-02 2.245223684367290973e-02 1.914492403796236308e-02
1.433333333333333404e-01 3.299233460709630888e-02 1.961983907233534954e-02 1.598291817984232727e-02
1.436363636363636453e-01 3.040120973133978929e-02 2.295170823673708602e-02 1.545966729661816044e-02
1.439393939393939503e-01 2.879112890712092615e-02 2.076474185218134261e-02 1.555196291708662269e-02
1.442424242424242553e-01 3.255772311263201851e-02 1.988807863792137892e-02 1.861011652650896783e-02
1.445454545454545325e-01 2.792093950671627883e-02 2.082788159714301160e-02 1.828193118537383907e-02
1.448484848484848375e-01 3.536192820648884072e-02 2.007272201700945405e-02 1.688665053897096466e-02
1.451515151515151425e-01 3.682236883354347845e-02 1.842243346767329093e-02 1.460408842101696900e-02
1.454545454545454475e-01 2.960509910672462150e-02 1.877651686486041249e-02 1.701374938381151891e-02
1.457575757575757525e-01 3.173189253557198719e-02 2.074624390468209068e-02 1.676424139901351237e-02
1.460606060606060574e-01 2.881682151999166025e-02 2.145718530215530093e-02 1.713481896288018141e-02
1.463636363636363624e-01 2.973909283676601581e-02 1.874955128737942553e-02 1.556707778487024206e-02
1.466666666666666674e-01 2.965260432522975886e-02 2.070547405740585239e-02 1.388761832551066965e-02
1.469696969696969724e-01 2.843678282964009693e-02 1.907771379050419297e-02 1.591245439054501595e-02
1.472727272727272774e-01 2.755009317983622349e-02 1.649107191276443646e-02 1.809100207467285656e-02
1.475757575757575824e-01 2.661963055051877469e-02 1.826572415281101439e-02 1.533458201311875026e-02
1.478787878787878873e-01 2.464727254230083056e-02 1.834716669303186262e-02 1.564190739314273715e-02
1.481818181818181923e-01 2.416185463617426255e-02 1.840565572566797703e-02 1.421043995197896447e-02
1.484848484848484973e-01 2.443816139649400421e-02 1.782176385023191700e-02 1.570901550501557775e-02
1.487878787878787745e-01 2.352979527399828852e-02 1.723326451047878585e-02 1.651561112823371133e-02
1.490909090909090795e-01 2.300056783791340487e-02 1.686282463779529422e-02 1.494942049126804159e-02
1.493939393939393845e-01 3.047162803937423711e-02 1.762627986179587589e-02 1.453060363554026756e-02
1.496969696969696895e-01 2.506096386780589519e-02 1.758788715741993816e-02 1.541919851519162922e-02
1.499999999999999944e-01 2.494153624738050176e-02 1.876863874085961392e-02 1.399709628625152129e-02
1.503030303030302994e-01 2.542540763368479964e-02 1.530904559448717679e-02 1.150805928546747535e-02
1.506060606060606044e-01 2.631121459604814777e-02 1.744756030858153964e-02 1.526105880963883783e-02
1.509090909090909094e-01 2.495818758235801224e-02 1.640039282712175972e-02 1.322151990627577420e-02
1.512121212121212144e-01 2.659277689644349782e-02 1.440827379912943719e-02 1.411160384776667491e-02
1.515151515151515194e-01 2.638877665746251072e-02 1.423434200221884369e-02 1.307081575724493988e-02
1.518181818181818243e-01 2.474328964222530930e-02 1.492853943582378266e-02 1.184020678349999647e-02
1.521212121212121293e-01 2.312512877100821040e-02 1.301278313770513895e-02 1.289863561349834618e-02
1.524242424242424343e-01 2.362500244713807915e-02 1.543191794661314883e-02 1.392910941866073310e-02
1.527272727272727393e-01 2.246670468105231924e-02 1.309402543646517175e-02 1.438759447978930385e-02
1.530303030303030165e-01 2.507919895777556418e-02 1.454022520498455748e-02 1.339406073492993912e-02
1.533333333333333215e-01 2.297277861317289366e-02 1.654545339226581174e-02 1.256420140458795742e-02
1.536363636363636265e-01 2.076692075904608414e-02 1.332856131102701583e-02 1.206789333636455047e-02
1.539393939393939315e-01 2.301885743431171527e-02 1.613911534820793026e-02 1.197731511392005795e-02
1.542424242424242364e-01 1.997981477909784032e-02 1.318716156568876599e-02 1.567834096788854256e-02
1.545454545454545414e-01 2.074319641375256540e-02 1.269863947019955579e-02 1.284254829019344964e-02
1.548484848484848464e-01 1.734414568459656178e-02 1.392551779894460849e-02 1.043329748300632354e-02
1.551515151515151514e-01 2.095032792871312152e-02 1.425559426859674197e-02 1.047239906275359428e-02
1.554545454545454564e-01 2.347260446738826459e-02 1.397161323303543028e-02 1.102220553633397396e-02
1.557575757575757613e-01 2.094036423911805472e-02 1.463246694417037579e-02 1.128700243740447980e-02
1.560606060606060663e-01 2.047207870962343065e-02 1.398649973932579449e-02 1.112177804829858445e-02
1.563636363636363713e-01 2.033232671620531160e-02 1.198118096881181996e-02 1.101803339134785169e-02
1.566666666666666763e-01 1.861330163139665941e-02 1.195399358941552290e-02 1.149960309929168832e-02
1.569696969696969813e-01 2.046631802641521447e-02 1.426783948574214707e-02 1.059086091598645217e-02
1.572727272727272863e-01 2.011747883487028168e-02 1.258797301126090770e-02 1.186349234022243508e-02
1.575757575757575635e-01 1.653852572360815440e-02 1.150638636780869709e-02 1.188067631885721641e-02
1.578787878787878685e-01 1.993722347374184134e-02 1.235280604545696027e-02 1.092127084122066112e-02
1.581818181818181734e-01 1.900068635551973445e-02 1.490336707574151966e-02 9.686253818254150771e-03
1.584848484848484784e-01 1.858194550313922028e-02 1.218008021558538226e-02 1.200284727944086680e-02
1.587878787878787834e-01 1.808873336447137589e-02 1.144888426659813191e-02 1.135914150645964127e-02
1.590909090909090884e-01 1.931689166578919037e-02 1.131547866947193830e-02 1.078829764257746050e-02
1.593939393939393934e-01 1.555591762391468451e-02 1.219197658111378056e-02 9.006841837740781065e-03
1.596969696969696983e-01 1.631228392032382790e-02 1.315083329309915151e-02 1.161427783776880843e-02
1.600000000000000033e-01 1.563085374127239080e-02 1.246614276128118863e-02 1.141313610578746120e-02
1.603030303030303083e-01 1.789129862344015706e-02 9.180789554075065306e-03 1.180799391831793832e-02
1.606060606060606133e-01 1.630439631554685478e-02 1.095604575053639104e-02 9.115103514096353429e-03
1.609090909090909183e-01 1.482985413093403093e-02 1.090267832694183023e-02 9.984460927589580356e-03
1.612121212121212233e-01 1.496171196567405715e-02 1.140449376343985292e-02 1.009579860390341297e-02
1.615151515151515282e-01 1.426913929752927045e-02 1.238260933510526053e-02 9.746416813131302675e-03
1.618181818181818055e-01 1.513509078612551052e-02 1.117724430818386842e-02 9.004985266287318657e-03
1.621212121212121104e-01 1.491586223893530926e-02 1.011824561454314694e-02 9.038545526713718040e-03
1.624242424242424154e-01 1.666062751644972056e-02 1.031728830779100534e-02 1.073455888713179332e-02
1.627272727272727204e-01 1.403442174229494084e-02 1.082326799200873657e-02 9.307577223703102087e-03
1.630303030303030254e-01 1.214375778271576528e-02 9.367636727495357724e-03 9.019051618019949604e-03
1.633333333333333304e-01 1.555990644389691063e-02 9.113733953426527562e-03 7.806002718530182655e-03
1.636363636363636354e-01 1.546402917860891131e-02 9.558493429967241869e-03 9.091233210072519055e-03
1.639393939393939403e-01 1.388509383673690659e-02 9.262093298132512489e-03 8.792263284902254381e-03
1.642424242424242453e-01 1.127567098045391403e-02 1.008795703674396360e-02 8.694693695318261167e-03
1.645454545454545503e-01 1.137585447544438473e-02 1.061558893463687703e-02 9.367240917241795306e-03
1.648484848484848553e-01 1.522921368990374710e-02 9.307226089973752448e-03 8.021464012547434297e-03
1.651515151515151603e-01 1.390354018158282065e-02 8.784334887609837605e-03 9.600752301492780985e-03
1.654545454545454652e-01 1.400529220715348959e-02 9.829253043279992039e-03 7.563178814147950707e-03
1.657575757575757702e-01 1.228923938023926236e-02 9.737959940814729098e-03 8.921596220214203163e-03
1.660606060606060475e-01 1.412387272942546880e-02 8.544007267130202671e-03 7.684906416685267048e-03
1.663636363636363524e-01 1.234691053066254603e-02 9.388065964113238154e-03 8.877262247616408627e-03
1.666666666666666574e-01 1.084599444248722684e-02 9.339768103109238190e-03 8.515151380705639206e-03
1.669696969696969624e-01 1.142264669445971527e-02 9.504033123471726172e-03 8.061579858049911645e-03
1.672727272727272674e-01 1.165807488588224694e-02 9.256208419676567947e-03 7.283163801234438656e-03
1.675757575757575724e-01 1.298205994232324439e-02 8.813880438091467248e-03 8.456345424244128203e-03
1.678787878787878773e-01 1.092969615581740848e-02 8.447615158237001959e-03 8.084110543468551666e-03
1.681818181818181823e-01 1.073498099682371199e-02 7.075644526041592955e-03 8.401117119157469962e-03
1.684848484848484873e-01 1.163119412749530693e-02 8.188671470791971177e-03 6.264652104509250974e-03
1.687878787878787923e-01 9.473940476326478399e-03 9.455742977107356451e-03 7.916306000173761737e-03
1.690909090909090973e-01 1.329991590983451745e-02 7.761722381106039501e-03 8.193272391932284945e-03
1.693939393939394022e-01 1.196960781430942561e-02 8.094001676921123295e-03 8.071821051824764823e-03
1.696969696969697072e-01 1.138288389552504984e-02 7.822019906701546677e-03 7.447490571323675188e-03
1.700000000000000122e-01 1.222873343997865278e-02 7.081251883809353172e-03 6.789378284290439707e-03
1.703030303030302894e-01 1.278984896224489957e-02 8.665567982095006769e-03 7.537491515174954242e-03
1.706060606060605944e-01 1.118102330357180138e-02 7.165142494875941653e-03 6.349787507609816993e-03
1.709090909090908994e-01 9.090247406186698076e-03 6.934857640860237274e-03 7.923393342717487131e-03
1.712121212121212044e-01 1.015780328687513820e-02 6.751693479239749898e-03 6.596574735992569855e-03
1.715151515151515094e-01 1.099051257918706552e-02 6.714317893344311748e-03 6.282059228780126348e-03
1.718181818181818143e-01 9.472984238027013296e-03 7.338274016397835879e-03 6.813257769023070565e-03
1.721212121212121193e-01 9.782381784289159374e-03 7.071427824387065478e-03 6.714075252191933040e-03
1.724242424242424243e-01 9.959448782559915392e-03 7.573633610221605639e-03 6.280812975149071935e-03
1.727272727272727293e-01 9.697357113904649800e-03 6.240501617717438693e-03 6.526935582894530588e-03
1.730303030303030343e-01 1.139435197663713796e-02 7.327070958849222874e-03 6.911537518735108403e-03
1.733333333333333393e-01 1.122039533542247905e-02 6.032043395082189140e-03 6.411997001047647221e-03
1.736363636363636442e-01 1.041607307299904049e-02 5.385546819616360628e-03 6.189595630475386301e-03
1.739393939393939492e-01 9.377923654110022905e-03 5.196363775944860298e-03 6.638976479183719172e-03
1.742424242424242542e-01 9.500161724590125770e-03 6.342778517508610055e-03 7.012669829322696474e-03
1.745454545454545592e-01 9.973901338991880000e-03 5.620250263125018547e-03 5.363330661381922673e-03
1.748484848484848364e-01 9.700919621810018961e-03 6.080288548085222705e-03 5.625518066446357456e-03
1.751515151515151414e-01 7.720654855434877853e-03 6.839157091451815960e-03 5.031126006073947249e-03
1.754545454545454464e-01 8.069740358282754752e-03 6.432139192090867430e-03 5.592279217495481174e-03
1.757575757575757514e-01 1.023509731796212047e-02 5.925243759052462554e-03 5.363307235192723253e-03
1.760606060606060563e-01 9.540706832300953344e-03 5.263437640972009127e-03 5.925819145893301484e-03
1.763636363636363613e-01 9.636864411441818309e-03 5.626270560597060148e-03 5.391484790365603033e-03
1.766666666666666663e-01 7.845563535647474135e-03 5.627103216510291953e-03 5.111714240614503857e-03
1.769696969696969713e-01 8.838368686563775542e-03 6.339735684163229530e-03 5.607687504013589633e-03
1.772727272727272763e-01 7.491241806268639572e-03 5.397128580663038654e-03 5.717690902665461573e-03
1.775757575757575812e-01 7.720212260346731754e-03 5.878091237989747919e-03 5.259004709492524909e-03
1.778787878787878862e-01 7.957339122042952906e-03 5.951134099529724157e-03 5.643370142096889794e-03
1.781818181818181912e-01 9.024020048268924232e-03 5.318914856021523738e-03 6.512910429764560104e-03
1.784848484848484962e-01 7.010603067312329122e-03 4.964909330493439028e-03 5.506900206831085581e-03
1.787878787878788012e-01 8.025702794721006894e-03 4.452956092900341167e-03 5.130559857974836824e-03
1.790909090909090784e-01 7.211655081613711424e-03 5.146289056743284622e-03 5.118690516830974244e-03
1.793939393939393834e-01 6.708626032224096307e-03 5.229361198754164247e-03 4.334883881667713108e-03
1.796969696969696884e-01 7.212716569706778373e-03 4.723720824956952405e-03 5.663403466096261427e-03
1.799999999999999933e-01 7.675254989843201606e-03 4.566548306993952963e-03 4.775070785821866094e-03
1.803030303030302983e-01 7.686540921296627915e-03 5.163386838666489398e-03 4.668728386395703221e-03
1.806060606060606033e-01 7.914935980162055365e-03 4.263554899153638826e-03 5.424977401564113656e-03
1.809090909090909083e-01 7.441382891071295601e-03 4.566846300868683539e-03 4.716446719613403595e-03
1.812121212121212133e-01 6.594641252086229539e-03 4.752641007858444955e-03 4.514481586251159473e-03
1.815151515151515182e-01 7.609856087284612609e-03 4.707309998926834278e-03 5.206121940530133128e-03
1.818181818181818232e-01 5.993721473445466456e-03 4.000802085017228851e-03 4.289781799286611179e-03
1.821212121212121282e-01 6.505971887918125460e-03 4.583796647546971130e-03 4.619198534984073241e-03
1.824242424242424332e-01 6.442329672927597436e-03 4.643143075819160595e-03 4.582973069751065769e-03
1.827272727272727382e-01 7.610604198444508202e-03 3.926804660516101768e-03 5.232169803925100157e-03
1.830303030303030432e-01 7.382492893146885490e-03 4.054541766228519049e-03 4.607595240912677748e-03
1.833333333333333204e-01 6.362083492615392202e-03 4.021224264508954996e-03 4.485285039085808688e-03
1.836363636363636254e-01 7.430833120037685056e-03 4.623316571866567699e-03 4.660060776396019247e-03
1.839393939393939303e-01 6.321597461883994573e-03 3.827338309562097318e-03 4.439857441287144157e-03
1.842424242424242353e-01 6.321171005042650753e-03 4.010427614969271255e-03 4.150818281874638777e-03
1.845454545454545403e-01 5.549168336617242916e-03 4.984646555239995169e-03 4.275186708465801913e-03
1.848484848484848453e-01 5.246189671559885886e-03 4.226182888589970037e-03 4.156147112232585865e-03
1.851515151515151503e-01 5.258827490299497823e-03 4.047540480296243394e-03 4.217569189027675462e-03
1.854545454545454553e-01 4.978937525137706877e-03 3.809321432169081399e-03 4.111348643889243051e-03
1.857575757575757602e-01 5.604836145104348001e-03 4.040975006758954977e-03 3.646660742196973070e-03
1.860606060606060652e-01 6.233731975171730860e-03 3.874336166572220352e-03 3.601706913074086483e-03
1.863636363636363702e-01 5.355235333269998260e-03 3.797374399730677006e-03 3.684086360574795761e-03
1.866666666666666752e-01 5.575774373543201934e-03 3.859750214900975820e-03 3.503128708912567855e-03
1.869696969696969802e-01 6.019232171404515809e-03 3.843437779827117273e-03 3.918389967313510094e-03
1.872727272727272851e-01 6.196845463742227215e-03 3.475079868541413111e-03 3.574860368645737217e-03
1.875757575757575624e-01 5.785567731265149269e-03 3.735645944421951779e-03 4.102196823355707192e-03
1.878787878787878673e-01 5.391157451590433171e-03 3.593798421509446749e-03 3.347564908281593088e-03
1.881818181818181723e-01 5.369199527227220929e-03 3.393185548103339142e-03 3.403732250956512540e-03
1.884848484848484773e-01 5.605793064442027643e-03 3.694574569568153007e-03 3.610493739574625709e-03
1.887878787878787823e-01 4.660067050306542294e-03 3.588528192584002248e-03 3.275200965940400395e-03
1.890909090909090873e-01 4.988203854275359735e-03 2.740071965838056841e-03 3.121835347693423853e-03
1.893939393939393923e-01 5.227634231298850832e-03 3.095677201476565703e-03 3.931717162241867881e-03
1.896969696969696972e-01 4.393167805934260206e-03 3.119338065283894755e-03 3.629373548690944216e-03
1.900000000000000022e-01 4.337011987128756331e-03 2.935835889855436219e-03 3.518234674112389465e-03
1.903030303030303072e-01 5.008888437972704513e-03 2.904937026337089858e-03 3.443146949862651868e-03
1.906060606060606122e-01 4.781623922011942959e-03 2.637594423366199353e-03 3.333094637618397738e-03
1.909090909090909172e-01 4.270996580902743436e-03 3.078728116024305808e-03 3.457429319183937672e-03
1.912121212121212221e-01 4.224745590636517362e-03 3.092417866274644982e-03 3.222080145243959651e-03
1.915151515151515271e-01 4.879482626000061773e-03 2.710537657847645557e-03 2.808198439333102914e-03
1.918181818181818044e-01 4.323621079674128120e-03 3.049695371391763967e-03 3.288561096563473972e-03
1.921212121212121093e-01 4.847829311038719634e-03 2.753859092438530783e-03 3.094695965954391732e-03
1.924242424242424143e-01 4.856849934129573929e-03 2.627296922792111272e-03 2.814165267635495779e-03
1.927272727272727193e-01 4.674202974537755746e-03 2.758360375818176991e-03 3.269139292072926941e-03
1.930303030303030243e-01 5.034351045795287111e-03 2.829843172034342356e-03 2.942569382514997021e-03
1.933333333333333293e-01 4.461721907029614700e-03 3.028661419527931692e-03 3.339976996589052310e-03
1.936363636363636342e-01 4.718070752144175491e-03 2.707277776110040939e-03 2.719497370466485587e-03
1.939393939393939392e-01 4.267903109916242749e-03 2.953472329625659188e-03 2.789742682404360019e-03
1.942424242424242442e-01 4.492863171759521254e-03 2.746695522436426971e-03 2.846387944223412268e-03
1.945454545454545492e-01 4.543940434977224163e-03 2.955088787566010483e-03 2.876017851850629775e-03
1.948484848484848542e-01 3.816882514137466282e-03 2.905218777087852609e-03 2.587046393564101411e-03
1.951515151515151592e-01 3.661181232371545080e-03 2.602160175919749317e-03 2.707252637928243919e-03
1.954545454545454641e-01 3.822867316254811160e-03 2.340948251663749983e-03 2.512337611446610695e-03
1.957575757575757691e-01 4.311272975848060018e-03 2.372614708581151539e-03 2.775005871227176433e-03
1.960606060606060741e-01 4.116686798999761795e-03 2.105063845622347218e-03 3.289617075225327158e-03
1.963636363636363513e-01 4.212177679325342615e-03 2.423608085167250695e-03 2.604380990301653504e-03
1.966666666666666563e-01 3.002103683880229679e-03 2.580878501906875427e-03 2.435321734850100749e-03
1.969696969696969613e-01 3.380528302847539412e-03 2.582611528066357416e-03 2.787192377640696026e-03
1.972727272727272663e-01 3.572574760220739460e-03 2.132679999242915146e-03 2.199961475057703088e-03
1.975757575757575712e-01 3.955587345383846515e-03 2.293212399226699210e-03 2.760595446032376200e-03
1.978787878787878762e-01 2.891380466388281979e-03 2.307898837270195083e-03 2.134352650476531096e-03
1.981818181818181812e-01 3.406729950849360020e-03 2.330241105196596916e-03 2.223546263706058582e-03
1.984848484848484862e-01 2.629232457162484094e-03 2.019835698998445270e-03 2.491608500753932001e-03
1.987878787878787912e-01 3.044469516363027158e-03 2.080531248511974934e-03 2.255118013292142960e-03
1.990909090909090962e-01 3.082966788022050309e-03 1.762706057052978829e-03 2.340367230894464454e-03
1.993939393939394011e-01 3.058249733397688363e-03 2.188402825095496582e-03 2.306651460435799571e-03
1.996969696969697061e-01 2.862674493368633222e-03 2.046779765140372808e-03 2.624170149004292733e-03
2.000000000000000111e-01 3.273665543203312881e-03 1.718433260992640156e-03 2.294545954357311325e-03
2.003030303030303161e-01 2.650614393888562313e-03 2.047429964518670577e-03 2.258994518820995560e-03
2.006060606060605933e-01 3.035559455561566942e-03 2.123320279550928568e-03 2.032602049868283654e-03
2.009090909090908983e-01 2.988125267085446971e-03 1.922324539387107022e-03 2.297503280999788327e-03
2.012121212121212033e-01 3.030442108620925567e-03 1.989275745282245191e-03 2.319977682219121016e-03
2.015151515151515083e-01 2.828144378792634295e-03 1.825665197985108096e-03 2.355510935450125243e-03
2.018181818181818132e-01 2.916158450533906047e-03 1.990444549352420826e-03 2.313417391546483941e-03
2.021212121212121182e-01 2.917220547501874015e-03 1.826584415857439867e-03 2.083481730522337809e-03
2.024242424242424232e-01 2.702954202054005071e-03 2.055792315673466829e-03 2.237878984204925460e-03
2.027272727272727282e-01 2.750239556512244082e-03 1.715848031831512539e-03 1.904139003525654600e-03
2.030303030303030332e-01 2.925370306809292435e-03 1.509619191508227484e-03 1.836214309316801198e-03
2.033333333333333381e-01 3.028071089824281928e-03 1.819173371850652584e-03 2.317632347715335717e-03
2.036363636363636431e-01 2.457067560668664552e-03 1.721840826028163927e-03 2.371161598967849813e-03
2.039393939393939481e-01 2.194034351059159262e-03 1.479539628741634912e-03 1.984780705542434597e-03
2.042424242424242531e-01 2.649673566992995048e-03 1.573551885699393240e-03 2.067336407185707374e-03
2.045454545454545581e-01 2.359529567257784548e-03 1.831569710733558284e-03 2.282673006546409936e-03
2.048484848484848353e-01 2.646516509261294826e-03 1.374077944363757357e-03 1.806703394816633812e-03
2.051515151515151403e-01 2.254685430867113885e-03 1.723908252523326159e-03 2.113198972292732163e-03
2.054545454545454453e-01 2.695556591036959385e-03 1.415734706698869002e-03 1.927162841454142100e-03
2.057575757575757502e-01 2.415792725452469737e-03 1.459601724407304148e-03 1.528216064954338775e-03
2.060606060606060552e-01 2.194477486584295225e-03 1.515320163414303695e-03 1.817598257612041204e-03
2.063636363636363602e-01 1.869701007478147313e-03 1.414498994223134737e-03 1.767893681533466797e-03
2.066666666666666652e-01 2.387997544671751054e-03 1.351729051663429692e-03 1.544599717081493158e-03
2.069696969696969702e-01 2.449576184306708534e-03 1.265044700731329623e-03 1.980705396320277083e-03
2.072727272727272751e-01 2.109474805895112434e-03 1.489527884073335844e-03 1.719687101312232817e-03
2.075757575757575801e-01 1.972514593181882818e-03 1.205828056191282031e-03 1.775568028423745934e-03
2.078787878787878851e-01 2.241422436579670711e-03 1.566465095573371441e-03 1.607400122151973580e-03
2.081818181818181901e-01 2.259878621233824686e-03 1.331200115027052818e-03 1.328624551945083642e-03
2.084848484848484951e-01 2.016516147791618235e-03 1.516978192128054992e-03 1.343811075059359430e-03
2.087878787878788001e-01 2.575486218897588952e-03 1.306319124769412914e-03 1.843615225895832042e-03
2.090909090909090773e-01 2.132499786297434655e-03 1.348658056282040852e-03 1.754633961749783779e-03
2.093939393939393823e-01 1.978123542380673828e-03 1.286572730929754155e-03 1.711390135136174736e-03
2.096969696969696872e-01 2.120766531621214989e-03 1.275749567227204727e-03 1.397857072806345550e-03
2.099999999999999922e-01 2.205992304897328674e-03 1.375649564921626461e-03 1.364946192235824609e-03
2.103030303030302972e-01 2.209245787305323672e-03 1.442554375093586805e-03 1.379534817782368267e-03
2.106060606060606022e-01 2.086797106530804188e-03 1.181716602031408639e-03 1.638282827023347611e-03
2.109090909090909072e-01 2.301549874266281288e-03 1.240863630667812063e-03 1.503708521805621583e-03
2.112121212121212122e-01 1.857872294445693951e-03 1.164884231113382266e-03 1.345534086587988308e-03
2.115151515151515171e-01 1.783191964048136836e-03 1.267964592749251922e-03 1.331757564747942458e-03
2.118181818181818221e-01 2.150145616918059614e-03 1.099412679181371866e-03 1.420756170418493352e-03
2.121212121212121271e-01 1.873439865685749394e-03 1.156321110539983935e-03 1.533612844451263642e-03
2.124242424242424321e-01 2.190022399415020391e-03 1.148322416694581198e-03 1.650040199040402403e-03
2.127272727272727371e-01 1.440721086825667591e-03 1.007722094936668944e-03 1.391648608206375775e-03
2.130303030303030420e-01 1.743724107056500699e-03 1.061692669899298508e-03 1.425048588764109671e-03
2.133333333333333470e-01 1.739712241011907076e-03 1.119282123245993795e-03 1.269494121955691340e-03
2.136363636363636243e-01 1.882457147350928475e-03 9.742437790261641774e-04 1.352856094286785998e-03
2.139393939393939292e-01 1.703150597376624576e-03 9.333630108148332832e-04 1.344088927904439927e-03
2.142424242424242342e-01 1.806692966945792466e-03 1.045582849055788112e-03 1.544299316493296043e-03
2.145454545454545392e-01 1.432679034337890674e-03 9.692954799839705472e-04 1.323714718329852989e-03
2.148484848484848442e-01 1.659825568570535244e-03 1.041545062592513695e-03 1.168757587425434119e-03
2.151515151515151492e-01 1.436941823055911576e-03 1.040804813492419902e-03 1.510035708514763635e-03
2.154545454545454541e-01 1.509676911085058902e-03 1.069108655751011688e-03 1.254748333837864228e-03
2.157575757575757591e-01 1.580713239186262676e-03 8.866294259808256981e-04 1.272398268757544103e-03
2.160606060606060641e-01 1.344861360377019172e-03 9.026856158825753750e-04 1.141704957300253070e-03
2.163636363636363691e-01 1.428988536118164362e-03 9.489575957055393146e-04 1.190178958430623563e-03
2.166666666666666741e-01 1.268766548525514454e-03 9.905023400067639386e-04 1.232382561012716933e-03
2.169696969696969790e-01 1.334716640677573174e-03 9.372455912095412458e-04 9.720860402976137056e-04
2.172727272727272840e-01 1.453765945722346881e-03 9.468004773800870952e-04 1.281523809733659371e-03
2.175757575757575890e-01 1.202583317926347265e-03 8.780664805247673753e-04 1.227018586482546414e-03
2.178787878787878662e-01 1.447879314813569100e-03 9.882925347370098701e-04 1.286721097622777268e-03
2.181818181818181712e-01 1.658588229258714996e-03 9.506516533448964700e-04 1.032445341434489947e-03
2.184848484848484762e-01 1.361505212295072631e-03 8.626457269018766817e-04 1.018745801604094454e-03
2.187878787878787812e-01 1.437836443460068642e-03 9.296510806513327060e-04 1.203432875600874514e-03
2.190909090909090862e-01 1.506675137699675735e-03 8.844437986887045307e-04 1.129760812748262407e-03
2.193939393939393911e-01 1.470729052435958617e-03 8.262542539823401581e-04 1.063675431445619719e-03
2.196969696969696961e-01 1.214535487309476502e-03 8.796947472356061656e-04 1.009432580960532930e-03
2.200000000000000011e-01 1.437806406117313413e-03 7.085701168446147677e-04 1.144481066280546517e-03
2.203030303030303061e-01 1.430238799768916800e-03 7.909716397712080295e-04 1.086117953659283212e-03
2.206060606060606111e-01 1.194827824151586688e-03 7.797692414019019753e-04 1.052602384201106397e-03
2.209090909090909161e-01 1.242041544585908855e-03 7.153232414002827066e-04 1.267144336650217898e-03
2.212121212121212210e-01 1.160997682341748626e-03 8.019638175415467682e-04 9.657820040053664498e-04
2.215151515151515260e-01 1.354290509977631703e-03 8.843859551747615616e-04 9.041073924771061759e-04
2.218181818181818310e-01 1.523080174874739913e-03 7.282204444345127554e-04 1.071198889050688739e-03
2.221212121212121082e-01 1.296122346493038934e-03 7.683357357485147204e-04 9.924054240096648587e-04
2.224242424242424132e-01 1.178496705192880667e-03 7.632976309006867487e-04 9.830796107430444467e-04
2.227272727272727182e-01 1.207635408556657127e-03 7.469079458606325437e-04 1.087931244088813712e-03
2.230303030303030232e-01 9.837111344858328037e-04 7.928933036619649575e-04 9.912657170204105649e-04
2.233333333333333282e-01 1.226669497572156547e-03 7.243014861020351464e-04 9.236962936842656006e-04
2.236363636363636331e-01 1.008950067494055912e-03 7.524216894990940754e-04 9.251418668210119800e-04
2.239393939393939381e-01 1.090923300690985502e-03 6.853595098223774253e-04 9.152564712541213718e-04
2.242424242424242431e-01 9.903604613684278621e-04 6.939512266866304556e-04 9.089918029325647813e-04
2.245454545454545481e-01 9.958675297105877827e-04 7.701549994071713858e-04 9.158135375468482017e-04
2.248484848484848531e-01 1.005500502862107740e-03 7.518366251439352914e-04 9.109496320096902239e-04
2.251515151515151580e-01 9.996191286248004657e-04 6.045865748216021568e-04 9.063541725680802170e-04
2.254545454545454630e-01 1.074926889503960642e-03 6.732697801082466581e-04 8.197350096232638127e-04
2.257575757575757680e-01 9.736400067036913219e-04 5.982031468940789912e-04 7.640838336930778256e-04
2.260606060606060730e-01 1.008712094337778408e-03 5.597174456076630137e-04 8.656545624840337322e-04
2.263636363636363502e-01 8.946044760437665963e-04 6.665946972322127828e-04 8.200626319811721299e-04
2.266666666666666552e-01 1.023824511161103247e-03 6.973789063674515950e-04 7.778436914587576146e-04
2.269696969696969602e-01 9.970817433252274643e-04 6.136156341990223716e-04 7.340138760458972227e-04
2.272727272727272652e-01 1.003128243604966977e-03 5.696611744629828580e-04 6.560087135326073734e-04
2.275757575757575701e-01 9.037985622611533626e-04 6.210688018977518791e-04 6.429084661043098572e-04
2.278787878787878751e-01 9.666752341432743867e-04 6.311918100934843946e-04 7.010950700992008532e-04
2.281818181818181801e-01 8.722181593470647483e-04 5.590048352008879316e-04 7.148364709850215434e-04
2.284848484848484851e-01 8.539554851890974411e-04 5.557425368194280138e-04 7.461178117904858787e-04
2.287878787878787901e-01 1.121096542538252850e-03 5.077398610360584234e-04 6.689387205391503699e-04
2.290909090909090950e-01 9.446775562322672721e-04 5.018797980087071802e-04 7.012059205666610869e-04
2.293939393939394000e-01 9.289869703800883753e-04 5.497823756391104905e-04 8.854957778093843152e-04
2.296969696969697050e-01 9.077310116403072620e-04 4.865706212612439180e-04 7.452224587129657523e-04
2.300000000000000100e-01 9.448610766847813196e-04 5.584428532804840617e-04 7.154168813527542019e-04
2.303030303030303150e-01 8.170233480377679311e-04 5.024986663700096133e-04 6.623324199208262611e-04
2.306060606060605922e-01 8.698696055951881485e-04 4.956402147628639508e-04 6.662978193272331689e-04
2.309090909090908972e-01 9.329778385886740690e-04 5.578937621507304998e-04 7.469173127361717485e-04
2.312121212121212022e-01 8.846217606483552150e-04 6.446363617400948818e-04 6.711078614761921369e-04
2.315151515151515071e-01 8.647820607247412366e-04 5.535391835012291048e-04 5.832241068947834148e-04
2.318181818181818121e-01 8.955162622968711357e-04 5.121142437659108142e-04 7.538434304104546990e-04
2.321212121212121171e-01 8.024989720056242230e-04 5.621427388404308520e-04 7.285461783072258099e-04
2.324242424242424221e-01 9.852633357331943946e-04 5.017757047210670779e-04 6.269949252606795646e-04
2.327272727272727271e-01 7.639025422146437407e-04 5.737293997132958097e-04 6.548486208357869433e-04
2.330303030303030321e-01 8.925569144942738968e-04 5.268647310982697493e-04 6.445922725554833208e-04
2.333333333333333370e-01 8.543963156542005825e-04 5.003025780282579571e-04 7.996673604083422756e-04
2.336363636363636420e-01 6.725630894237543626e-04 4.681765128506350042e-04 7.507091584765757325e-04
2.339393939393939470e-01 8.451079197538481679e-04 4.752910782008571669e-04 6.681840587213424025e-04
2.342424242424242520e-01 7.130283244616172867e-04 4.260198073576663730e-04 6.543287965592328812e-04
2.345454545454545570e-01 8.341235985680917758e-04 4.069159957212585815e-04 7.282824622052894679e-04
2.348484848484848619e-01 6.874447609705112679e-04 4.462256744017320683e-04 6.521694009692820520e-04
2.351515151515151392e-01 6.715786042247246564e-04 4.140261216430790830e-04 5.750133589028443796e-04
2.354545454545454441e-01 7.452702035767408851e-04 3.810893238875393842e-04 6.490697089872319355e-04
2.357575757575757491e-01 6.970102441847734987e-04 4.013483594546842187e-04 5.866004864537233869e-04
2.360606060606060541e-01 6.548353029767138003e-04 4.213611247730928789e-04 6.234528397253011551e-04
2.363636363636363591e-01 6.791464392425719402e-04 4.501442457062714963e-04 6.431837376502513989e-04
2.366666666666666641e-01 7.585833356646858906e-04 4.261551047720005389e-04 6.152871888510522613e-04
2.369696969696969691e-01 6.011343059585435699e-04 4.628337704186782941e-04 5.272865171827921093e-04
2.372727272727272740e-01 6.037701746833080757e-04 4.500004562526460574e-04 6.958537311320463648e-04
2.375757575757575790e-01 6.719276407647685077e-04 4.314400638644330047e-04 5.643999672744415752e-04
2.378787878787878840e-01 6.290365637513760117e-04 4.340893772916148041e-04 5.426721255528467762e-04
2.381818181818181890e-01 6.256821888856823949e-04 4.001675374234298066e-04 6.498479926673319607e-04
2.384848484848484940e-01 6.630605414351642109e-04 4.139029339083399395e-04 6.711732469932247614e-04
2.387878787878787989e-01 5.973359274774371359e-04 4.239399018902316268e-04 5.953554495064374919e-04
2.390909090909091039e-01 7.140967540569385279e-04 4.264273931550057860e-04 6.506447227190052199e-04
2.393939393939393812e-01 6.765439799658042952e-04 3.860480631962126411e-04 6.603129262021611122e-04
2.396969696969696861e-01 7.201107709086181259e-04 4.715122874700054226e-04 5.884460172567044850e-04
2.399999999999999911e-01 5.906092159627895043e-04 4.209984388303114004e-04 5.903373518843101249e-04
2.403030303030302961e-01 5.974111011901693654e-04 3.455832184548709475e-04 5.318910037491749549e-04
2.406060606060606011e-01 6.427428497691266675e-04 3.795060163209559205e-04 6.060449823283731857e-04
2.409090909090909061e-01 6.080582831903940657e-04 3.744967955030214070e-04 5.862216778907716709e-04
2.412121212121212110e-01 7.148127915070384046e-04 4.316749513910217917e-04 5.635067478817147504e-04
2.415151515151515160e-01 6.612839700851558993e-04 4.204306937809843339e-04 5.087842613863814787e-04
2.418181818181818210e-01 6.266424836550741695e-04 3.686441796356267975e-04 5.678623522234017363e-04
2.421212121212121260e-01 5.317386624421181112e-04 3.595148103371159989e-04 5.659917201513184164e-04
2.424242424242424310e-01 5.608301713930222880e-04 4.172462996379471814e-04 5.353240778532273366e-04
2.427272727272727360e-01 6.900174096561078815e-04 3.598532480633957645e-04 5.639862132623135607e-04
2.430303030303030409e-01 6.415654966880766008e-04 3.781116968471632915e-04 4.686460342747387803e-04
2.433333333333333459e-01 6.865065162798594973e-04 3.750227180760360530e-04 6.334762204940608396e-04
2.436363636363636231e-01 5.487776205791390421e-04 3.603652758332369171e-04 5.109077857325674491e-04
2.439393939393939281e-01 6.386743312369237311e-04 3.992854762440383289e-04 4.935646641492087662e-04
2.442424242424242331e-01 6.138475082832099477e-04 4.076024965265997481e-04 4.600415290960372283e-04
2.445454545454545381e-01 5.628522830692893331e-04 4.263538428083070604e-04 5.149235288300296016e-04
2.448484848484848431e-01 5.975769838699950768e-04 3.556982262068336415e-04 5.236926151335573451e-04
2.451515151515151480e-01 6.186253584071050270e-04 3.931817193105429753e-04 5.213345770655359061e-04
2.454545454545454530e-01 5.355212216866338509e-04 4.013563800368480849e-04 5.523781011263043409e-04
2.457575757575757580e-01 5.986179791680680973e-04 4.165170075770459075e-04 4.780074924681581780e-04
2.460606060606060630e-01 6.658623860450095739e-04 3.037612961362008961e-04 4.117880500639121174e-04
2.463636363636363680e-01 6.854379366590052439e-04 2.683079477872641087e-04 4.866929417277913918e-04
2.466666666666666730e-01 6.532352854544754353e-04 4.017694889308958870e-04 4.763827448390305888e-04
2.469696969696969779e-01 6.053320142220804199e-04 4.112807013013703079e-04 4.647046393605255973e-04
2.472727272727272829e-01 5.950965850013825503e-04 3.650193328802927304e-04 5.499687718779582143e-04
2.475757575757575879e-01 5.767363753246758547e-04 3.764419834964469170e-04 6.566839947269956798e-04
2.478787878787878651e-01 5.807064710678841966e-04 3.796119766738926074e-04 4.903985595350754617e-04
2.481818181818181701e-01 5.922322338993045920e-04 3.756535668634744985e-04 5.314521247553544506e-04
2.484848484848484751e-01 5.918093453484944829e-04 3.562294767622117483e-04 5.418617055622066770e-04
2.487878787878787801e-01 5.094814430790045806e-04 3.926417516066492571e-04 4.545589201642225214e-04
2.490909090909090851e-01 5.170640763963702631e-04 3.303012328515124527e-04 5.087841048941555084e-04
2.493939393939393900e-01 5.660919222705813143e-04 3.279158624329910911e-04 4.212588730367827707e-04
2.496969696969696950e-01 5.737969023517673151e-04 3.976668537443415227e-04 5.554356545103337995e-04
