# f, Suu, Svv, Sww
0.000000000000000000e+00 3.372685240166999054e-02 5.378262205591046764e-03 4.539536502476041076e-03
3.030303030303030300e-04 9.671394263722243867e-01 1.802893936650918072e-01 1.054472614415156856e-01
6.060606060606060601e-04 9.045874012462394864e-01 1.898356844112641661e-01 1.064231603671824816e-01
9.090909090909090901e-04 9.333990547162164253e-01 1.194866215055767483e-01 7.704263975518461927e-02
1.212121212121212120e-03 1.000851816354644930e+00 1.495284003429236952e-01 9.622396417461610840e-02
1.515151515151515150e-03 8.712764167606311672e-01 1.363778700848752579e-01 9.936236159945524560e-02
1.818181818181818180e-03 9.650030459663702098e-01 1.365409891263304476e-01 1.078899279838418240e-01
2.121212121212121427e-03 7.894519935786545872e-01 1.510205553706479575e-01 7.940482603293629038e-02
2.424242424242424240e-03 8.081299629613264424e-01 1.151882731017885297e-01 7.711008171412794820e-02
2.727272727272727487e-03 8.042900086428724782e-01 1.396708586207158209e-01 1.016679312756180453e-01
3.030303030303030300e-03 7.700562652863900404e-01 1.295102077142486763e-01 8.861783089924114842e-02
3.333333333333333547e-03 7.518635765571474172e-01 1.252935587541004481e-01 8.550554299480636611e-02
3.636363636363636360e-03 1.005494874235954628e+00 2.507178349055418365e-01 1.140929798492260200e-01
3.939393939393939607e-03 1.184684249326219962e+00 2.888839366838399925e-01 1.095633422664276518e-01
4.242424242424242854e-03 1.182375177987559756e+00 1.420565662886128233e-01 9.099132951267635550e-02
4.545454545454545234e-03 1.113120524652503107e+00 1.544513958255928632e-01 1.106497270682775397e-01
4.848484848484848481e-03 8.006122792064720439e-01 1.627909440590107615e-01 9.230639296356606127e-02
5.151515151515151728e-03 8.714264641294040548e-01 1.763715452475057566e-01 9.702082272021245180e-02
5.454545454545454974e-03 1.066741196143519588e+00 1.689093454781031844e-01 9.742882904836108748e-02
5.757575757575757354e-03 7.922326161091872709e-01 1.416378034574452549e-01 9.632836439029301978e-02
6.060606060606060601e-03 9.210165482722657559e-01 1.566219470399032865e-01 9.112032562089004972e-02
6.363636363636363848e-03 7.805127476617778060e-01 1.370236692095531672e-01 9.186645390350800522e-02
6.666666666666667095e-03 7.089884117168273603e-01 1.152040345068183341e-01 8.853547043261769667e-02
6.969696969696969474e-03 7.077759285600691008e-01 1.632321003286779371e-01 9.562769793212901048e-02
7.272727272727272721e-03 6.654405514216276130e-01 2.340510851207073251e-01 1.224980781238581007e-01
7.575757575757575968e-03 8.492047023091167102e-01 2.195584924954468165e-01 8.933343021593964650e-02
7.878787878787879215e-03 6.846260007970840222e-01 1.463947642776208813e-01 9.180161058816120601e-02
8.181818181818182462e-03 7.818840912724160930e-01 2.026869627175313382e-01 1.031464436341486962e-01
8.484848484848485708e-03 7.518038730717898632e-01 1.472887783385340155e-01 1.060158084945051760e-01
8.787878787878787221e-03 9.624099934311177718e-01 1.424066995902454891e-01 9.369041235594882666e-02
9.090909090909090468e-03 6.785305436157913483e-01 1.498982785302263865e-01 1.080369735830478961e-01
9.393939393939393714e-03 7.151075603680621118e-01 1.241276102941856890e-01 9.770637953970945366e-02
9.696969696969696961e-03 8.081175978159543805e-01 1.971595789970767010e-01 1.104638621229577788e-01
1.000000000000000021e-02 6.650351999504583445e-01 1.742750624148010907e-01 9.121945924171272202e-02
1.030303030303030346e-02 7.881361900887542404e-01 1.486856759278687712e-01 9.967471160466115365e-02
1.060606060606060670e-02 6.497933057367705212e-01 1.535273989976334019e-01 9.353884360534663045e-02
1.090909090909090995e-02 6.862205929783914415e-01 2.482175442977960500e-01 9.742211234178271839e-02
1.121212121212121146e-02 7.443082201028557998e-01 2.299923821266292023e-01 1.010512618766199189e-01
1.151515151515151471e-02 7.020486391342674048e-01 2.689503142110701295e-01 1.056947754496402603e-01
1.181818181818181795e-02 7.048582515601259368e-01 2.925672398795477469e-01 9.905732894415618384e-02
1.212121212121212120e-02 5.750681965387260952e-01 2.201480277156102894e-01 9.954292064978724486e-02
1.242424242424242445e-02 7.196979337072544336e-01 2.155194541003802311e-01 1.158301264243497136e-01
1.272727272727272770e-02 7.576464000047007374e-01 2.080916559768700991e-01 9.766338340308475252e-02
1.303030303030303094e-02 6.537390730217901291e-01 1.610064202619946316e-01 8.161821563375054600e-02
1.333333333333333419e-02 7.805914983239843341e-01 1.765739694336463661e-01 1.038223512572816476e-01
1.363636363636363570e-02 5.686748070288820678e-01 1.453902075238910074e-01 8.781364948281403238e-02
1.393939393939393895e-02 5.678480680681008419e-01 1.186089815681830445e-01 7.491499700519139993e-02
1.424242424242424220e-02 5.887687903579943427e-01 1.289146300277319857e-01 1.037421210583533426e-01
1.454545454545454544e-02 7.638620805596560981e-01 1.545081426998886898e-01 9.800440665747729707e-02
1.484848484848484869e-02 6.249621523741765161e-01 2.665019216755076248e-01 9.519261984874488602e-02
1.515151515151515194e-02 5.969718817177965819e-01 2.055748622848294349e-01 1.026812476611807662e-01
1.545454545454545518e-02 6.032578127382549615e-01 1.865945533625035235e-01 9.684103597031862298e-02
1.575757575757575843e-02 5.609684132909376064e-01 1.787578260387919504e-01 9.399109393331341045e-02
1.606060606060605994e-02 5.681767158997969025e-01 1.893470249937757310e-01 9.414287805236017104e-02
1.636363636363636492e-02 6.218132348243693430e-01 2.230022035984951800e-01 1.068883361229350515e-01
1.666666666666666644e-02 6.109638406734860805e-01 1.514481423256898440e-01 9.676485004530506473e-02
1.696969696969697142e-02 5.213896553504322462e-01 1.809354323476088100e-01 1.007434765327887283e-01
1.727272727272727293e-02 5.876033224671378674e-01 1.569182411951206280e-01 1.061778396855498768e-01
1.757575757575757444e-02 6.640011251579259755e-01 1.699773160437140773e-01 1.198298889076369611e-01
1.787878787878787942e-02 6.031885168060914237e-01 1.801337176664916662e-01 9.138270848814654401e-02
1.818181818181818094e-02 6.535204870548350087e-01 2.313016018988739153e-01 9.367880185085979139e-02
1.848484848484848592e-02 5.974214230702916684e-01 1.479488175129455851e-01 9.382597368187033104e-02
1.878787878787878743e-02 5.441215628285013262e-01 2.203192549661739386e-01 8.973323528056487142e-02
1.909090909090909241e-02 5.028912440297446107e-01 2.152479240680974515e-01 1.025823396691238204e-01
1.939393939393939392e-02 7.804582572812099883e-01 2.102119438718976774e-01 9.800383064597181781e-02
1.969696969696969543e-02 5.544777226494229661e-01 1.931273214791299764e-01 9.324086657179939119e-02
2.000000000000000042e-02 5.515595927070429116e-01 2.120799106969443737e-01 7.656776879701704397e-02
2.030303030303030193e-02 5.504378359184379788e-01 1.774850077703881979e-01 9.857911371977511050e-02
2.060606060606060691e-02 5.392667557523161959e-01 1.683208607297216608e-01 1.040349926578490736e-01
2.090909090909090842e-02 4.756984466136956469e-01 1.703645077727615198e-01 1.049146042777322624e-01
2.121212121212121340e-02 6.058395109768821563e-01 1.560452616788728375e-01 9.700630372360190268e-02
2.151515151515151492e-02 4.563025005217560270e-01 1.443591694070809062e-01 8.712112863324456002e-02
2.181818181818181990e-02 5.066964220739936797e-01 1.695123350396858242e-01 1.115303413407148225e-01
2.212121212121212141e-02 5.112385319400406525e-01 1.902474667250158291e-01 1.101059564382767392e-01
2.242424242424242292e-02 5.241116595160161262e-01 1.808347720875224940e-01 1.215842258650064039e-01
2.272727272727272790e-02 4.984166619998602332e-01 1.789784255044642169e-01 8.704329569956840984e-02
2.303030303030302942e-02 4.376817278672291978e-01 1.945331574202634195e-01 9.036883550185448311e-02
2.333333333333333440e-02 5.464387248036646216e-01 1.825850691891787725e-01 1.060214886128623551e-01
2.363636363636363591e-02 5.396406861037990055e-01 1.844182673872599432e-01 9.168211518154863182e-02
2.393939393939394089e-02 5.133052784410089275e-01 2.054329014392009822e-01 8.900499193821838351e-02
2.424242424242424240e-02 5.790660922175878689e-01 2.101954996128696240e-01 9.843072436066156727e-02
2.454545454545454392e-02 4.285331151479518930e-01 2.016637757384425744e-01 8.989813118928553781e-02
2.484848484848484890e-02 4.479598346100749362e-01 1.656412647972158037e-01 9.444253305515121211e-02
2.515151515151515041e-02 4.519083641328963119e-01 1.842890563973818563e-01 9.339138969258516110e-02
2.545454545454545539e-02 5.528889227341420298e-01 1.781454835767888600e-01 1.039360804644928749e-01
2.575757575757575690e-02 5.287839593581995512e-01 2.351254093082648655e-01 1.158779386065438427e-01
2.606060606060606188e-02 5.337859848858491629e-01 2.035701962618733651e-01 1.168011834265322985e-01
2.636363636363636340e-02 6.265420847050459097e-01 2.060064186268793784e-01 1.044472888414139100e-01
2.666666666666666838e-02 4.469916556683448672e-01 1.633861460799438670e-01 8.210275272771863642e-02
2.696969696969696989e-02 4.537678811388743960e-01 1.864666536968992150e-01 1.152775031893401025e-01
2.727272727272727140e-02 5.490376153709540796e-01 2.325547706710366092e-01 9.595286400951301420e-02
2.757575757575757638e-02 4.792168071940198226e-01 1.933367667262768375e-01 9.869517574418702754e-02
2.787878787878787790e-02 4.864595300925845800e-01 1.842923517554040658e-01 1.116108108740031246e-01
2.818181818181818288e-02 4.425218333798218717e-01 2.414741723332053391e-01 9.890705072450166335e-02
2.848484848484848439e-02 4.109027889270633338e-01 2.202459301770298139e-01 9.103771538854434076e-02
2.878787878787878937e-02 4.417559812263674446e-01 1.743863748568514338e-01 8.729484522156988335e-02
2.909090909090909088e-02 5.069492217201935214e-01 1.639049299969679296e-01 8.984219008887270319e-02
2.939393939393939240e-02 4.785645361013033949e-01 1.861456529926238390e-01 9.563657190915704487e-02
2.969696969696969738e-02 4.526541515150404593e-01 1.846769468078785226e-01 8.616803952859153348e-02
2.999999999999999889e-02 5.281029326567510118e-01 1.901413214316116651e-01 8.684047942247873075e-02
3.030303030303030387e-02 4.238616837966361905e-01 2.090557883626592006e-01 1.041943854766175237e-01
3.060606060606060538e-02 4.690533380599873903e-01 1.705860722457193390e-01 1.018904800727459259e-01
3.090909090909091037e-02 5.208277764164587209e-01 1.771792448587856394e-01 8.542072046651691397e-02
3.121212121212121188e-02 5.150549131247328383e-01 1.735156124608256689e-01 1.144639000987999200e-01
3.151515151515151686e-02 5.052441258385736989e-01 1.532118504137683357e-01 1.009571108095701358e-01
3.181818181818181490e-02 4.652101735442567554e-01 1.736042118493899278e-01 9.540461580456952029e-02
3.212121212121211988e-02 5.171145882974302888e-01 1.894196993816798513e-01 1.229506618920121752e-01
3.242424242424242486e-02 4.318429714174562006e-01 2.009075160341400046e-01 8.707644008755348330e-02
3.272727272727272985e-02 5.280322815877834808e-01 1.764493757953922992e-01 1.078279633739749332e-01
3.303030303030302789e-02 4.582053787440352188e-01 1.989462378576355162e-01 1.100131807975310433e-01
3.333333333333333287e-02 4.069797726819281425e-01 1.782433884844429606e-01 1.081658549108999862e-01
3.363636363636363785e-02 4.235116356658516490e-01 1.986835026296336071e-01 1.089258476880929360e-01
3.393939393939394283e-02 4.073081643997242818e-01 1.902669835202296655e-01 7.914425689692192178e-02
3.424242424242424088e-02 4.303513924009154112e-01 1.723820515647577489e-01 1.023127128271405506e-01
3.454545454545454586e-02 3.797898301977094548e-01 1.807284741717615772e-01 9.001791205592674094e-02
3.484848484848485084e-02 3.530316155121163701e-01 1.807987249050838630e-01 9.067377395403243556e-02
3.515151515151514888e-02 4.330197849073957328e-01 1.631343595150783476e-01 8.931097617612619721e-02
3.545454545454545386e-02 4.995482944405513215e-01 2.313525213449171281e-01 1.153903552576340669e-01
3.575757575757575885e-02 4.441568702113252720e-01 2.371853450044894840e-01 1.127081866140536154e-01
3.606060606060606383e-02 3.559922800417242295e-01 1.606680743909477127e-01 9.855670744927658156e-02
3.636363636363636187e-02 4.239531318218143774e-01 2.126132911794239022e-01 8.653856928554649885e-02
3.666666666666666685e-02 3.879459472084349492e-01 1.559003301399571606e-01 9.104130185902455097e-02
3.696969696969697183e-02 4.206558349751616799e-01 1.973276612423147114e-01 1.090508798882866281e-01
3.727272727272726988e-02 4.863389257309259084e-01 1.836064196685956718e-01 1.146375408896012082e-01
3.757575757575757486e-02 3.447732956792043946e-01 1.607422199847654831e-01 8.920609888493019612e-02
3.787878787878787984e-02 3.295547353806619340e-01 1.230280120675956851e-01 1.003360430339741705e-01
3.818181818181818482e-02 4.132026829058063067e-01 1.624135616936625004e-01 1.030644595297327826e-01
3.848484848484848286e-02 3.969179693936319975e-01 1.479788085663913400e-01 9.504878142113430683e-02
3.878787878787878785e-02 3.530561420433633857e-01 1.805067653022502661e-01 9.259654512160118978e-02
3.909090909090909283e-02 4.099254562860881190e-01 1.363159356141295242e-01 9.428860168497885108e-02
3.939393939393939087e-02 3.368543848788256301e-01 1.410371731206676027e-01 1.085489375857327105e-01
3.969696969696969585e-02 3.768882780194330873e-01 1.613879498764284603e-01 8.885456536283990736e-02
4.000000000000000083e-02 3.695396435750774589e-01 1.798473598915393268e-01 8.283455782652630883e-02
4.030303030303030581e-02 3.245698194820134663e-01 1.510565903679185751e-01 1.016175137334891510e-01
4.060606060606060386e-02 3.721276525373224398e-01 1.445863753889543302e-01 1.010411453982097696e-01
4.090909090909090884e-02 3.320097648756825670e-01 2.058182592186482696e-01 8.781095650004004660e-02
4.121212121212121382e-02 4.596033329928417288e-01 1.666627267747504693e-01 1.033830938332857136e-01
4.151515151515151186e-02 3.555334559355796675e-01 1.830728942252309588e-01 8.990089917477002424e-02
4.181818181818181684e-02 3.266202926774065540e-01 1.277424643363858081e-01 7.419403337740622384e-02
4.212121212121212183e-02 3.246224634050118296e-01 1.563150424682748507e-01 8.469955258069518378e-02
4.242424242424242681e-02 3.146036714762706632e-01 1.522005820345520011e-01 8.427628048034412067e-02
4.272727272727272485e-02 4.208647161177596074e-01 1.595229493479923544e-01 7.906272601211403184e-02
4.303030303030302983e-02 3.736705655328972364e-01 1.967141166732448709e-01 9.440320945000200969e-02
4.333333333333333481e-02 3.651046479138268519e-01 1.598672723457279232e-01 1.012686842112647395e-01
4.363636363636363980e-02 3.436759632072569071e-01 1.859682591657242923e-01 1.020861296474598057e-01
4.393939393939393784e-02 3.283552862975598341e-01 1.581950492333121239e-01 9.560089295662235753e-02
4.424242424242424282e-02 3.319051609400859304e-01 1.509386321669841935e-01 1.105691099890792756e-01
4.454545454545454780e-02 3.399021228026121721e-01 1.815366238523996034e-01 1.136914605758879010e-01
4.484848484848484584e-02 3.883190559168661626e-01 1.846786951987193781e-01 1.057703827313141998e-01
4.515151515151515083e-02 3.365852493558949554e-01 1.502567027655577203e-01 1.019012627944785171e-01
4.545454545454545581e-02 4.053380138504801278e-01 1.621777898605317458e-01 8.908340245509138722e-02
4.575757575757576079e-02 3.618352521894806495e-01 1.856130116290163612e-01 9.172218215296483457e-02
4.606060606060605883e-02 3.584160776161230411e-01 1.604484285658945020e-01 1.027231077115067226e-01
4.636363636363636381e-02 3.494603738999547127e-01 1.457714447453531126e-01 9.018886314128761461e-02
4.666666666666666879e-02 3.419300180829570324e-01 1.622090003368572564e-01 8.144580134673000404e-02
4.696969696969696684e-02 2.977239275784632766e-01 1.814359380143642231e-01 8.884107713986294508e-02
4.727272727272727182e-02 3.543307217124934683e-01 1.561918845842776848e-01 1.073129885585732829e-01
4.757575757575757680e-02 3.398606601821869133e-01 1.366199525544518900e-01 9.090424167207498962e-02
4.787878787878788178e-02 3.246541282027982089e-01 1.815266172305820547e-01 7.750797993112958084e-02
4.818181818181817982e-02 2.774629960244531790e-01 1.655157143420855070e-01 8.516216489670068446e-02
4.848484848484848481e-02 3.059261226653395283e-01 1.583075939030933188e-01 9.260821488106638077e-02
4.878787878787878979e-02 3.016284874553339934e-01 1.336708328437897220e-01 8.731335225845401893e-02
4.909090909090908783e-02 3.325616356330918233e-01 1.802709513275325415e-01 7.947003455829255991e-02
4.939393939393939281e-02 2.938646054466833579e-01 1.741887103446616847e-01 9.535488685025805822e-02
4.969696969696969779e-02 2.675263866038347094e-01 1.594130725998875175e-01 9.037505614487771621e-02
5.000000000000000278e-02 3.616060670847402458e-01 1.555820768543265398e-01 9.374874072911364153e-02
5.030303030303030082e-02 2.753677920012629898e-01 1.351853496770021035e-01 8.020727261671600772e-02
5.060606060606060580e-02 3.349674885844655670e-01 1.596782692115020774e-01 8.161997990430151784e-02
5.090909090909091078e-02 3.078720074166479415e-01 1.840311751897244219e-01 1.049809580701226014e-01
5.121212121212120882e-02 2.858571751475277312e-01 1.465385959461970589e-01 9.499446241428158300e-02
5.151515151515151381e-02 3.291373322737261020e-01 1.801895088022961999e-01 7.808599743115431091e-02
5.181818181818181879e-02 3.111209097635417309e-01 1.399979236903736712e-01 9.263127721983056839e-02
5.212121212121212377e-02 2.687842879809729801e-01 1.643655355926383621e-01 8.104336572361461877e-02
5.242424242424242181e-02 2.912978184644971491e-01 1.753129945714756444e-01 7.878879063521393444e-02
5.272727272727272679e-02 3.381362933203322929e-01 1.689040388479177979e-01 9.695530543197383722e-02
5.303030303030303177e-02 2.899013932336895194e-01 2.202201930988799961e-01 8.785097481570469657e-02
5.333333333333333676e-02 2.946869075012647499e-01 2.143878371305843189e-01 8.487727571502032275e-02
5.363636363636363480e-02 2.735502448281477150e-01 1.391397151907207697e-01 8.301058852398718324e-02
5.393939393939393978e-02 2.865411759315020235e-01 1.665209976491611454e-01 6.854862469597752805e-02
5.424242424242424476e-02 2.571077048472616977e-01 1.302488231532969165e-01 7.907458521345203661e-02
5.454545454545454281e-02 3.280891442551339687e-01 1.326253871610965640e-01 9.740540067500423616e-02
5.484848484848484779e-02 2.835045347488415191e-01 1.311168993188266962e-01 8.032869931588071388e-02
5.515151515151515277e-02 2.604835719136194272e-01 1.187428338814374984e-01 9.175099433045279251e-02
5.545454545454545775e-02 3.139913490947260355e-01 1.438918729236778604e-01 9.284974931278969223e-02
5.575757575757575579e-02 2.667214343283058064e-01 1.638484695261632207e-01 8.089069570545773247e-02
5.606060606060606077e-02 2.704801741283353045e-01 1.290871730608668111e-01 6.934693202946877466e-02
5.636363636363636576e-02 2.741940613485183698e-01 1.529811091307080873e-01 8.926825804194153668e-02
5.666666666666666380e-02 2.599833962947415977e-01 1.397468138915871350e-01 7.771722439862419063e-02
5.696969696969696878e-02 3.067501374499339573e-01 1.209457716709580882e-01 9.206521271084028291e-02
5.727272727272727376e-02 2.884673776948393775e-01 1.390302136901736818e-01 7.247570950915747934e-02
5.757575757575757874e-02 3.425556753059604276e-01 1.359000131596800331e-01 7.868748984249898659e-02
5.787878787878787679e-02 2.708387757922630090e-01 1.435180474861230127e-01 1.070116371885853207e-01
5.818181818181818177e-02 2.869152218059574100e-01 1.320373303324801073e-01 8.905676294066382226e-02
5.848484848484848675e-02 2.552592232779654080e-01 1.337160512953829428e-01 7.400820517443508495e-02
5.878787878787878479e-02 2.547540112817652247e-01 1.242565220663500308e-01 6.652446825912455841e-02
5.909090909090908977e-02 2.731433644114099057e-01 1.511336142140880245e-01 8.482814082587609994e-02
5.939393939393939476e-02 2.307540658798090671e-01 1.336202813101891873e-01 7.881389673243545391e-02
5.969696969696969974e-02 2.338566787783177003e-01 1.163877385702806605e-01 7.765212396392769112e-02
5.999999999999999778e-02 2.654084042124370546e-01 1.237309235854496536e-01 7.813825295008423877e-02
6.030303030303030276e-02 2.611608400238172312e-01 1.262092346802554388e-01 7.603095861702900693e-02
6.060606060606060774e-02 2.930947626390147387e-01 1.363794598756897236e-01 9.173758749485116937e-02
6.090909090909090579e-02 2.629542652770773814e-01 1.231709645684360421e-01 6.111871185391307831e-02
6.121212121212121077e-02 2.650889877998973687e-01 1.384611851352814949e-01 7.219004035250160822e-02
6.151515151515151575e-02 1.970786374149825215e-01 1.468209254977859701e-01 7.470854548800916206e-02
6.181818181818182073e-02 2.706869797897323848e-01 1.243682874110667858e-01 7.273919574395883159e-02
6.212121212121211877e-02 2.664523655880075559e-01 1.346872321494732017e-01 8.339970943447537477e-02
6.242424242424242375e-02 2.629038260648954850e-01 1.027753177108765709e-01 7.589547758677613054e-02
6.272727272727272874e-02 2.420804944886172094e-01 1.127066474718669414e-01 7.119589385505847856e-02
6.303030303030303372e-02 2.582909090636633653e-01 1.111279132222228461e-01 9.520476435285353534e-02
6.333333333333333870e-02 2.180315578815616440e-01 1.083672495699428834e-01 7.563161642441385002e-02
6.363636363636362980e-02 2.322546193243549273e-01 1.327396038657726041e-01 6.971027656823987340e-02
6.393939393939393478e-02 2.934952101033197480e-01 1.385228353537268642e-01 1.023284580045412673e-01
6.424242424242423977e-02 2.425037971702599104e-01 1.376071775664895469e-01 8.652776798245986889e-02
6.454545454545454475e-02 2.465895697812642839e-01 1.327452189019253659e-01 7.800417890693304990e-02
6.484848484848484973e-02 2.329770939235137617e-01 1.185393030757554145e-01 5.688652076985586253e-02
6.515151515151515471e-02 2.569480369363526528e-01 1.369918678074794616e-01 7.731883601702192743e-02
6.545454545454545969e-02 2.596255024845918746e-01 1.222208898786272396e-01 7.185541595524388980e-02
6.575757575757575080e-02 2.136177072926878917e-01 1.403161769744502296e-01 7.640897462564190390e-02
6.606060606060605578e-02 2.161172797199330253e-01 1.446412374643772925e-01 7.685286521156833861e-02
6.636363636363636076e-02 2.073843766119819187e-01 1.331830970445723461e-01 7.615384288463243612e-02
6.666666666666666574e-02 2.189387273463011541e-01 1.219188707275235678e-01 8.391830370844981235e-02
6.696969696969697072e-02 1.960419349088599605e-01 1.468625636889896446e-01 7.307846383948653213e-02
6.727272727272727570e-02 2.121285914231345049e-01 1.293378795657349201e-01 6.754468135172678189e-02
6.757575757575758069e-02 2.291168847524774621e-01 1.051626533609917036e-01 7.040415879358269402e-02
6.787878787878788567e-02 2.375763912604979267e-01 1.098950624240026125e-01 7.204138686290287308e-02
6.818181818181817677e-02 1.956824958064763142e-01 1.158379341229715254e-01 7.777131819501373333e-02
6.848484848484848175e-02 2.488628274671292051e-01 1.244962637340059908e-01 7.107274496235364836e-02
6.878787878787878673e-02 2.266889255866340880e-01 1.337101747726537615e-01 7.541648218384604252e-02
6.909090909090909172e-02 1.956744622650389009e-01 1.216903824715405286e-01 7.555439733603379338e-02
6.939393939393939670e-02 2.102207094959073763e-01 1.190357988329364264e-01 7.054803029643033629e-02
6.969696969696970168e-02 1.825705909396494186e-01 1.191943823479313797e-01 8.368421516309350328e-02
7.000000000000000666e-02 2.092518604638365642e-01 1.296870742872824334e-01 7.284431804260235732e-02
7.030303030303029777e-02 2.038845259716421388e-01 1.152221840029027111e-01 7.240890669978682082e-02
7.060606060606060275e-02 1.946006978325238446e-01 1.175051085187189814e-01 7.740614345378732386e-02
7.090909090909090773e-02 1.914973778120359904e-01 1.214473038032375524e-01 7.035251625978453105e-02
7.121212121212121271e-02 1.908466409133968700e-01 9.449388406614811498e-02 6.559866890082610702e-02
7.151515151515151769e-02 1.758748575662460734e-01 1.169835635333628110e-01 6.583546019958426421e-02
7.181818181818182267e-02 1.699287005007837636e-01 1.357358126844233903e-01 6.462157299573345615e-02
7.212121212121212765e-02 1.832494267352010320e-01 1.447609413786069832e-01 8.007271898208173644e-02
7.242424242424241876e-02 2.087173677384658588e-01 1.266232612564509863e-01 7.144728170259394273e-02
7.272727272727272374e-02 2.159306003312304045e-01 1.201097805591493511e-01 6.414856033030640059e-02
7.303030303030302872e-02 2.236104123136033461e-01 1.138314722593057188e-01 7.699390146692354497e-02
7.333333333333333370e-02 1.904754243175745543e-01 9.655268677231886032e-02 6.992459266025161102e-02
7.363636363636363869e-02 2.035413191181367210e-01 1.015696242321723342e-01 6.128439606731463790e-02
7.393939393939394367e-02 1.705032440967496898e-01 1.335642028741706178e-01 6.849473262669869555e-02
7.424242424242424865e-02 1.749479774354002759e-01 1.077595708467704028e-01 6.425936573076322655e-02
7.454545454545453975e-02 1.712163884073653886e-01 1.035337417393796394e-01 5.982657163673679723e-02
7.484848484848484473e-02 1.713660113394903373e-01 1.004211798727414479e-01 6.111104455952394432e-02
7.515151515151514972e-02 1.836651239655229806e-01 8.551568370259197971e-02 6.811022895826340795e-02
7.545454545454545470e-02 1.749168270928295188e-01 9.768209591542824366e-02 6.141653733190653719e-02
7.575757575757575968e-02 1.774561773095819917e-01 1.242796343361169953e-01 8.028308476627440959e-02
7.606060606060606466e-02 1.774678266424311313e-01 1.158037233042333303e-01 7.464057052661535185e-02
7.636363636363636964e-02 1.852270193093356609e-01 1.099878417948863679e-01 6.583938859399794674e-02
7.666666666666666075e-02 1.768341440428858324e-01 9.902081732988732288e-02 5.674320107179629119e-02
7.696969696969696573e-02 1.806137490610118801e-01 1.199832345490711855e-01 6.512083143963497134e-02
7.727272727272727071e-02 1.753828257898899234e-01 9.123299160191078450e-02 5.296117762324151906e-02
7.757575757575757569e-02 1.839158306169962342e-01 9.414158900697729149e-02 6.025815711172476802e-02
7.787878787878788067e-02 1.922576073320287626e-01 1.064657800099315377e-01 6.806717264278547286e-02
7.818181818181818565e-02 1.749692753800508038e-01 1.149353456317856598e-01 7.352885048594209882e-02
7.848484848484849064e-02 1.768743730279600801e-01 1.079501126202546818e-01 5.878581522010140753e-02
7.878787878787878174e-02 1.574405382931034492e-01 8.675933561310467113e-02 6.439554880624288880e-02
7.909090909090908672e-02 1.738162206645486041e-01 8.137898234929157038e-02 5.771184107077076408e-02
7.939393939393939170e-02 1.698837372970140036e-01 9.978923092371692893e-02 5.966884339334044274e-02
7.969696969696969668e-02 1.995867314404448090e-01 1.016906937020860269e-01 6.461159817588678356e-02
8.000000000000000167e-02 1.532415372740706105e-01 9.190737826313498393e-02 5.744409821974885699e-02
8.030303030303030665e-02 1.756660358934926391e-01 9.881495011553152741e-02 5.485009300214585548e-02
8.060606060606061163e-02 1.603425060431812321e-01 9.925705032816437012e-02 6.228805503283509071e-02
8.090909090909090273e-02 1.650045132382923496e-01 8.024066409376459652e-02 6.078400425502659271e-02
8.121212121212120771e-02 1.630440454171810105e-01 8.892947899489737906e-02 7.148780365527462877e-02
8.151515151515151270e-02 1.338968648829409192e-01 9.678639811001835125e-02 5.536028619870478340e-02
8.181818181818181768e-02 1.611581064762816762e-01 9.785877506239969159e-02 5.936165758269570936e-02
8.212121212121212266e-02 1.505133098912032341e-01 8.997216878022164244e-02 5.297854984216103513e-02
8.242424242424242764e-02 1.714627927356132397e-01 7.786112083381925564e-02 5.491528797115959731e-02
8.272727272727273262e-02 1.456963173560168190e-01 8.376841072856423820e-02 4.580511719538378490e-02
8.303030303030302373e-02 1.430728410697540698e-01 9.899582662827412227e-02 5.279168898184698894e-02
8.333333333333332871e-02 1.539811040551467003e-01 8.572868919053294734e-02 5.760627695948931926e-02
8.363636363636363369e-02 1.417905346380101961e-01 8.124582710682701214e-02 5.151803813084967348e-02
8.393939393939393867e-02 1.445763107702134342e-01 8.274065247937464895e-02 5.225538380376823500e-02
8.424242424242424365e-02 1.694167071839928762e-01 9.266046611217462758e-02 6.496631882757207543e-02
8.454545454545454863e-02 1.600921294924525506e-01 9.448520222165965321e-02 4.925697638090311553e-02
8.484848484848485362e-02 1.622241409194030703e-01 8.904232873123713032e-02 6.201457488188883566e-02
8.515151515151514472e-02 1.127456462103986895e-01 7.942838899955007026e-02 5.135572073481015770e-02
8.545454545454544970e-02 1.259527969804190017e-01 8.543878395144385851e-02 5.865896036748246417e-02
8.575757575757575468e-02 1.353239189636587791e-01 8.135838225720148920e-02 5.324095181816277528e-02
8.606060606060605966e-02 1.367175420681887021e-01 1.125617558150667913e-01 5.206255114542818196e-02
8.636363636363636465e-02 1.465314856617296602e-01 7.596994304855268776e-02 6.514647854606184230e-02
8.666666666666666963e-02 1.282767435681362311e-01 8.627822766632554929e-02 5.432492185093768661e-02
8.696969696969697461e-02 1.622528427645952565e-01 7.824304453657730807e-02 6.624958806652733734e-02
8.727272727272727959e-02 1.367947375137355537e-01 7.370300855224601322e-02 5.119691183139895435e-02
8.757575757575757069e-02 1.463878567264110808e-01 6.849854775012491348e-02 5.277868687476554299e-02
8.787878787878787568e-02 1.249748802875027265e-01 7.076383454062516731e-02 5.151586674061841425e-02
8.818181818181818066e-02 1.371299665323863493e-01 7.809647451397011553e-02 4.999648594524643691e-02
8.848484848484848564e-02 1.331927346483683383e-01 6.920466105715966654e-02 5.923213083266153783e-02
8.878787878787879062e-02 1.223123351147434590e-01 7.198454850713803532e-02 4.742072905261295740e-02
8.909090909090909560e-02 1.286746068520557007e-01 8.260147464045049237e-02 5.028308518007434252e-02
8.939393939393940058e-02 1.178297497387509191e-01 7.681711801420264274e-02 4.816378603829965521e-02
8.969696969696969169e-02 1.264623892612487810e-01 7.839758520791441365e-02 4.436115104191343250e-02
8.999999999999999667e-02 1.198949206467376377e-01 7.948322054464787567e-02 5.023354477961303188e-02
9.030303030303030165e-02 1.254622315632635543e-01 8.860133905632348872e-02 4.997998830730897291e-02
9.060606060606060663e-02 1.413258154951949064e-01 7.068366020090552371e-02 5.778216117752556918e-02
9.090909090909091161e-02 1.313735477547127717e-01 7.441778693574520320e-02 4.584676853250815171e-02
9.121212121212121660e-02 1.183416129267183536e-01 7.108688587438025119e-02 5.301488572478701977e-02
9.151515151515152158e-02 1.256635128694167380e-01 7.452266017427654210e-02 5.220563507638512069e-02
9.181818181818181268e-02 1.056156733670707282e-01 6.559873928918559527e-02 4.238938121072081955e-02
9.212121212121211766e-02 1.297565544254864200e-01 6.826309782449072050e-02 5.080638351282566745e-02
9.242424242424242264e-02 1.352077136575851879e-01 7.014481929904549384e-02 4.593464563751758351e-02
9.272727272727272763e-02 1.178728381497211042e-01 8.357522997594336867e-02 4.374336821871253195e-02
9.303030303030303261e-02 1.137849579337669031e-01 6.993636960742477537e-02 4.832975760829872486e-02
9.333333333333333759e-02 1.100936860519524801e-01 6.205657495803896390e-02 3.917655634758866051e-02
9.363636363636364257e-02 1.096894354607630545e-01 8.050573037739074123e-02 4.384225177714905913e-02
9.393939393939393367e-02 1.201029850995846554e-01 7.509088859686567641e-02 4.166485530476688598e-02
9.424242424242423866e-02 1.097979117840980623e-01 6.338786852720164344e-02 4.390448365394657854e-02
9.454545454545454364e-02 1.125758131430284331e-01 6.936862036658671127e-02 3.584510756132260056e-02
9.484848484848484862e-02 1.102660750443399673e-01 5.954697766966719069e-02 3.567223539813412642e-02
9.515151515151515360e-02 1.209828330504481020e-01 6.917900221546113837e-02 3.583723283305344232e-02
9.545454545454545858e-02 1.190734119169465921e-01 7.069213423446489564e-02 3.712763824962005826e-02
9.575757575757576356e-02 1.170006491290683376e-01 6.722775575372090529e-02 3.709096020505611019e-02
9.606060606060605467e-02 9.400524171720900379e-02 6.315834990393418003e-02 4.440885245577153723e-02
9.636363636363635965e-02 1.180292000299607708e-01 6.476834257955413343e-02 4.605347900346472984e-02
9.666666666666666463e-02 1.024500288182023100e-01 6.358185922194575790e-02 4.766470318754135321e-02
9.696969696969696961e-02 1.250584010513055844e-01 5.905451145035586075e-02 4.492807387156307758e-02
9.727272727272727459e-02 1.083032055346813127e-01 6.359025938938153710e-02 5.201510851638040805e-02
9.757575757575757958e-02 1.067372365390631128e-01 6.585448902285878647e-02 4.994091291518171216e-02
9.787878787878788456e-02 1.207773127098002303e-01 5.829548727231381039e-02 4.709408637320005447e-02
9.818181818181817566e-02 1.022531648738580629e-01 5.421460508528546524e-02 4.438344751215587969e-02
9.848484848484848064e-02 9.292799180381532131e-02 5.478550350934387886e-02 3.728445396079682617e-02
9.878787878787878562e-02 8.708738779737915103e-02 5.768842740842630018e-02 4.126900399573172479e-02
9.909090909090909061e-02 1.034305830794463171e-01 6.426337113938741796e-02 3.982823024956719249e-02
9.939393939393939559e-02 1.039003369680623901e-01 6.230661104026203462e-02 4.151020054280554761e-02
9.969696969696970057e-02 1.006730113319277975e-01 6.008197988694874425e-02 3.922170517274510548e-02
1.000000000000000056e-01 9.862564474823189153e-02 7.237974287485425540e-02 4.474161533389308526e-02
1.003030303030302967e-01 1.027700563318316579e-01 5.710596053819920470e-02 3.721129423552374527e-02
1.006060606060606016e-01 1.176515256189064607e-01 5.138682473113791865e-02 3.900381578258298870e-02
1.009090909090909066e-01 9.464367145098809275e-02 6.210592054319242356e-02 4.146843688778147075e-02
1.012121212121212116e-01 9.347329041075348732e-02 6.893304688176404849e-02 3.497000241371763657e-02
1.015151515151515166e-01 9.110747667864871335e-02 5.721049334468980563e-02 3.581753366961176743e-02
1.018181818181818216e-01 7.781580386177079645e-02 6.442947244256699846e-02 4.127540506587068503e-02
1.021212121212121265e-01 8.578510646176155940e-02 5.615866262247466711e-02 3.536903046865139816e-02
1.024242424242424176e-01 7.678718791020698597e-02 5.579074339545168904e-02 4.133382891123239117e-02
1.027272727272727226e-01 8.242612380068120581e-02 5.868394100569723770e-02 3.566408403911007496e-02
1.030303030303030276e-01 8.620467986112161085e-02 5.642572184082503273e-02 3.565588119111436777e-02
1.033333333333333326e-01 9.609435824917728075e-02 6.064353671091201464e-02 3.619692326010513772e-02
1.036363636363636376e-01 8.248524549948857421e-02 5.232810067970909695e-02 4.247909544678972471e-02
1.039393939393939426e-01 8.592347511028622375e-02 5.698862733128010755e-02 4.185243258747205208e-02
1.042424242424242475e-01 9.398799295434830114e-02 5.629642092183656521e-02 4.071289982197500573e-02
1.045454545454545386e-01 1.017733286381283797e-01 5.696920699164417096e-02 3.477247014518047852e-02
1.048484848484848436e-01 8.747501152703372751e-02 6.079441707480526952e-02 3.512942932013980724e-02
1.051515151515151486e-01 7.706639021027418546e-02 4.455864947599556120e-02 3.304883800340630007e-02
1.054545454545454536e-01 9.909323829106315984e-02 5.467207749721684357e-02 3.413321780077223366e-02
1.057575757575757586e-01 8.753892745587968371e-02 5.298585752907255392e-02 3.884978799482009110e-02
1.060606060606060635e-01 8.566932085720545265e-02 4.852060103417506209e-02 3.242349385456148869e-02
1.063636363636363685e-01 7.718658710978450188e-02 5.719679399349785615e-02 3.466923255438754403e-02
1.066666666666666735e-01 7.601255514043296635e-02 5.144601175732799181e-02 3.366160474616180370e-02
1.069696969696969646e-01 6.093611953479566301e-02 5.052011551962239111e-02 3.508748654398177041e-02
1.072727272727272696e-01 8.537826132622573783e-02 4.488522510825729284e-02 3.064993787058463773e-02
1.075757575757575746e-01 9.415320668823465300e-02 4.681930552276968721e-02 3.480903656142927266e-02
1.078787878787878796e-01 7.973535588305423472e-02 4.104605531717864242e-02 3.310740240122646283e-02
1.081818181818181845e-01 6.550843717290623369e-02 4.221719830769086329e-02 2.935351849028145638e-02
1.084848484848484895e-01 8.605797328452668982e-02 4.397165977274229004e-02 3.151713196410858842e-02
1.087878787878787945e-01 7.309581242116816591e-02 4.065049400272561370e-02 3.143414959244471285e-02
1.090909090909090856e-01 8.125561021008555207e-02 4.944016332929297708e-02 2.982456161384711146e-02
1.093939393939393906e-01 7.992443576395086291e-02 4.099355974144616721e-02 3.139893409516785611e-02
1.096969696969696956e-01 6.656866111086620630e-02 3.710825554837361012e-02 2.948712859152941360e-02
1.100000000000000006e-01 7.322610341816114532e-02 4.429993714083352990e-02 3.037164934296872690e-02
1.103030303030303055e-01 6.246053667327364223e-02 4.715165887720589033e-02 3.343871548561169749e-02
1.106060606060606105e-01 7.390937628428641271e-02 4.626954681288027865e-02 3.212672215707670920e-02
1.109090909090909155e-01 6.934355301326904086e-02 5.110674602983573955e-02 2.689686085596477982e-02
1.112121212121212066e-01 6.647593957684658217e-02 3.674802597323095776e-02 2.951475684564107069e-02
1.115151515151515116e-01 6.023825171274901913e-02 4.605576501553785423e-02 3.063667383442858494e-02
1.118181818181818166e-01 6.029116628772267228e-02 5.070983162055384130e-02 3.149064616612708839e-02
1.121212121212121215e-01 6.905995505066604701e-02 4.249711915510925170e-02 2.302468085536432674e-02
1.124242424242424265e-01 5.425023816181846759e-02 3.798852159360684849e-02 2.764863838027876650e-02
1.127272727272727315e-01 6.281424907064415974e-02 4.191831100602786547e-02 2.500382755719402286e-02
1.130303030303030365e-01 6.082960855118178106e-02 3.862044361109295137e-02 2.602369286167934004e-02
1.133333333333333276e-01 6.696404010316081568e-02 3.491233027377031034e-02 2.737194712908960423e-02
1.136363636363636326e-01 6.903211991726182495e-02 3.472320450212777743e-02 2.549702716912831402e-02
1.139393939393939376e-01 7.299895396362875155e-02 3.814547405445934541e-02 3.041219535202199439e-02
1.142424242424242425e-01 6.195909265691949136e-02 3.825236865844902634e-02 2.644305492386722981e-02
1.145454545454545475e-01 6.000281494366915130e-02 3.471231496763971247e-02 2.751213237424464733e-02
1.148484848484848525e-01 5.567265619418027695e-02 3.177120945892659282e-02 2.352902344191929243e-02
1.151515151515151575e-01 6.293185307941766282e-02 3.220702747472251742e-02 3.410245449788067151e-02
1.154545454545454486e-01 7.021755248969169250e-02 3.180643070459947264e-02 2.728323642628800380e-02
1.157575757575757536e-01 5.563817556499903866e-02 3.683657904569725278e-02 2.311715772012732512e-02
1.160606060606060586e-01 6.068215091531047739e-02 3.906939852366553972e-02 2.923599204835111015e-02
1.163636363636363635e-01 5.556620919997252300e-02 3.828721815612111390e-02 2.371741450931979037e-02
1.166666666666666685e-01 5.813123723365907353e-02 3.572718339231775037e-02 3.102871563030048033e-02
1.169696969696969735e-01 5.394520298572354905e-02 3.767053540564874181e-02 2.754112282543329931e-02
1.172727272727272785e-01 5.102203385593018226e-02 3.692083362102000638e-02 3.012090039966134128e-02
1.175757575757575696e-01 5.725293389609199812e-02 3.420572857777706699e-02 2.445119310717413369e-02
1.178787878787878746e-01 5.855222332399378365e-02 3.115753376987003345e-02 2.460770041097548946e-02
1.181818181818181795e-01 5.693869255334726293e-02 3.285678574769321236e-02 2.295179194357064786e-02
1.184848484848484845e-01 6.235387421259795671e-02 3.439771561730077531e-02 2.617866819070805567e-02
1.187878787878787895e-01 5.184930357859040412e-02 2.986375923106055624e-02 2.835713687059100013e-02
1.190909090909090945e-01 4.129719099963250623e-02 2.726498228813591801e-02 2.040073184631118267e-02
1.193939393939393995e-01 5.386062757801296508e-02 3.133595689541581603e-02 2.374894657155906738e-02
1.196969696969696906e-01 5.495145446117887661e-02 3.708549824256648225e-02 2.141023637179263750e-02
1.199999999999999956e-01 4.539913655763966327e-02 3.846088775461709713e-02 2.531796840537879623e-02
1.203030303030303005e-01 5.600949722309844780e-02 2.745339797476801375e-02 2.314916653437414443e-02
1.206060606060606055e-01 5.321145099898681036e-02 3.015002273594268381e-02 2.178534277898008104e-02
1.209090909090909105e-01 4.812352140344799273e-02 3.280438277375460204e-02 2.070385078362772802e-02
1.212121212121212155e-01 5.080303626093626151e-02 2.622396904305397680e-02 2.278823909272562759e-02
1.215151515151515205e-01 5.011811800264318745e-02 3.267765853543339039e-02 2.198290531796149444e-02
1.218181818181818116e-01 4.342381155097633366e-02 2.726158443034474785e-02 2.330754877668017588e-02
1.221212121212121166e-01 4.635605459325912309e-02 2.667575587765382353e-02 2.152143572330760674e-02
1.224242424242424215e-01 5.776753356051604615e-02 2.832871190322764840e-02 2.399058699074829368e-02
1.227272727272727265e-01 4.004754455366802551e-02 2.895494482209112763e-02 2.206211778874497126e-02
1.230303030303030315e-01 4.835067212047021445e-02 2.983086323071331911e-02 2.085732425316266098e-02
1.233333333333333365e-01 5.721603274788288063e-02 3.238225773750917635e-02 2.346279377069908356e-02
1.236363636363636415e-01 4.530472861840512816e-02 2.482468021195518779e-02 1.990187684522848333e-02
1.239393939393939326e-01 3.969201007687754579e-02 2.721621310477801217e-02 1.776260025243352192e-02
1.242424242424242375e-01 5.334583379934419028e-02 2.797809633920353423e-02 1.804759722428811788e-02
1.245454545454545425e-01 4.430277921676131075e-02 2.534845309877098093e-02 2.124057265435939229e-02
1.248484848484848475e-01 4.761922431668048211e-02 2.908472603891471345e-02 1.986100307771416010e-02
1.251515151515151525e-01 4.509799040068126347e-02 2.596694067486050514e-02 2.154647398977654893e-02
1.254545454545454575e-01 4.688783812620765656e-02 2.962537182750767106e-02 2.086905628372195953e-02
1.257575757575757625e-01 4.538170577969177777e-02 2.734936544120555521e-02 2.025653525790852005e-02
1.260606060606060674e-01 4.628880438603424907e-02 2.668729567274715289e-02 1.905672576813429234e-02
1.263636363636363724e-01 4.118024854199399398e-02 2.700773935369507259e-02 2.235735079909954501e-02
1.266666666666666774e-01 4.006293148686571048e-02 2.932825183596624377e-02 2.070203280437567586e-02
1.269696969696969824e-01 4.417818140457069331e-02 2.402108281694372710e-02 2.277344010029972929e-02
1.272727272727272596e-01 3.879103389738342011e-02 2.345736039463405809e-02 2.079585717669831316e-02
1.275757575757575646e-01 3.432970618621293546e-02 2.464614649705889823e-02 1.967521033944216735e-02
1.278787878787878696e-01 4.288864415960219612e-02 2.551248834244810096e-02 1.828015797309952631e-02
1.281818181818181746e-01 4.024129964863263492e-02 2.581993465848720845e-02 1.629557410531047579e-02
1.284848484848484795e-01 4.023872193313617757e-02 2.542957368747496283e-02 1.718354583230783175e-02
1.287878787878787845e-01 3.791340955531784240e-02 2.339351338031639416e-02 1.888730899542839792e-02
1.290909090909090895e-01 3.108995686228142180e-02 1.942418513999004739e-02 1.449447708978931874e-02
1.293939393939393945e-01 3.289978843095391764e-02 2.321462982433226616e-02 1.637809064285637717e-02
1.296969696969696995e-01 3.676753224545956100e-02 2.109946013906789999e-02 1.830020558325143668e-02
1.300000000000000044e-01 3.850164221008225279e-02 2.429466255830892152e-02 1.842253977147994756e-02
1.303030303030303094e-01 3.954467714795022182e-02 1.955440256636946372e-02 1.572493203893830446e-02
1.306060606060606144e-01 3.866224093860114869e-02 2.459967528224360489e-02 1.627654726885242181e-02
1.309090909090909194e-01 3.838756811467136654e-02 2.097892788485884383e-02 1.841935755481801870e-02
1.312121212121212244e-01 3.015934648937416973e-02 1.970917161983201313e-02 1.622106274960086539e-02
1.315151515151515016e-01 3.547519305335678635e-02 1.957921569341782367e-02 1.421601831511914299e-02
1.318181818181818066e-01 3.710112776529352063e-02 2.274679118132279937e-02 1.480969900840488525e-02
1.321212121212121116e-01 2.832327622038371268e-02 2.178451597015648375e-02 1.679744958369831787e-02
1.324242424242424165e-01 3.617992981540599923e-02 2.092156447241730333e-02 1.633106540005049151e-02
1.327272727272727215e-01 3.059126367030627278e-02 2.213866682447389669e-02 1.806742543582893698e-02
1.330303030303030265e-01 3.018576516492614895e-02 2.109377436929091298e-02 1.452774787604627776e-02
1.333333333333333315e-01 3.651391735782794773e-02 1.963779152855230081e-02 1.379125531568252579e-02
1.336363636363636365e-01 3.079844671301160478e-02 1.591689629792886196e-02 1.684639384177920654e-02
1.339393939393939414e-01 3.273454585685351553e-02 1.971543194719715605e-02 1.530699939670050400e-02
1.342424242424242464e-01 3.273278239772759585e-02 1.913591512473606510e-02 1.451916521615922995e-02
1.345454545454545514e-01 2.946066479980970210e-02 1.774062684780980392e-02 1.496846512223998227e-02
1.348484848484848564e-01 2.799335951990425397e-02 2.269433189840824525e-02 1.284015838008283929e-02
1.351515151515151614e-01 3.161596481042916462e-02 1.687620302656795204e-02 1.233081480754973612e-02
1.354545454545454664e-01 2.927304079868317532e-02 1.908831697883451445e-02 1.448949014881975410e-02
1.357575757575757713e-01 2.311748114081648917e-02 1.635560962014387040e-02 1.370057625616842752e-02
1.360606060606060486e-01 2.423092451155910848e-02 1.760550831563196389e-02 1.282476451599334072e-02
1.363636363636363535e-01 3.003051546953044992e-02 1.497364878049638193e-02 1.150557273256030445e-02
1.366666666666666585e-01 2.634194069639151856e-02 2.029046948329017025e-02 1.450314074813518865e-02
1.369696969696969635e-01 2.609826513319435035e-02 1.660167532857219699e-02 1.421102362840256060e-02
1.372727272727272685e-01 2.670840776144519507e-02 1.570325438490514924e-02 1.473646108024830384e-02
1.375757575757575735e-01 2.503214337218073737e-02 1.561621762832298907e-02 1.559633168872336800e-02
1.378787878787878785e-01 2.479618163942166886e-02 1.552760756777800920e-02 1.291635224966644624e-02
1.381818181818181834e-01 2.592814814894695702e-02 1.591884016888783782e-02 1.330525728187546830e-02
1.384848484848484884e-01 2.701759242926038071e-02 1.524462806396718016e-02 1.117969663012582590e-02
1.387878787878787934e-01 2.223689820520484070e-02 2.036128313082444241e-02 1.120531212788478462e-02
1.390909090909090984e-01 2.318624427223357071e-02 1.706101419821654669e-02 1.155403685587756690e-02
1.393939393939394034e-01 2.507765224427671580e-02 1.615586868641341600e-02 1.184295867330321765e-02
1.396969696969697083e-01 2.189488662812824962e-02 1.494759792708024587e-02 1.222693590373226565e-02
1.400000000000000133e-01 2.446615001634705813e-02 1.448578175812906266e-02 1.093253299333537577e-02
1.403030303030302905e-01 2.284738168155619684e-02 1.478461155402963946e-02 8.853955717699320271e-03
1.406060606060605955e-01 2.253834209311601430e-02 1.416814856703664006e-02 1.301602287228129790e-02
1.409090909090909005e-01 2.523271291821196222e-02 1.670598849027228258e-02 1.176194706516255420e-02
1.412121212121212055e-01 2.383703072905945380e-02 1.529227548188829763e-02 1.208251925547073474e-02
1.415151515151515105e-01 2.132162990563048893e-02 1.330568859526567484e-02 1.383888881107411643e-02
1.418181818181818155e-01 2.402723654896051289e-02 1.336610918723628305e-02 1.020839549139737970e-02
1.421212121212121204e-01 2.329880660544257978e-02 1.186829712214606050e-02 9.700478872132874825e-03
1.424242424242424254e-01 2.336640966789491070e-02 1.240639224712285389e-02 1.064270873346970063e-02
1.427272727272727304e-01 2.225182589552773121e-02 1.235860810294817785e-02 1.000165438132481072e-02
1.430303030303030354e-01 2.176435832762841152e-02 1.321084821338282950e-02 1.042424260020912222e-02
1.433333333333333404e-01 2.100347596080299681e-02 1.388181719121689070e-02 9.018763691971248483e-03
1.436363636363636453e-01 2.204654487552529241e-02 1.482857344475165505e-02 1.058466934433817050e-02
1.439393939393939503e-01 2.053103594398215936e-02 1.239358486972085872e-02 9.790173532845320922e-03
1.442424242424242553e-01 1.606525419415692768e-02 1.256035102675592992e-02 1.045646102537144649e-02
1.445454545454545325e-01 2.010357198211611823e-02 1.418234482923093863e-02 9.004968404094921067e-03
1.448484848484848375e-01 2.165539892994148771e-02 1.232672196358545851e-02 9.509351638881738400e-03
1.451515151515151425e-01 1.822781614106008807e-02 1.303438226519517719e-02 8.970729279112703639e-03
1.454545454545454475e-01 2.404634979071737164e-02 1.304807938337934625e-02 8.946846509452517984e-03
1.457575757575757525e-01 2.089853554707720579e-02 1.160791322371498673e-02 7.992672517046276598e-03
1.460606060606060574e-01 1.661159567283989821e-02 1.403342881169032316e-02 8.624350351663027936e-03
1.463636363636363624e-01 1.905006539303524815e-02 1.127968278680450097e-02 9.617315096685770046e-03
1.466666666666666674e-01 2.421668074258654518e-02 1.074074783711435020e-02 9.692422775863813317e-03
1.469696969696969724e-01 1.915209079852321986e-02 1.101844219476806434e-02 7.945496965683404578e-03
1.472727272727272774e-01 1.944290571080934879e-02 1.270766651594656092e-02 1.075091092638328846e-02
1.475757575757575824e-01 1.747861909054608531e-02 1.181425646583723552e-02 7.567823767226682791e-03
1.478787878787878873e-01 2.059571428219178144e-02 1.008692688016875685e-02 6.966385753610207510e-03
1.481818181818181923e-01 1.809740694657487048e-02 1.142458107957310467e-02 9.540074466021007324e-03
1.484848484848484973e-01 1.718098772712978173e-02 1.330386701578467785e-02 8.532789029002372377e-03
1.487878787878787745e-01 1.588994363109861446e-02 1.133356213773019372e-02 1.066700288095604951e-02
1.490909090909090795e-01 1.618226098266347529e-02 9.624093480734558295e-03 1.010962951919386170e-02
1.493939393939393845e-01 1.733588177796858282e-02 1.074492655948039270e-02 6.995731268194431765e-03
1.496969696969696895e-01 1.650416309724164754e-02 9.024554791141482790e-03 8.986846681847401180e-03
1.499999999999999944e-01 1.829868502305433825e-02 1.124183593109412578e-02 8.390382678632651858e-03
1.503030303030302994e-01 1.587999296214790204e-02 1.206885459721768888e-02 8.816242634780402029e-03
1.506060606060606044e-01 1.465785202693838281e-02 9.275616828947166534e-03 8.319780819047332271e-03
1.509090909090909094e-01 1.559427865326627055e-02 1.059098954103790229e-02 8.259097046398551634e-03
1.512121212121212144e-01 1.851291027975770012e-02 9.074668427748452254e-03 7.812482911427420448e-03
1.515151515151515194e-01 1.903831572739610178e-02 8.927087994296589724e-03 8.465927407469523228e-03
1.518181818181818243e-01 1.740257303720833815e-02 8.610677176519941634e-03 9.040215727469956553e-03
1.521212121212121293e-01 1.421614145070281866e-02 8.968352689650608070e-03 7.658028420014246357e-03
1.524242424242424343e-01 1.361754879454128535e-02 8.679614695157279389e-03 8.187032295424999037e-03
1.527272727272727393e-01 1.409046538378673497e-02 1.056405898078836315e-02 6.485046423871356804e-03
1.530303030303030165e-01 1.692601978078343838e-02 1.031773714011358437e-02 7.336777707364692050e-03
1.533333333333333215e-01 1.602166340352648849e-02 9.815849031886966780e-03 8.345124692434492328e-03
1.536363636363636265e-01 1.279512892889326028e-02 8.651533762398223859e-03 6.935611078479109876e-03
1.539393939393939315e-01 1.398833639640850203e-02 8.526784312309531461e-03 6.329150628530699242e-03
1.542424242424242364e-01 1.497292186997595427e-02 8.100448924445478177e-03 5.939764473917545987e-03
1.545454545454545414e-01 1.421739227435782696e-02 8.733062649973128908e-03 6.710538421256344310e-03
1.548484848484848464e-01 1.540770150997593929e-02 7.672750122601343890e-03 6.647966855701453216e-03
1.551515151515151514e-01 1.350611588025050006e-02 9.600973573753859153e-03 7.144040026024092542e-03
1.554545454545454564e-01 1.366031503331546250e-02 9.102353812287787907e-03 6.706277270935528424e-03
1.557575757575757613e-01 1.100189638538234989e-02 7.785931503211962826e-03 7.010994106966284348e-03
1.560606060606060663e-01 1.323303916562025909e-02 8.609906611570785837e-03 6.100241892875631240e-03
1.563636363636363713e-01 1.238996908723053771e-02 7.492654667548577681e-03 6.263461787511687487e-03
1.566666666666666763e-01 1.283450062400110468e-02 7.589711443746028491e-03 6.609901876461034449e-03
1.569696969696969813e-01 1.435133800288920791e-02 7.383944653118988503e-03 6.990824061498039817e-03
1.572727272727272863e-01 1.176678748077638302e-02 6.898137334118953357e-03 6.466140874904109659e-03
1.575757575757575635e-01 1.130566738659316041e-02 7.855265511932694317e-03 5.931211839010667834e-03
1.578787878787878685e-01 9.424978736278667030e-03 7.413210263585482372e-03 6.620937083379347179e-03
1.581818181818181734e-01 9.149513376011232310e-03 5.984729385905394709e-03 6.933667362355649955e-03
1.584848484848484784e-01 1.249922154643293669e-02 6.293283475520933604e-03 6.874353741511869849e-03
1.587878787878787834e-01 1.108515830835757679e-02 6.897124707342879718e-03 5.960149114208947510e-03
1.590909090909090884e-01 1.128668767448857101e-02 6.722776676084376603e-03 5.303665202146939754e-03
1.593939393939393934e-01 1.232113612158471094e-02 6.679710570469059305e-03 5.184350846409601157e-03
1.596969696969696983e-01 1.102061053499161537e-02 6.128781617567366849e-03 5.857566762864083350e-03
1.600000000000000033e-01 1.178515038464550760e-02 6.144597434071856490e-03 5.778975367450561729e-03
1.603030303030303083e-01 1.047724295035478391e-02 6.625231824717118037e-03 5.219757185069571863e-03
1.606060606060606133e-01 1.063967152254901086e-02 5.723012995758044140e-03 4.985736223763038641e-03
1.609090909090909183e-01 1.139012683053411065e-02 6.340112051507387943e-03 6.097258454074850134e-03
1.612121212121212233e-01 9.704164070067666445e-03 5.519639914187077397e-03 5.794979425640769607e-03
1.615151515151515282e-01 1.066226272833035484e-02 6.400178061748430444e-03 5.572015850819127432e-03
1.618181818181818055e-01 1.005084932293296915e-02 5.005923173014114984e-03 4.989880953521369858e-03
1.621212121212121104e-01 9.415626298712315156e-03 6.767426244683672626e-03 4.752901106227945191e-03
1.624242424242424154e-01 1.026711650547310409e-02 5.094105342429182046e-03 4.965064558060282816e-03
1.627272727272727204e-01 1.027101323536336840e-02 5.293108134975304732e-03 5.136616196321617915e-03
1.630303030303030254e-01 9.227462083349112845e-03 5.598613066462425521e-03 5.612915036746112668e-03
1.633333333333333304e-01 9.799451151418978739e-03 6.266015104456079850e-03 5.089659187965112942e-03
1.636363636363636354e-01 9.802447891084142828e-03 5.518431892824282245e-03 4.659347212300754548e-03
1.639393939393939403e-01 8.006049373224634683e-03 5.040492850399152722e-03 5.504372672108107448e-03
1.642424242424242453e-01 1.072791297901048990e-02 5.154793343091895567e-03 4.815962239559570986e-03
1.645454545454545503e-01 9.280544049693398648e-03 5.153237825926817138e-03 5.189870812844668384e-03
1.648484848484848553e-01 9.501449540778828320e-03 5.106352651065977806e-03 4.197457139706215271e-03
1.651515151515151603e-01 8.419599052114236371e-03 5.441988284220248065e-03 4.436914041170778727e-03
1.654545454545454652e-01 7.549934159175132609e-03 5.161890395475082077e-03 4.122904706016912620e-03
1.657575757575757702e-01 8.254650964214233291e-03 4.370114404976219689e-03 4.889520625699128424e-03
1.660606060606060475e-01 9.599348693738563726e-03 4.249289975897243936e-03 4.156745175289766094e-03
1.663636363636363524e-01 8.302946407915189758e-03 4.925000345006098033e-03 4.306382463115799274e-03
1.666666666666666574e-01 8.126481808791375522e-03 4.854104463235379453e-03 4.829567604799640812e-03
1.669696969696969624e-01 8.532825705828698398e-03 4.659520887295733743e-03 4.291069115940964081e-03
1.672727272727272674e-01 7.805940975283667121e-03 4.149031759767786084e-03 4.038391862007040950e-03
1.675757575757575724e-01 7.003114269285044304e-03 4.112880280307774569e-03 4.381087875204940293e-03
1.678787878787878773e-01 8.766491306681518242e-03 4.291549688140586585e-03 3.999864433959279646e-03
1.681818181818181823e-01 8.292470459871057603e-03 4.427173734531275606e-03 4.616821762517751317e-03
1.684848484848484873e-01 6.861791956981062000e-03 4.522646320247277439e-03 4.295705598674931167e-03
1.687878787878787923e-01 8.128921173550745713e-03 4.447183336209760939e-03 4.204524608633820708e-03
1.690909090909090973e-01 7.509261469260133069e-03 3.974895429714092425e-03 4.181470052393908288e-03
1.693939393939394022e-01 6.681556426765752899e-03 4.065487820954062116e-03 4.359946387553555180e-03
1.696969696969697072e-01 7.644156704231966186e-03 4.219010064183607682e-03 3.424390481532963923e-03
1.700000000000000122e-01 7.500023681341541973e-03 3.548598175915081577e-03 4.173378303565837555e-03
1.703030303030302894e-01 7.282741033870022800e-03 3.911997402102939878e-03 3.518231117470237233e-03
1.706060606060605944e-01 6.074901960111174330e-03 3.354058466926490133e-03 3.624541982783666301e-03
1.709090909090908994e-01 6.077023816747250534e-03 3.991300481791441521e-03 3.539646930138115426e-03
1.712121212121212044e-01 6.090450380466761252e-03 3.763129820142373325e-03 3.718803684598306122e-03
1.715151515151515094e-01 6.346842165283394718e-03 3.775913438161750471e-03 3.383082579685011727e-03
1.718181818181818143e-01 7.044458505450378570e-03 3.042325733529160393e-03 3.265925869378477012e-03
1.721212121212121193e-01 7.250763422638274551e-03 4.052026194126211872e-03 3.423552294030178956e-03
1.724242424242424243e-01 7.557640561357091037e-03 3.789691646869733106e-03 3.176118609394546453e-03
1.727272727272727293e-01 6.332305613698429626e-03 3.497918610791769627e-03 3.321824059307630986e-03
1.730303030303030343e-01 6.170559770806425572e-03 3.212063237133267260e-03 3.584461327066733229e-03
1.733333333333333393e-01 6.224698522197706814e-03 3.045182827787282307e-03 3.260311406375490228e-03
1.736363636363636442e-01 6.162225916353991292e-03 3.302232217499854062e-03 3.205739839607440848e-03
1.739393939393939492e-01 5.989595901634454066e-03 3.037025897768757393e-03 3.204693453683835937e-03
1.742424242424242542e-01 6.040389799911899914e-03 3.268980910093208150e-03 3.088764989676451821e-03
1.745454545454545592e-01 7.030014992097725381e-03 2.882965584637388334e-03 2.913852425281122146e-03
1.748484848484848364e-01 6.494526631111685079e-03 2.611725259608327961e-03 2.882684677188459329e-03
1.751515151515151414e-01 6.318206722401136996e-03 3.037896373378831325e-03 3.146949391576733725e-03
1.754545454545454464e-01 5.597241504139798679e-03 3.221859400648141060e-03 2.734753514281414253e-03
1.757575757575757514e-01 5.822200972093743640e-03 3.221537018585161199e-03 2.843514575585196370e-03
1.760606060606060563e-01 5.466155887844236817e-03 3.362820779351305585e-03 3.133173217104755128e-03
1.763636363636363613e-01 5.275487555182931457e-03 2.822453748090158771e-03 2.775484628982284596e-03
1.766666666666666663e-01 5.072369628715652640e-03 2.761554939232233052e-03 2.805762349284497865e-03
1.769696969696969713e-01 5.557865614549021421e-03 2.906059084872665652e-03 3.113101704923483797e-03
1.772727272727272763e-01 5.913858338227973542e-03 2.475595256613908647e-03 3.237093232780984507e-03
1.775757575757575812e-01 5.501952337362936256e-03 3.356805755120520832e-03 2.811326892201233309e-03
1.778787878787878862e-01 4.504048143499169224e-03 2.863672532408835601e-03 2.962709276854836801e-03
1.781818181818181912e-01 4.869523134071388273e-03 2.563325016735356569e-03 2.863230770972743575e-03
1.784848484848484962e-01 4.379148811899204359e-03 2.504599355794991707e-03 2.743401076082475302e-03
1.787878787878788012e-01 4.999538217831257791e-03 2.609360634723859648e-03 2.535652982731902150e-03
1.790909090909090784e-01 4.814916488806895815e-03 2.893719522544112039e-03 2.460938344986494854e-03
1.793939393939393834e-01 4.935836447230878068e-03 2.509275818891573522e-03 2.277160167031050744e-03
1.796969696969696884e-01 3.928438778568099990e-03 2.565407133981395440e-03 2.447048918194502914e-03
1.799999999999999933e-01 4.256606210065098581e-03 2.728817619026770950e-03 2.444117919200373794e-03
1.803030303030302983e-01 4.336583904250959458e-03 2.539000213223480563e-03 2.192401393408876294e-03
1.806060606060606033e-01 4.254221075703105981e-03 2.103976775842398162e-03 2.642073851722991171e-03
1.809090909090909083e-01 3.915713503585694331e-03 2.331070586008008368e-03 2.419369287885473480e-03
1.812121212121212133e-01 4.357577287119754686e-03 1.914930126325643757e-03 2.552406844950757918e-03
1.815151515151515182e-01 4.515090313342899619e-03 2.483411207583768789e-03 2.347309270030090850e-03
1.818181818181818232e-01 4.835087034476718421e-03 2.492502894363157057e-03 2.335745545959513024e-03
1.821212121212121282e-01 4.370038119876415786e-03 2.268055518900180360e-03 2.270297951478126870e-03
1.824242424242424332e-01 4.599482732275777565e-03 2.452543727179736302e-03 2.525246370156363981e-03
1.827272727272727382e-01 4.575640232257022384e-03 2.037678011023989245e-03 2.020394691139205338e-03
1.830303030303030432e-01 4.096905090771912200e-03 2.564902057424594574e-03 2.159191345260851568e-03
1.833333333333333204e-01 3.709993955198618524e-03 2.148734589826093583e-03 2.195312530857709832e-03
1.836363636363636254e-01 4.090202813276517559e-03 1.784653672288842629e-03 2.204063979877277438e-03
1.839393939393939303e-01 3.227908751510037613e-03 2.101297826012614445e-03 2.166776366039276612e-03
1.842424242424242353e-01 3.660266262511354795e-03 1.763896620156824588e-03 2.105735543229254186e-03
1.845454545454545403e-01 3.557944832754275210e-03 1.884455196015276434e-03 2.034347729621847900e-03
1.848484848484848453e-01 3.574429878019717323e-03 1.977328155442902892e-03 1.903736215755230145e-03
1.851515151515151503e-01 3.940878452594664093e-03 1.774543138766084514e-03 1.967801394665243554e-03
1.854545454545454553e-01 3.049328694415075376e-03 1.853096751853556233e-03 1.910465672418332032e-03
1.857575757575757602e-01 3.586493550737358555e-03 1.524176267700875706e-03 2.062871594743004820e-03
1.860606060606060652e-01 3.227044094834952484e-03 2.035508973415722268e-03 1.821804729418404151e-03
1.863636363636363702e-01 3.143318810331279054e-03 1.740702542709662588e-03 1.879917913879351364e-03
1.866666666666666752e-01 2.753641959420469534e-03 2.081486836473197578e-03 1.912536249030315520e-03
1.869696969696969802e-01 3.180438652168041200e-03 1.830343395924469542e-03 2.118294058085287614e-03
1.872727272727272851e-01 3.328204908400525346e-03 1.614401297664260545e-03 1.805173423453123888e-03
1.875757575757575624e-01 3.625139077040699220e-03 1.771784021722186539e-03 1.847220480349149024e-03
1.878787878787878673e-01 2.800689838670724751e-03 2.074031038972243453e-03 1.776435052287324247e-03
1.881818181818181723e-01 3.444386198378395977e-03 1.805214376534555786e-03 1.638110742864718437e-03
1.884848484848484773e-01 3.232093832141109176e-03 1.785686614299931106e-03 1.562828725047224129e-03
1.887878787878787823e-01 3.270123461531064448e-03 1.624271715856005164e-03 1.588450542781390295e-03
1.890909090909090873e-01 2.724068508449756752e-03 1.713406642925332330e-03 1.715078088920153447e-03
1.893939393939393923e-01 3.205306291204826526e-03 1.722510232799665192e-03 1.563624064689628874e-03
1.896969696969696972e-01 3.072534271956878053e-03 1.416897085951290868e-03 1.582217811366163403e-03
1.900000000000000022e-01 3.186991898863206652e-03 1.613671677879244823e-03 1.701192763906519880e-03
1.903030303030303072e-01 3.133336900876462425e-03 1.354118392913393519e-03 1.528774700709189562e-03
1.906060606060606122e-01 2.626415343459243684e-03 1.619489555547239720e-03 1.258275057745844236e-03
1.909090909090909172e-01 2.718593416596325630e-03 1.602823665583050878e-03 1.577044674618779561e-03
1.912121212121212221e-01 2.770025032896618333e-03 1.233191678400529998e-03 1.532574886310796112e-03
1.915151515151515271e-01 2.492712310762395644e-03 1.294901916414865212e-03 1.380857809484504041e-03
1.918181818181818044e-01 2.354457826528405084e-03 1.553011370328137705e-03 1.673123021329524186e-03
1.921212121212121093e-01 2.891250077828736668e-03 1.370280002390882176e-03 1.600018597025187894e-03
1.924242424242424143e-01 2.842991843987798493e-03 1.456845327508132608e-03 1.325165153426912344e-03
1.927272727272727193e-01 2.787695817896291249e-03 1.335699241690806996e-03 1.301067287836709264e-03
1.930303030303030243e-01 2.316400675977507186e-03 1.211523598337102244e-03 1.276185931337408446e-03
1.933333333333333293e-01 2.341888559237586664e-03 1.285138227021690198e-03 1.484000654114838759e-03
1.936363636363636342e-01 2.461238184236181573e-03 1.180299499541221644e-03 1.506602131959792383e-03
1.939393939393939392e-01 2.403498331583150700e-03 1.072524754629740253e-03 1.380169725479924283e-03
1.942424242424242442e-01 2.743516598317395725e-03 1.059125195217075098e-03 1.359343944810216228e-03
1.945454545454545492e-01 2.272487896680622232e-03 1.196326220226125907e-03 1.314988971579833521e-03
1.948484848484848542e-01 2.032866567027136976e-03 1.141551700853007337e-03 1.285355199040942760e-03
1.951515151515151592e-01 2.069222645515364587e-03 1.170193510704608088e-03 1.372624763777090858e-03
1.954545454545454641e-01 2.076652795531441949e-03 1.181521583707037613e-03 1.243221569045618218e-03
1.957575757575757691e-01 2.109237333220457655e-03 1.237695128264355762e-03 1.333928585196464053e-03
1.960606060606060741e-01 2.306525523325767945e-03 1.213167943635148991e-03 1.352511743024526055e-03
1.963636363636363513e-01 1.962820133332101539e-03 1.056484648534387113e-03 1.375852873521070906e-03
1.966666666666666563e-01 2.144645458704414007e-03 1.171414472462601990e-03 1.199614159837328158e-03
1.969696969696969613e-01 2.200286817035714340e-03 9.369537859881044888e-04 1.317112281687212892e-03
1.972727272727272663e-01 1.876704162187989690e-03 1.118675658873112934e-03 1.151539138543342415e-03
1.975757575757575712e-01 2.015744001426601761e-03 1.130939916160218946e-03 1.235284901627350159e-03
1.978787878787878762e-01 1.940006578821833107e-03 1.153689853039575452e-03 1.143146182734131478e-03
1.981818181818181812e-01 2.121814534280667530e-03 1.051987431750300980e-03 1.151304479971404764e-03
1.984848484848484862e-01 2.050002028601923335e-03 1.130702110733138076e-03 1.113374296602282973e-03
1.987878787878787912e-01 1.895774090516471081e-03 1.067825763753786454e-03 1.038926108457495501e-03
1.990909090909090962e-01 1.958573563072076289e-03 9.142564140203662858e-04 1.070187206003538668e-03
1.993939393939394011e-01 1.718246651189156513e-03 1.116972984454907497e-03 1.074203371557124614e-03
1.996969696969697061e-01 1.661204745132507238e-03 9.001934293099742674e-04 9.773428586901968234e-04
2.000000000000000111e-01 1.790473440222579418e-03 8.017662052777203667e-04 1.014678836566633218e-03
2.003030303030303161e-01 1.837454373808951758e-03 9.113541366095921983e-04 9.520904825375538054e-04
2.006060606060605933e-01 1.722018726922631970e-03 8.470452468095742348e-04 1.014169440571275520e-03
2.009090909090908983e-01 1.869182732945440717e-03 8.535001185081311347e-04 9.489967473315371682e-04
2.012121212121212033e-01 1.602626371613160823e-03 8.201314483393650758e-04 8.988141181462029486e-04
2.015151515151515083e-01 1.905780482233127059e-03 9.092332681188486972e-04 1.013128016172793648e-03
2.018181818181818132e-01 1.774443020516561003e-03 8.856043036606905733e-04 1.042016757243101766e-03
2.021212121212121182e-01 1.607321990977606928e-03 8.857100272040697823e-04 9.114310384716601925e-04
2.024242424242424232e-01 1.668485479051358628e-03 9.095547462241084652e-04 1.033972809350986594e-03
2.027272727272727282e-01 1.242350492963753940e-03 7.135983454347393732e-04 1.006014998561903908e-03
2.030303030303030332e-01 1.662594633988813799e-03 7.362908023942550022e-04 8.847992764856923292e-04
2.033333333333333381e-01 1.737954031701606289e-03 7.902927715084420409e-04 8.198219433017429067e-04
2.036363636363636431e-01 1.543417633685651314e-03 7.988820045554941105e-04 8.918367686530939914e-04
2.039393939393939481e-01 1.546924316044333801e-03 7.058085021251314477e-04 8.551622421760989674e-04
2.042424242424242531e-01 1.629347586317376985e-03 6.510128975707736403e-04 8.353703209941922654e-04
2.045454545454545581e-01 1.651682110964508652e-03 8.210955955230415633e-04 9.490857873813900256e-04
2.048484848484848353e-01 1.699596651421103957e-03 7.640212906478275647e-04 8.978947366864752696e-04
2.051515151515151403e-01 1.574845782209746475e-03 5.817237091099856016e-04 8.797100236007489782e-04
2.054545454545454453e-01 1.413759541375963049e-03 5.770411207726374760e-04 7.524985434771599676e-04
2.057575757575757502e-01 1.412365029188591492e-03 6.984807041052221730e-04 7.872986350477665122e-04
2.060606060606060552e-01 1.248183145421324003e-03 6.719575070365370415e-04 7.598240143581038797e-04
2.063636363636363602e-01 1.390794996582904626e-03 5.750874439155117222e-04 7.592076521158347717e-04
2.066666666666666652e-01 1.238920625762005272e-03 6.911185662932458089e-04 7.306163129634756772e-04
2.069696969696969702e-01 1.317724080386820183e-03 6.381760698161030500e-04 8.208877219211754709e-04
2.072727272727272751e-01 1.447282569314669231e-03 5.972033078541050906e-04 8.410734210479869650e-04
2.075757575757575801e-01 1.651146833494005189e-03 6.722188564060606851e-04 7.722530055893673823e-04
2.078787878787878851e-01 1.183758810812769605e-03 5.428865049908099304e-04 7.082287627627935562e-04
2.081818181818181901e-01 1.262005485683006904e-03 5.811821782064262526e-04 8.026614362282740757e-04
2.084848484848484951e-01 1.358691902039084031e-03 6.816463632461976056e-04 7.801779009395460110e-04
2.087878787878788001e-01 1.192037344817637292e-03 6.097346904934675387e-04 7.443839588549357091e-04
2.090909090909090773e-01 1.441935738859041749e-03 5.000626455695819607e-04 7.095052617756361386e-04
2.093939393939393823e-01 1.002212318281314870e-03 5.481418982972843584e-04 6.609484179105214706e-04
2.096969696969696872e-01 1.039187125461135631e-03 5.766365077161201766e-04 6.520729223736768543e-04
2.099999999999999922e-01 1.171498078481944018e-03 6.521963264482644315e-04 6.264345520012802289e-04
2.103030303030302972e-01 1.041889169474886218e-03 5.367104871071739624e-04 5.581678587208715753e-04
2.106060606060606022e-01 1.244704622735512368e-03 5.690236498710060653e-04 6.553554077990105323e-04
2.109090909090909072e-01 1.123120833535786855e-03 5.591495277128687331e-04 5.115553973224948011e-04
2.112121212121212122e-01 9.955169370690468162e-04 4.763579677568150123e-04 5.957578245503926265e-04
2.115151515151515171e-01 1.072528439654594091e-03 5.648108374529499853e-04 6.394594846026930342e-04
2.118181818181818221e-01 9.599034853697651195e-04 4.808121083564513652e-04 6.349707338060640903e-04
2.121212121212121271e-01 9.445990979327795753e-04 5.309658720184155887e-04 6.733678823917011759e-04
2.124242424242424321e-01 1.015716088292568193e-03 5.358155581686710380e-04 6.829539981171465829e-04
2.127272727272727371e-01 1.084924549676941899e-03 4.804403265682154504e-04 6.430972594562281213e-04
2.130303030303030420e-01 1.022100473227037813e-03 4.386150145068897768e-04 6.005608026158658960e-04
2.133333333333333470e-01 9.200301549551928408e-04 4.862362171915415236e-04 6.218980688739418833e-04
2.136363636363636243e-01 8.242453986805663504e-04 4.263682627136155048e-04 5.135227601858152096e-04
2.139393939393939292e-01 1.147932864322374251e-03 4.918242438625460141e-04 6.386904489241261975e-04
2.142424242424242342e-01 1.012909938694505794e-03 4.525649448568372195e-04 5.683193576662331830e-04
2.145454545454545392e-01 9.684259658233049847e-04 4.685456309655190439e-04 5.069585696204136158e-04
2.148484848484848442e-01 8.558849516668414750e-04 4.494616020006146260e-04 6.251758359727148297e-04
2.151515151515151492e-01 7.692255254459231086e-04 4.586345515374747896e-04 5.872057086344098726e-04
2.154545454545454541e-01 8.018311445938397508e-04 4.365566333636186039e-04 5.905669483859532628e-04
2.157575757575757591e-01 9.174654053480675153e-04 4.934641539993126413e-04 4.525373344989529851e-04
2.160606060606060641e-01 8.270732756492089714e-04 4.203052466642314073e-04 4.876336119364262393e-04
2.163636363636363691e-01 9.890768800164145315e-04 3.836050181571888304e-04 5.682347892640353480e-04
2.166666666666666741e-01 7.974721007238654708e-04 4.149654569683029824e-04 4.506240924347590664e-04
2.169696969696969790e-01 7.427239665221768922e-04 3.532374635580896524e-04 5.487373520499743383e-04
2.172727272727272840e-01 8.877774607226609441e-04 3.610498507848975075e-04 4.746161593591110553e-04
2.175757575757575890e-01 8.073951557795261370e-04 4.173227626883639890e-04 4.697343346744936566e-04
2.178787878787878662e-01 9.257768750646809888e-04 4.133424518293584067e-04 5.136448585559022116e-04
2.181818181818181712e-01 8.361300489746103159e-04 3.711433831028352020e-04 5.304047333249681858e-04
2.184848484848484762e-01 7.624600353077730505e-04 3.718981957562565916e-04 4.912774253984663773e-04
2.187878787878787812e-01 8.648083523904370393e-04 3.753299736267477846e-04 4.394952913747433767e-04
2.190909090909090862e-01 7.242814137520965081e-04 3.656438696357854437e-04 4.477669274268633831e-04
2.193939393939393911e-01 7.041441796370055467e-04 3.134605390101072157e-04 4.849632443942781829e-04
2.196969696969696961e-01 7.202935557279125777e-04 3.432598756986650042e-04 4.603981277317185862e-04
2.200000000000000011e-01 7.292492191770198057e-04 3.204572790388858137e-04 4.379181067531322984e-04
2.203030303030303061e-01 6.818593779863139524e-04 3.451418750174570726e-04 4.301810547157174374e-04
2.206060606060606111e-01 6.592722361149891321e-04 3.198214164450417264e-04 4.159216221087934937e-04
2.209090909090909161e-01 6.979131205594287434e-04 3.798097683809406296e-04 4.351439987417059056e-04
2.212121212121212210e-01 6.936340550771890592e-04 3.150013395036834417e-04 4.019337304808304353e-04
2.215151515151515260e-01 7.482750910953324093e-04 3.592235926447145391e-04 3.811361468815348936e-04
2.218181818181818310e-01 7.268643174510420416e-04 2.997370176361994739e-04 3.477965062709133096e-04
2.221212121212121082e-01 7.548080600738396075e-04 3.680944227817934777e-04 3.419460720620296650e-04
2.224242424242424132e-01 6.590587976287502845e-04 3.711912268188141554e-04 4.467372047471773310e-04
2.227272727272727182e-01 6.152153477404535224e-04 3.088643114014384921e-04 4.029852583029776042e-04
2.230303030303030232e-01 6.347615223967511449e-04 3.106639005222651320e-04 3.897505670613848959e-04
2.233333333333333282e-01 5.832282715992469788e-04 2.510195479952364314e-04 3.793745578840004742e-04
2.236363636363636331e-01 6.503575142187151964e-04 2.816866519101491944e-04 3.510013759208354040e-04
2.239393939393939381e-01 6.180662288785399418e-04 3.353337644835685679e-04 3.595584839198295575e-04
2.242424242424242431e-01 6.182211132169018524e-04 3.416085415583604659e-04 4.207749505840515845e-04
2.245454545454545481e-01 5.373466142579232411e-04 3.261553974167885617e-04 3.551764642086040267e-04
2.248484848484848531e-01 5.803660167721636474e-04 2.854589639591634579e-04 3.431429186654167979e-04
2.251515151515151580e-01 5.687984429821335303e-04 2.449552144681284120e-04 3.365787499569527965e-04
2.254545454545454630e-01 5.549032294201473045e-04 2.438857998555255631e-04 4.174071473337752900e-04
2.257575757575757680e-01 6.172237676389536734e-04 2.788089489034156049e-04 3.684409338969242467e-04
2.260606060606060730e-01 5.351031697983433437e-04 2.798964591121080501e-04 3.576456409097415875e-04
2.263636363636363502e-01 4.805018052140528099e-04 2.803636629897171616e-04 2.962814802471001895e-04
2.266666666666666552e-01 5.224958099426815989e-04 2.704796393522878651e-04 3.105438683324467835e-04
2.269696969696969602e-01 4.986893189522480447e-04 2.962012363530706384e-04 2.996490478137780328e-04
2.272727272727272652e-01 5.786408156352318291e-04 2.498489745670770469e-04 3.693218147065369713e-04
2.275757575757575701e-01 5.791292143029098949e-04 2.644404276771739038e-04 3.689561763289500671e-04
2.278787878787878751e-01 5.024296717839906150e-04 2.842163165197841824e-04 3.133859785491010250e-04
2.281818181818181801e-01 5.144326024133094458e-04 2.355560711302673315e-04 3.095451961619539679e-04
2.284848484848484851e-01 4.921035145530260838e-04 2.377012110987522953e-04 3.440717920737780327e-04
2.287878787878787901e-01 4.492527181226448735e-04 1.919498404729143705e-04 2.602092583111399087e-04
2.290909090909090950e-01 5.105176058364294632e-04 2.334926236096407533e-04 2.642799829161397783e-04
2.293939393939394000e-01 4.515724395321806905e-04 2.271563694893095962e-04 3.451892245985743626e-04
2.296969696969697050e-01 4.931212904756539575e-04 2.659207081494460939e-04 3.369557947067249623e-04
2.300000000000000100e-01 5.286325136886467577e-04 2.296541217644746768e-04 3.128877521537983659e-04
2.303030303030303150e-01 5.403052925496001435e-04 2.248262761231830666e-04 2.734400520039565992e-04
2.306060606060605922e-01 5.103570512742419251e-04 2.238820039527088831e-04 2.992347454892840212e-04
2.309090909090908972e-01 4.670369040051671567e-04 2.213265481180086783e-04 3.129953425897301247e-04
2.312121212121212022e-01 4.482575172331333593e-04 2.216908112030644654e-04 2.782190517183433264e-04
2.315151515151515071e-01 4.701247918930584924e-04 2.075954328734338009e-04 3.100081673702350391e-04
2.318181818181818121e-01 3.636970449349366421e-04 1.859196372513770399e-04 2.786396634305212533e-04
2.321212121212121171e-01 4.693012411498586386e-04 1.800404367765398128e-04 2.660520464146044393e-04
2.324242424242424221e-01 4.676665819590792791e-04 2.215790162948275892e-04 2.689443936183476790e-04
2.327272727272727271e-01 4.427818011128666922e-04 1.960043109605013830e-04 2.711231528938803492e-04
2.330303030303030321e-01 4.177109236239566242e-04 1.890540010161868053e-04 2.406811236931557835e-04
2.333333333333333370e-01 3.555112244714850518e-04 1.919354887446437531e-04 2.665387880147408370e-04
2.336363636363636420e-01 4.552405870880777902e-04 1.914463955319739910e-04 2.755281054918327531e-04
2.339393939393939470e-01 4.911989385626175809e-04 1.794057471584996420e-04 2.807516887846686062e-04
2.342424242424242520e-01 3.957716519372675738e-04 1.883990991735297229e-04 3.050096316383197389e-04
2.345454545454545570e-01 4.134343100043974366e-04 2.047727367914492600e-04 2.458536762547417452e-04
2.348484848484848619e-01 4.057921217746385842e-04 2.204064832134920097e-04 2.517427839870850525e-04
2.351515151515151392e-01 4.020347041230743065e-04 1.864940376520281631e-04 2.467195202445117571e-04
2.354545454545454441e-01 3.972201573477450172e-04 1.843722056990856699e-04 2.370210573699415809e-04
2.357575757575757491e-01 3.729940108535097416e-04 1.775553816069973072e-04 2.805300790225837503e-04
2.360606060606060541e-01 4.459248363524208531e-04 1.706619181055187321e-04 2.236879254427213450e-04
2.363636363636363591e-01 4.085834678551933494e-04 1.695570173022099879e-04 2.236940346808840359e-04
2.366666666666666641e-01 3.902236612621498893e-04 1.785331882956347875e-04 2.182960677100393289e-04
2.369696969696969691e-01 4.279013256808745841e-04 1.740318257357986677e-04 2.544881139604485880e-04
2.372727272727272740e-01 3.647869397325268479e-04 1.796779612898419655e-04 2.270079059707364366e-04
2.375757575757575790e-01 3.452777284439059518e-04 1.952333964817362557e-04 2.702036420267754950e-04
2.378787878787878840e-01 4.085285194428113172e-04 1.750323108301351908e-04 2.538976897803135410e-04
2.381818181818181890e-01 3.920549396122946246e-04 1.732662172353088338e-04 2.444235881337136198e-04
2.384848484848484940e-01 3.700256798517787232e-04 1.641460809091303309e-04 2.399950850393456911e-04
2.387878787878787989e-01 3.726222124373905118e-04 1.755968562333037994e-04 2.260935852294365450e-04
2.390909090909091039e-01 3.927559097738818838e-04 1.642783287255905730e-04 2.261679932984077908e-04
2.393939393939393812e-01 3.723097567817430418e-04 1.524452791081715196e-04 2.022776852682391547e-04
2.396969696969696861e-01 3.332891181364666601e-04 1.728178539338941320e-04 2.606544373161766813e-04
2.399999999999999911e-01 3.340649122341715757e-04 1.663397599442513475e-04 2.144364726366947062e-04
2.403030303030302961e-01 3.150161861588434342e-04 1.562666803966262586e-04 2.089791452296556459e-04
2.406060606060606011e-01 3.644368723886881904e-04 1.499827150848576215e-04 2.392705839287870555e-04
2.409090909090909061e-01 3.324223947143579560e-04 1.892998901720688201e-04 2.185080802253510637e-04
2.412121212121212110e-01 2.886320399858091352e-04 1.726779214345317167e-04 1.908738929611417568e-04
2.415151515151515160e-01 3.586505386352391842e-04 1.809401922087924331e-04 2.212034820390405224e-04
2.418181818181818210e-01 3.565032743313458733e-04 1.627840192435235959e-04 2.071427027590380047e-04
2.421212121212121260e-01 3.398483385807754120e-04 1.636470785045214332e-04 2.182636164930414925e-04
2.424242424242424310e-01 3.010278576871399411e-04 1.600869962070934735e-04 2.059357649102199340e-04
2.427272727272727360e-01 3.699686516276277579e-04 1.874749953710770937e-04 2.454978282642320052e-04
2.430303030303030409e-01 3.795648596452505866e-04 1.693751539212691871e-04 2.117279714068687495e-04
2.433333333333333459e-01 3.431330737749529124e-04 1.770168287318906212e-04 2.066344109959432254e-04
2.436363636363636231e-01 3.241711624054146885e-04 1.414384994727634114e-04 1.890228369288729461e-04
2.439393939393939281e-01 3.087916195882485374e-04 1.567973289811583381e-04 1.773887408489278623e-04
2.442424242424242331e-01 3.130335965029678929e-04 1.545141096358480532e-04 2.309180847537276504e-04
2.445454545454545381e-01 2.758996245918963466e-04 1.396415692546528831e-04 2.260478837579690944e-04
2.448484848484848431e-01 2.922856601532208636e-04 1.521524855121185894e-04 2.103088207831610348e-04
2.451515151515151480e-01 2.933101810570268157e-04 1.540252621509447407e-04 2.172903481495736791e-04
2.454545454545454530e-01 3.502096991081916737e-04 1.320731187244364988e-04 1.922799198839512719e-04
2.457575757575757580e-01 3.195360838445981868e-04 1.569126173785738735e-04 2.016142722643190523e-04
2.460606060606060630e-01 3.206176215132904147e-04 1.604457903939158440e-04 1.969306658044906691e-04
2.463636363636363680e-01 2.883860177924604438e-04 1.201062502700070618e-04 2.142086898825873833e-04
2.466666666666666730e-01 3.038817131091955405e-04 1.398723343401344407e-04 1.713197221471636457e-04
2.469696969696969779e-01 3.170306179393480661e-04 1.323293412659724713e-04 2.112111219818397167e-04
2.472727272727272829e-01 2.966822257483611291e-04 1.637187582064284484e-04 1.895940576288673233e-04
2.475757575757575879e-01 2.871056124730829483e-04 1.330982728520969873e-04 2.406763118953633208e-04
2.478787878787878651e-01 2.768416253417261565e-04 1.448462863345765074e-04 2.120433818760175725e-04
2.481818181818181701e-01 3.016875030362898419e-04 1.343403089838590247e-04 2.223745682433735885e-04
2.484848484848484751e-01 3.079092213777151867e-04 1.467066730678940093e-04 2.260453266283767655e-04
2.487878787878787801e-01 3.432441869427224602e-04 1.348205120307222787e-04 1.869733157079348385e-04
2.490909090909090851e-01 3.168568556372608762e-04 1.326393451969480001e-04 1.912134479183499262e-04
2.493939393939393900e-01 2.970057764978157873e-04 1.428366793580944643e-04 2.089503149834970590e-04
2.496969696969696950e-01 2.937854751699366758e-04 1.553160204745732240e-04 2.108285091668292313e-04
