# z, Alpha
0.000000000000000000e+00 0.000000000000000000e+00
2.500000000000000000e+00 1.359015746918912915e-01
5.000000000000000000e+00 1.299083352193474150e-01
7.500000000000000000e+00 1.318751426051716635e-01
1.000000000000000000e+01 1.381238262873034361e-01
1.250000000000000000e+01 1.411699615399557850e-01
1.500000000000000000e+01 1.521893384976153174e-01
1.750000000000000000e+01 1.557022993963009527e-01
2.000000000000000000e+01 1.652769811348447360e-01
2.250000000000000000e+01 1.697703172570093899e-01
2.500000000000000000e+01 1.796803022452261311e-01
2.750000000000000000e+01 1.809034735798586424e-01
3.000000000000000000e+01 1.875567799723623086e-01
3.250000000000000000e+01 1.905377211885414257e-01
3.500000000000000000e+01 1.985589341567118027e-01
3.750000000000000000e+01 2.000790000372394406e-01
4.000000000000000000e+01 2.058320907083348306e-01
4.250000000000000000e+01 2.092213951046546505e-01
4.500000000000000000e+01 2.124948987675508438e-01
4.750000000000000000e+01 2.147383560562469429e-01
5.000000000000000000e+01 2.158323877948047087e-01
5.250000000000000000e+01 2.184873370582764984e-01
5.500000000000000000e+01 2.225668879235986330e-01
5.750000000000000000e+01 2.218729331981516839e-01
6.000000000000000000e+01 2.236322595598418672e-01
6.250000000000000000e+01 2.251505605398859133e-01
6.500000000000000000e+01 2.270992326712706344e-01
6.750000000000000000e+01 2.272489722090572928e-01
7.000000000000000000e+01 2.298932917022367128e-01
7.250000000000000000e+01 2.281601240440684353e-01
7.500000000000000000e+01 2.311418531849470381e-01
7.750000000000000000e+01 2.334094350559244579e-01
8.000000000000000000e+01 2.320002163738108802e-01
8.250000000000000000e+01 2.325470857003804348e-01
8.500000000000000000e+01 2.312020817056103517e-01
8.750000000000000000e+01 2.296889507777113149e-01
9.000000000000000000e+01 2.275783470377150119e-01
9.250000000000000000e+01 2.295782370993690868e-01
9.500000000000000000e+01 2.285285775266821529e-01
9.750000000000000000e+01 2.256022144418630415e-01
1.000000000000000000e+02 2.249025104898242089e-01
1.025000000000000000e+02 2.241467734532808787e-01
1.050000000000000000e+02 2.233251191616872078e-01
1.075000000000000000e+02 2.303932258124104793e-01
1.100000000000000000e+02 2.282681979350734969e-01
1.125000000000000000e+02 2.257217546916917839e-01
1.150000000000000000e+02 2.273411025390127405e-01
1.175000000000000000e+02 2.232959897460262966e-01
1.200000000000000000e+02 2.238425463706155139e-01
1.225000000000000000e+02 2.216298427026918150e-01
1.250000000000000000e+02 2.192350457583550349e-01
1.275000000000000000e+02 2.179282157344600013e-01
1.300000000000000000e+02 2.168794478386308344e-01
1.325000000000000000e+02 2.147416186060786825e-01
1.350000000000000000e+02 2.184998820145144238e-01
1.375000000000000000e+02 2.152214361611315407e-01
1.400000000000000000e+02 2.160926160583234723e-01
1.425000000000000000e+02 2.098748902499779634e-01
1.450000000000000000e+02 2.048173111916614941e-01
1.475000000000000000e+02 2.068946691821231809e-01
1.500000000000000000e+02 2.056310171216780280e-01
1.525000000000000000e+02 2.076602718730762576e-01
1.550000000000000000e+02 2.006223591432338971e-01
1.575000000000000000e+02 1.961130036007817934e-01
1.600000000000000000e+02 1.961472668457538426e-01
1.625000000000000000e+02 1.928963318065296528e-01
1.650000000000000000e+02 1.917485981118852711e-01
1.675000000000000000e+02 1.904288281146742368e-01
1.700000000000000000e+02 1.863552071907226548e-01
1.725000000000000000e+02 1.768890554166666906e-01
1.750000000000000000e+02 1.778539953302039345e-01
1.775000000000000000e+02 1.740647570445166270e-01
1.800000000000000000e+02 1.806051646123554288e-01
1.825000000000000000e+02 1.783755384404762390e-01
1.850000000000000000e+02 1.768518586690085992e-01
1.875000000000000000e+02 1.662534161300125435e-01
1.900000000000000000e+02 1.714609028746559016e-01
1.925000000000000000e+02 1.665006972169750799e-01
1.950000000000000000e+02 1.647481126203082236e-01
1.975000000000000000e+02 1.584365396502516732e-01
2.000000000000000000e+02 1.571885940976494311e-01
2.025000000000000000e+02 1.506953200092833178e-01
2.050000000000000000e+02 1.483467834412279251e-01
2.075000000000000000e+02 1.527402222695770362e-01
2.100000000000000000e+02 1.596269567198592976e-01
2.125000000000000000e+02 1.528382342097336088e-01
2.150000000000000000e+02 1.500470009382655068e-01
2.175000000000000000e+02 1.461857642742408203e-01
2.200000000000000000e+02 1.432667005238391911e-01
2.225000000000000000e+02 1.412870754717723554e-01
2.250000000000000000e+02 1.413460872136980129e-01
2.275000000000000000e+02 1.353546300543120862e-01
2.300000000000000000e+02 1.316193789069018960e-01
2.325000000000000000e+02 1.320780763348320952e-01
2.350000000000000000e+02 1.307390397838505969e-01
2.375000000000000000e+02 1.272249007624550454e-01
2.400000000000000000e+02 1.211392186380762515e-01
2.425000000000000000e+02 1.183094525718171586e-01
2.450000000000000000e+02 1.176529037670417110e-01
2.475000000000000000e+02 1.178150058020454860e-01
2.500000000000000000e+02 1.110106790939940496e-01
2.525000000000000000e+02 1.077409381839999902e-01
2.550000000000000000e+02 1.087874919673042368e-01
2.575000000000000000e+02 1.062950796066975956e-01
2.600000000000000000e+02 1.048026865354969722e-01
2.625000000000000000e+02 9.743813269058149151e-02
2.650000000000000000e+02 8.700983566560961668e-02
2.675000000000000000e+02 7.733609652811672397e-02
2.700000000000000000e+02 6.804103190325801187e-02
2.725000000000000000e+02 5.940963814163686268e-02
2.750000000000000000e+02 5.308078923750114003e-02
2.775000000000000000e+02 4.472030882001103158e-02
2.800000000000000000e+02 3.744508923015708174e-02
2.825000000000000000e+02 3.112125211368553176e-02
2.850000000000000000e+02 2.526668596529116004e-02
2.875000000000000000e+02 1.958013144410325479e-02
2.900000000000000000e+02 1.547257727329871650e-02
2.925000000000000000e+02 1.078552649651808373e-02
2.950000000000000000e+02 6.668030886630343934e-03
2.975000000000000000e+02 4.472015020411289170e-03
3.000000000000000000e+02 2.571731644276204713e-03
3.025000000000000000e+02 6.184548446054106193e-04
3.050000000000000000e+02 1.584185947947471277e-03
3.075000000000000000e+02 -3.588360683089632675e-04
3.100000000000000000e+02 6.961107067343262275e-04
3.125000000000000000e+02 1.343626842529807965e-03
3.150000000000000000e+02 4.551192914556826882e-03
3.175000000000000000e+02 3.373800983481020730e-03
3.200000000000000000e+02 6.003558436677653223e-03
3.225000000000000000e+02 6.842505530449169426e-03
3.250000000000000000e+02 7.330138546118610335e-03
3.275000000000000000e+02 5.039301857264548781e-03
3.300000000000000000e+02 6.112561906568217060e-03
3.325000000000000000e+02 4.357309456193584826e-03
3.350000000000000000e+02 6.090623473433711375e-03
3.375000000000000000e+02 3.184365441686439358e-03
3.400000000000000000e+02 5.530721124952943553e-03
3.425000000000000000e+02 2.307679398876057164e-03
3.450000000000000000e+02 3.455366611208966331e-03
3.475000000000000000e+02 -5.034547762694221908e-04
3.500000000000000000e+02 7.329210998269402103e-04
3.525000000000000000e+02 -3.134724914271926587e-03
3.550000000000000000e+02 -9.121315353975766949e-04
3.575000000000000000e+02 -3.631722350733471768e-03
3.600000000000000000e+02 -1.105175429386413485e-03
3.625000000000000000e+02 -4.340060157592805744e-03
3.650000000000000000e+02 -2.625691457355283404e-04
3.675000000000000000e+02 -2.927256336837928252e-03
3.700000000000000000e+02 3.138433905597738904e-05
3.725000000000000000e+02 -2.480147625926423793e-03
3.750000000000000000e+02 -7.243770535172377404e-04
3.775000000000000000e+02 -3.761913292399781446e-03
3.800000000000000000e+02 1.107871393498544368e-03
3.825000000000000000e+02 -2.516164011296179257e-03
3.850000000000000000e+02 3.351352347416707966e-03
3.875000000000000000e+02 -1.116483448757747904e-03
3.900000000000000000e+02 5.489339463855367508e-03
3.925000000000000000e+02 1.518585344291194326e-03
3.950000000000000000e+02 5.956286425375594863e-03
3.975000000000000000e+02 5.797497114233626390e-05
4.000000000000000000e+02 6.777922370175225135e-03
4.025000000000000000e+02 6.445921941008913225e-04
4.050000000000000000e+02 6.868435410168301225e-03
4.075000000000000000e+02 -2.693211157131993657e-03
4.100000000000000000e+02 5.927696572930294013e-03
4.125000000000000000e+02 -5.236570600477688693e-03
4.150000000000000000e+02 6.897905223706651476e-03
4.175000000000000000e+02 -3.509264885631221791e-03
4.200000000000000000e+02 5.561895585424220245e-03
4.225000000000000000e+02 -8.566413426899191497e-03
4.250000000000000000e+02 4.307750070510981549e-03
4.275000000000000000e+02 -8.911044066469258826e-03
4.300000000000000000e+02 1.380988113444254735e-03
4.325000000000000000e+02 -7.461491673908278791e-03
4.350000000000000000e+02 2.860540810223446452e-03
4.375000000000000000e+02 -7.063501688797270764e-03
4.400000000000000000e+02 5.697578733530589586e-03
4.425000000000000000e+02 -6.771708856187973365e-03
4.450000000000000000e+02 5.317795193493930241e-03
4.475000000000000000e+02 -1.017879494543327649e-02
4.500000000000000000e+02 5.827984287781164813e-03
4.525000000000000000e+02 -1.473964174457113342e-02
4.550000000000000000e+02 7.164355700831923600e-03
4.575000000000000000e+02 -1.790280311393176518e-02
4.600000000000000000e+02 1.008226403390273702e-02
4.625000000000000000e+02 -1.977353756877751195e-02
4.650000000000000000e+02 9.298489690032210250e-03
4.675000000000000000e+02 -1.953470503062675404e-02
4.700000000000000000e+02 8.774111076550562133e-03
4.725000000000000000e+02 -1.979878929097739215e-02
4.750000000000000000e+02 9.684638268547474810e-03
4.775000000000000000e+02 -1.961384993379618885e-02
4.800000000000000000e+02 1.416414566527177642e-02
4.825000000000000000e+02 -2.106631707208775697e-02
4.850000000000000000e+02 1.944856628349799638e-02
4.875000000000000000e+02 -2.409125572951125241e-02
4.900000000000000000e+02 2.625853471897659358e-02
4.925000000000000000e+02 -3.012810264343006306e-02
4.950000000000000000e+02 3.529408339164455399e-02
4.975000000000000000e+02 -3.694000747471612445e-02
5.000000000000000000e+02 4.428945193031350036e-02
5.025000000000000000e+02 -4.332514869837778004e-02
5.050000000000000000e+02 5.676048859033395316e-02
5.075000000000000000e+02 -5.199132208714578318e-02
5.100000000000000000e+02 6.735600796965855730e-02
5.125000000000000000e+02 -6.315786237291806660e-02
5.150000000000000000e+02 7.434925185290090777e-02
5.175000000000000000e+02 -7.305123694940457435e-02
5.200000000000000000e+02 8.106651952037204067e-02
5.225000000000000000e+02 -8.178188360359675557e-02
5.250000000000000000e+02 8.941540202296902051e-02
5.275000000000000000e+02 -8.814128575772731122e-02
5.300000000000000000e+02 9.680678247990991137e-02
5.325000000000000000e+02 -8.853131157084800917e-02
5.350000000000000000e+02 1.013200726142576003e-01
5.375000000000000000e+02 -8.601088833985225113e-02
5.400000000000000000e+02 1.012665442213197681e-01
5.425000000000000000e+02 -8.058876952951518624e-02
5.450000000000000000e+02 9.923748841541457644e-02
5.475000000000000000e+02 -8.486354683750438332e-02
5.500000000000000000e+02 1.068516908689705613e-01
5.525000000000000000e+02 -1.001211347141738733e-01
5.550000000000000000e+02 1.133103575459089435e-01
5.575000000000000000e+02 -9.880983096231249485e-02
5.600000000000000000e+02 9.178478819094966490e-02
5.625000000000000000e+02 -6.825845506040079114e-02
5.650000000000000000e+02 5.437130627127085419e-02
5.675000000000000000e+02 -4.490692995149279942e-02
5.700000000000000000e+02 4.301768977543881517e-02
5.725000000000000000e+02 -3.523014568418240261e-02
5.750000000000000000e+02 4.558994588551816551e-02
5.775000000000000000e+02 -2.670329270654581491e-02
5.800000000000000000e+02 4.820429041565195416e-02
5.825000000000000000e+02 -2.543654508303306097e-02
5.850000000000000000e+02 5.617851604247964259e-02
5.875000000000000000e+02 -3.988607621701876355e-02
5.900000000000000000e+02 6.921665266454003762e-02
5.925000000000000000e+02 -5.926600744667529647e-02
5.950000000000000000e+02 8.266206981975668389e-02
5.975000000000000000e+02 -7.989098038203740204e-02
6.000000000000000000e+02 9.674394882235212711e-02
6.025000000000000000e+02 -1.010067805801374285e-01
6.050000000000000000e+02 1.123478565360084558e-01
6.075000000000000000e+02 -1.203608557077354285e-01
6.100000000000000000e+02 1.284507004931395857e-01
6.125000000000000000e+02 -1.370987692406134550e-01
6.150000000000000000e+02 1.440120239888119658e-01
6.175000000000000000e+02 -1.522163478836003059e-01
6.200000000000000000e+02 1.591308809660273715e-01
6.225000000000000000e+02 -1.669256472285249870e-01
6.250000000000000000e+02 1.740221473273902419e-01
6.275000000000000000e+02 -1.813410991307333187e-01
6.300000000000000000e+02 1.882167683638103772e-01
6.325000000000000000e+02 -1.947720044416410556e-01
6.350000000000000000e+02 2.008656291709198238e-01
6.375000000000000000e+02 -2.063324315894319860e-01
6.400000000000000000e+02 2.114915153847324036e-01
6.425000000000000000e+02 -2.162010952672996089e-01
6.450000000000000000e+02 2.245689614798759282e-01
6.475000000000000000e+02 -2.280912030013391711e-01
6.500000000000000000e+02 2.326947402520881669e-01
6.525000000000000000e+02 -2.332464020592343867e-01
6.550000000000000000e+02 2.228782658692672336e-01
6.575000000000000000e+02 -2.165218969016979855e-01
6.600000000000000000e+02 2.117314581005707019e-01
6.625000000000000000e+02 -2.051045688426191560e-01
6.650000000000000000e+02 2.001175441178150438e-01
6.675000000000000000e+02 -1.937804874734952165e-01
6.700000000000000000e+02 1.887538439142727453e-01
6.725000000000000000e+02 -1.824060355140263989e-01
6.750000000000000000e+02 1.775268225921408649e-01
6.775000000000000000e+02 -1.711540546326367762e-01
6.800000000000000000e+02 1.662830160230824306e-01
6.825000000000000000e+02 -1.599963613054559419e-01
6.850000000000000000e+02 1.550049837587367529e-01
6.875000000000000000e+02 -1.488686840572669978e-01
6.900000000000000000e+02 1.436988063657088921e-01
6.925000000000000000e+02 -1.377260909437603154e-01
6.950000000000000000e+02 1.323822547053187804e-01
6.975000000000000000e+02 -1.265680222443556213e-01
7.000000000000000000e+02 1.210717470571291421e-01
7.025000000000000000e+02 -1.154252110899909450e-01
7.050000000000000000e+02 1.097559759206177959e-01
7.075000000000000000e+02 -1.042822291069855911e-01
7.100000000000000000e+02 9.839240895169414081e-02
7.125000000000000000e+02 -9.304833227984633803e-02
7.150000000000000000e+02 8.689567789915919604e-02
7.175000000000000000e+02 -8.158624790983906583e-02
7.200000000000000000e+02 7.515270938840058756e-02
7.225000000000000000e+02 -6.975306976998194020e-02
7.250000000000000000e+02 6.305989919791911424e-02
7.275000000000000000e+02 -5.745597546880756856e-02
7.300000000000000000e+02 5.048194443654917263e-02
7.325000000000000000e+02 -4.458285497429728683e-02
7.350000000000000000e+02 3.756709809822438711e-02
7.375000000000000000e+02 -3.117936502942581650e-02
7.400000000000000000e+02 2.366127651053162931e-02
7.425000000000000000e+02 -1.694935094482452609e-02
7.450000000000000000e+02 8.147597950762129962e-03
7.475000000000000000e+02 -4.349347144579671955e-03
7.500000000000000000e+02 1.099245317526481580e-02
7.525000000000000000e+02 -1.214473431591596951e-02
7.550000000000000000e+02 1.896018690941516857e-02
7.575000000000000000e+02 -2.467692756010095995e-02
7.600000000000000000e+02 3.066942356057022687e-02
7.625000000000000000e+02 -3.750355943302344230e-02
7.650000000000000000e+02 4.416683314832042101e-02
7.675000000000000000e+02 -5.085690325911727122e-02
7.700000000000000000e+02 5.743249977832928788e-02
7.725000000000000000e+02 -6.406704978110695781e-02
7.750000000000000000e+02 7.056743302648738059e-02
7.775000000000000000e+02 -7.709002047252140610e-02
7.800000000000000000e+02 8.351072483396618229e-02
7.825000000000000000e+02 -8.990664290565167360e-02
7.850000000000000000e+02 9.623257483180490401e-02
7.875000000000000000e+02 -1.024966351171588269e-01
7.900000000000000000e+02 1.087153980391582508e-01
7.925000000000000000e+02 -1.148443640196886023e-01
7.950000000000000000e+02 1.209476627786063158e-01
7.975000000000000000e+02 -1.269399692269384261e-01
8.000000000000000000e+02 1.329263567081857556e-01
8.025000000000000000e+02 -1.387820846739549474e-01
8.050000000000000000e+02 1.446530869402841424e-01
8.075000000000000000e+02 -1.503738259335471172e-01
8.100000000000000000e+02 1.561338328020698552e-01
8.125000000000000000e+02 -1.617234652241130999e-01
8.150000000000000000e+02 1.673762830112187905e-01
8.175000000000000000e+02 -1.728391682181306677e-01
8.200000000000000000e+02 1.783922102519688024e-01
8.225000000000000000e+02 -1.837299021840017588e-01
8.250000000000000000e+02 1.891926589357072197e-01
8.275000000000000000e+02 -1.944137918553573152e-01
8.300000000000000000e+02 1.997794353659421707e-01
8.325000000000000000e+02 -2.048864111288676570e-01
8.350000000000000000e+02 2.101805599980152428e-01
8.375000000000000000e+02 -2.151734791825208049e-01
8.400000000000000000e+02 2.203840097753365923e-01
8.425000000000000000e+02 -2.252767842489546701e-01
8.450000000000000000e+02 2.304098217682493122e-01
8.475000000000000000e+02 -2.352028385050047021e-01
8.500000000000000000e+02 2.402633754287024359e-01
8.525000000000000000e+02 -2.449587339624030302e-01
8.550000000000000000e+02 2.499504710526717077e-01
8.575000000000000000e+02 -2.545502847629667054e-01
8.600000000000000000e+02 2.594752687078904496e-01
8.625000000000000000e+02 -2.639823545451870923e-01
8.650000000000000000e+02 2.688425341954107095e-01
8.675000000000000000e+02 -2.732583702653011981e-01
8.700000000000000000e+02 2.780553699848743454e-01
8.725000000000000000e+02 -2.823814354581142827e-01
8.750000000000000000e+02 2.871170341030114259e-01
8.775000000000000000e+02 -2.913539587483016668e-01
8.800000000000000000e+02 2.960292561601904904e-01
8.825000000000000000e+02 -3.001781680207868952e-01
8.850000000000000000e+02 3.047945485809565591e-01
8.875000000000000000e+02 -3.088555177506578375e-01
8.900000000000000000e+02 3.134135966173576260e-01
8.925000000000000000e+02 -3.173879265911338510e-01
8.950000000000000000e+02 3.218872085785020598e-01
8.975000000000000000e+02 -3.257769368750129124e-01
9.000000000000000000e+02 3.302166706613183234e-01
9.025000000000000000e+02 -3.340219796487185477e-01
9.050000000000000000e+02 3.384047652704937903e-01
9.075000000000000000e+02 -3.421216645622279784e-01
9.100000000000000000e+02 3.464493237231360268e-01
9.125000000000000000e+02 -3.500842849826008574e-01
9.150000000000000000e+02 3.543519552632516390e-01
9.175000000000000000e+02 -3.578966042699365802e-01
9.200000000000000000e+02 3.621146521184839817e-01
9.225000000000000000e+02 -3.655733072983229914e-01
9.250000000000000000e+02 3.697300238209260126e-01
9.275000000000000000e+02 -3.731068966887690630e-01
9.300000000000000000e+02 3.772051496181169083e-01
9.325000000000000000e+02 -3.804973369411070450e-01
9.350000000000000000e+02 3.845380376428881308e-01
9.375000000000000000e+02 -3.877439885717588464e-01
9.400000000000000000e+02 3.917277568652321462e-01
9.425000000000000000e+02 -3.948478742815239584e-01
9.450000000000000000e+02 3.987729499089903706e-01
9.475000000000000000e+02 -4.018071364526445977e-01
9.500000000000000000e+02 4.056732635984987567e-01
9.525000000000000000e+02 -4.086214710879136347e-01
9.550000000000000000e+02 4.124273040043188177e-01
9.575000000000000000e+02 -4.152889046509071203e-01
9.600000000000000000e+02 4.190340524087542429e-01
9.625000000000000000e+02 -4.218087542278369240e-01
9.650000000000000000e+02 4.254916938509678004e-01
9.675000000000000000e+02 -4.281788201912362646e-01
9.700000000000000000e+02 4.317987343981927739e-01
9.725000000000000000e+02 -4.343977534423213993e-01
9.750000000000000000e+02 4.379530914645146100e-01
9.775000000000000000e+02 -4.404630486156586033e-01
9.800000000000000000e+02 4.439527762703915914e-01
9.825000000000000000e+02 -4.463730919850194545e-01
9.850000000000000000e+02 4.497955105635247364e-01
9.875000000000000000e+02 -4.521251859408244589e-01
9.900000000000000000e+02 4.554791954514504915e-01
9.925000000000000000e+02 -4.577177955330588577e-01
9.950000000000000000e+02 4.609816750186224166e-01
9.975000000000000000e+02 -4.634137646281292766e-01
1.000000000000000000e+03 -4.651154053439314762e-01
