# z, u, v, w, u_mag
0.000000000000000000e+00 1.800900584580728214e+00 1.933429816971651283e+00 -1.003694230226530662e-02 2.642251788325446604e+00
2.500000000000000000e+00 2.429000045333846280e+00 2.590121083256518464e+00 8.797873282309850301e-03 3.550893669027001209e+00
5.000000000000000000e+00 2.774192679296710207e+00 2.927900398439479357e+00 -7.202261661771769061e-03 4.033459760257757765e+00
7.500000000000000000e+00 2.970154581331381660e+00 3.103064897629663310e+00 5.853824639744721267e-03 4.295446922401451317e+00
1.000000000000000000e+01 3.115499490673720118e+00 3.225257107128456369e+00 -4.636416521519552345e-03 4.484266046950046380e+00
1.250000000000000000e+01 3.237652398881072369e+00 3.322490705125022536e+00 3.854606321865749769e-03 4.639111164825911793e+00
1.500000000000000000e+01 3.343575677826498005e+00 3.402096662177545472e+00 -3.151993855557435730e-03 4.770091188564196116e+00
1.750000000000000000e+01 3.443155356822031443e+00 3.473812558180209287e+00 2.638327020754031513e-03 4.891083669428713421e+00
2.000000000000000000e+01 3.535653908539186485e+00 3.535238845453138712e+00 -2.188616295847886119e-03 4.999876703020841084e+00
2.250000000000000000e+01 3.624520447258499090e+00 3.592382739087182308e+00 1.846573327969636483e-03 5.103172114138375015e+00
2.500000000000000000e+01 3.709480799565930909e+00 3.643332861003278023e+00 -1.547662023597544271e-03 5.199435020622179771e+00
2.750000000000000000e+01 3.792830117121360090e+00 3.691719065386057874e+00 1.313814932147557664e-03 5.292858554806411320e+00
3.000000000000000000e+01 3.871474106659906766e+00 3.735645885540670896e+00 -1.111452069556797140e-03 5.379903640031182377e+00
3.250000000000000000e+01 3.948439619584840798e+00 3.776904950247079729e+00 9.486629970778577428e-04 5.463990056055158639e+00
3.500000000000000000e+01 4.023053251465277924e+00 3.814682469423149147e+00 -8.033427549092180030e-04 5.544074354841321828e+00
3.750000000000000000e+01 4.096998204501823615e+00 3.850897781571676948e+00 6.880498698019645422e-04 5.622704730395990502e+00
4.000000000000000000e+01 4.168934628801023834e+00 3.883788289847216468e+00 -5.873041908317082642e-04 5.697703727335856172e+00
4.250000000000000000e+01 4.240296928003043142e+00 3.914632062309110427e+00 5.073498867097740034e-04 5.771001860881213474e+00
4.500000000000000000e+01 4.310509937192761321e+00 3.943193655406061815e+00 -4.325639654994479816e-04 5.842026387289237732e+00
4.750000000000000000e+01 4.379199880813994916e+00 3.970194910258902699e+00 3.724838780391294185e-04 5.910993094253388591e+00
5.000000000000000000e+01 4.446819735952571406e+00 3.994981596340139163e+00 -3.174945488056492337e-04 5.977799245538150785e+00
5.250000000000000000e+01 4.512908546964879974e+00 4.017855022866081427e+00 2.736762073855738154e-04 6.042309377459708308e+00
5.500000000000000000e+01 4.578171496439387589e+00 4.038997604109363593e+00 -2.335653856290242144e-04 6.105174522596715114e+00
5.750000000000000000e+01 4.642696907181015575e+00 4.059125159862809973e+00 2.059453618582281903e-04 6.166938598510037117e+00
6.000000000000000000e+01 4.705839864710418929e+00 4.077191174637461835e+00 -1.815922117590610296e-04 6.226428891412404631e+00
6.250000000000000000e+01 4.767911052914584502e+00 4.094056183181280950e+00 1.631748306293886552e-04 6.284446822607059779e+00
6.500000000000000000e+01 4.829154250918090696e+00 4.109515418462992287e+00 -1.423673026803184050e-04 6.341044691059493310e+00
6.750000000000000000e+01 4.889295537450578877e+00 4.124211418135752538e+00 1.248873380402367383e-04 6.396431090038593226e+00
7.000000000000000000e+01 4.948697540865484967e+00 4.137190245904729835e+00 -1.062576518977884456e-04 6.450267474536852674e+00
7.250000000000000000e+01 5.007202049960314483e+00 4.149685778045605566e+00 9.399461156741855511e-05 6.503227232265202495e+00
7.500000000000000000e+01 5.064335509078096820e+00 4.160836432779589700e+00 -8.176588901431413767e-05 6.554391960780264093e+00
7.750000000000000000e+01 5.120834208942852683e+00 4.171528772926362372e+00 7.510732699402458798e-05 6.604891770837203246e+00
8.000000000000000000e+01 5.176819004076308239e+00 4.181452133079665678e+00 -6.679088777392878169e-05 6.654622224188472046e+00
8.250000000000000000e+01 5.231970635329774133e+00 4.189859955858983298e+00 6.041259199429586637e-05 6.702868280244910437e+00
8.500000000000000000e+01 5.286495298971009227e+00 4.197243444591141959e+00 -5.272323741210667371e-05 6.750102597885875078e+00
8.750000000000000000e+01 5.339944384887183482e+00 4.203648459853438268e+00 4.766026579054208990e-05 6.796003708797386800e+00
9.000000000000000000e+01 5.392332527094142236e+00 4.209108706273152478e+00 -4.411997434286242325e-05 6.840602764810168601e+00
9.250000000000000000e+01 5.443689551234395907e+00 4.213500465071362555e+00 4.399710050709480623e-05 6.883846461195286537e+00
9.500000000000000000e+01 5.494332340331169462e+00 4.217764600702719413e+00 -4.031315268152779925e-05 6.926559470225828186e+00
9.750000000000000000e+01 5.544004612452223313e+00 4.221378398236966589e+00 3.787049281697458803e-05 6.968215175023471986e+00
1.000000000000000000e+02 5.592637078403512874e+00 4.223957786493273581e+00 -3.213889532156594608e-05 7.008524015357573411e+00
1.025000000000000000e+02 5.640441024021499494e+00 4.225960324955331693e+00 2.872884141338545875e-05 7.047929881489075399e+00
1.050000000000000000e+02 5.687493974411707676e+00 4.227332495326646900e+00 -2.582432086960796173e-05 7.086460875195812470e+00
1.075000000000000000e+02 5.733827026391729476e+00 4.228075120702765588e+00 2.562689638938008967e-05 7.124141463751451298e+00
1.100000000000000000e+02 5.780735885281533371e+00 4.228689248829654801e+00 -2.425188136208347996e-05 7.162312485443324661e+00
1.125000000000000000e+02 5.826990750667108365e+00 4.228303000205784201e+00 2.461715129514202159e-05 7.199469943719139842e+00
1.150000000000000000e+02 5.872194442623360544e+00 4.227409417895978017e+00 -2.341630320792772305e-05 7.235582765682431194e+00
1.175000000000000000e+02 5.916908333801672804e+00 4.226418904652470943e+00 2.298340388755021847e-05 7.271342447495078964e+00
1.200000000000000000e+02 5.960811620743959871e+00 4.224302392943632078e+00 -2.072156076950942789e-05 7.305888439160217018e+00
1.225000000000000000e+02 6.004202041158058556e+00 4.221913119571000905e+00 1.845602324409892077e-05 7.339958619814757945e+00
1.250000000000000000e+02 6.046824554534285134e+00 4.218929598605903664e+00 -1.508537686544780160e-05 7.373157678467163301e+00
1.275000000000000000e+02 6.088641292856886267e+00 4.215410004104783503e+00 1.453715989127027106e-05 7.405486769686378423e+00
1.300000000000000000e+02 6.129632244956532361e+00 4.211713263152833342e+00 -1.218881613857290765e-05 7.437131172002878543e+00
1.325000000000000000e+02 6.170067566518410374e+00 4.207555755129560815e+00 1.046385713932454358e-05 7.468149650886476643e+00
1.350000000000000000e+02 6.209861463662840642e+00 4.202826624646347042e+00 -8.196665971538862169e-06 7.498408566808572040e+00
1.375000000000000000e+02 6.249828305362771452e+00 4.197822373104622251e+00 6.250592200370815356e-06 7.528749333235267294e+00
1.400000000000000000e+02 6.288727877330257066e+00 4.192665413484251147e+00 -4.864819386994135688e-06 7.558210210397793283e+00
1.425000000000000000e+02 6.327072568718004497e+00 4.187651412044177235e+00 5.717117611067646917e-06 7.587375807132010763e+00
1.450000000000000000e+02 6.363974186189154558e+00 4.182441776469044470e+00 -5.610249301472246378e-06 7.615312643356602962e+00
1.475000000000000000e+02 6.399567186845593447e+00 4.177180239973387721e+00 6.387120754767866618e-06 7.642204847831268744e+00
1.500000000000000000e+02 6.434985433109682518e+00 4.171879673407456579e+00 -4.596582821925749843e-06 7.669003685860716679e+00
1.525000000000000000e+02 6.469523783470930489e+00 4.166857386863370039e+00 5.224469782591207384e-06 7.695286769664997806e+00
1.550000000000000000e+02 6.503756161857994655e+00 4.162026482504952440e+00 -4.598802414686883993e-06 7.721483578561799455e+00
1.575000000000000000e+02 6.536795614156468481e+00 4.156691785133847183e+00 3.911963617614237413e-06 7.746469098748781867e+00
1.600000000000000000e+02 6.569076654941467197e+00 4.150806418303419676e+00 -3.382749133036845574e-06 7.770583119736721223e+00
1.625000000000000000e+02 6.601122565488277694e+00 4.144614272132097987e+00 5.104199338197140261e-06 7.794398410999124671e+00
1.650000000000000000e+02 6.632596331655789434e+00 4.137925929471592212e+00 -5.282895787279604651e-06 7.817529347339546852e+00
1.675000000000000000e+02 6.663563419785926811e+00 4.131138935606492701e+00 7.250305371055163828e-06 7.840241472993394467e+00
1.700000000000000000e+02 6.694437790152819368e+00 4.123566998627429037e+00 -7.212978587192683640e-06 7.862525174423762309e+00
1.725000000000000000e+02 6.724398564259205457e+00 4.115952398562841452e+00 7.585270445271060151e-06 7.884072564246476844e+00
1.750000000000000000e+02 6.752953292221430814e+00 4.107959505553133717e+00 -6.819455314082274000e-06 7.904284247560629417e+00
1.775000000000000000e+02 6.781308077271749113e+00 4.099933743769251571e+00 6.170042578275077636e-06 7.924367226612285542e+00
1.800000000000000000e+02 6.808898209541825786e+00 4.091794221980821433e+00 -4.900174605531508304e-06 7.943794734442823469e+00
1.825000000000000000e+02 6.836815011361424332e+00 4.083970188080618513e+00 4.102718184492149453e-06 7.963720989382098381e+00
1.850000000000000000e+02 6.864152340953731724e+00 4.076098756647184906e+00 -2.893042171287320627e-06 7.983180345812669110e+00
1.875000000000000000e+02 6.891082432622729570e+00 4.068062967533333740e+00 2.820271578853173454e-06 8.002259268545707016e+00
1.900000000000000000e+02 6.916557923394367258e+00 4.059752948386647020e+00 -1.978438802022491605e-06 8.019997974414168951e+00
1.925000000000000000e+02 6.942141318084075863e+00 4.051862609456661879e+00 1.640287835718827536e-06 8.038091607226538926e+00
1.950000000000000000e+02 6.966929038600900626e+00 4.043827514681573199e+00 -4.061220341100982486e-07 8.055472748225046331e+00
1.975000000000000000e+02 6.991175400521033367e+00 4.035903297754535934e+00 -2.173949330854957641e-07 8.072487157603685404e+00
2.000000000000000000e+02 7.014478257644649162e+00 4.027876135302445704e+00 1.740846462225285464e-06 8.088676739016802841e+00
2.025000000000000000e+02 7.037330269972095209e+00 4.019954588183293431e+00 -2.418588387276312661e-06 8.104569835575931691e+00
2.050000000000000000e+02 7.059217357959086669e+00 4.011998481700826957e+00 3.970680124375618723e-06 8.119647869464314383e+00
2.075000000000000000e+02 7.080678842712782028e+00 4.003926637692353907e+00 -4.857860406004958797e-06 8.134337182197848293e+00
2.100000000000000000e+02 7.102018353764661285e+00 3.996564674681253759e+00 6.703380918749990583e-06 8.149306344478965514e+00
2.125000000000000000e+02 7.123627112709420395e+00 3.989708716419655410e+00 -8.220240432526828030e-06 8.164792641755900249e+00
2.150000000000000000e+02 7.144280403160471415e+00 3.982844212199546874e+00 1.017509417967197702e-05 8.179473729876372445e+00
2.175000000000000000e+02 7.164473187983121605e+00 3.975899463282391189e+00 -1.119098964167757309e-05 8.193744724091878595e+00
2.200000000000000000e+02 7.183935318204957454e+00 3.969173353221716827e+00 1.329972474037879342e-05 8.207512641735910108e+00
2.225000000000000000e+02 7.202822527395728258e+00 3.962591181214459635e+00 -1.488957189199713176e-05 8.220874724189615179e+00
2.250000000000000000e+02 7.221176207041559714e+00 3.956278607640006939e+00 1.713186560550764028e-05 8.233925323605173929e+00
2.275000000000000000e+02 7.239272491672681831e+00 3.950136822540383008e+00 -1.892805396376109813e-05 8.246856802796838082e+00
2.300000000000000000e+02 7.256473106718381416e+00 3.944200242801630285e+00 2.140478279205143848e-05 8.259123289084726594e+00
2.325000000000000000e+02 7.273149592808067609e+00 3.938239414777168435e+00 -2.325911848953144821e-05 8.270939166020360389e+00
2.350000000000000000e+02 7.289654695333307899e+00 3.932405578561637416e+00 2.569281376902351127e-05 8.282685507258968016e+00
2.375000000000000000e+02 7.305852876496141235e+00 3.926621580955547586e+00 -2.754072339448356387e-05 8.294205404605751397e+00
2.400000000000000000e+02 7.321645608692602281e+00 3.920679914085039020e+00 2.975894883744958458e-05 8.305313083134381102e+00
2.425000000000000000e+02 7.336688456689478777e+00 3.914769521386331164e+00 -3.157111306426757004e-05 8.315793282489215343e+00
2.450000000000000000e+02 7.351254361963193595e+00 3.908998393403291693e+00 3.416947002424655189e-05 8.325935931478211316e+00
2.475000000000000000e+02 7.365417538032197342e+00 3.903636673999819617e+00 -3.635414953562343785e-05 8.335931549231331061e+00
2.500000000000000000e+02 7.379275529334006656e+00 3.898657941883113320e+00 3.914779485430000381e-05 8.345851729282548703e+00
2.525000000000000000e+02 7.392263411494131020e+00 3.893894406487372617e+00 -4.174277737938010747e-05 8.355116515975762326e+00
2.550000000000000000e+02 7.404659933006705330e+00 3.889472572667502348e+00 4.478667210741552713e-05 8.364029269378095321e+00
2.575000000000000000e+02 7.416796658450454771e+00 3.885539464911803353e+00 -4.738183928593777154e-05 8.372949874950522897e+00
2.600000000000000000e+02 7.428508201818798007e+00 3.881794468298823464e+00 5.061883724760689221e-05 8.381590684420633153e+00
2.625000000000000000e+02 7.439759745945121239e+00 3.878491356276937641e+00 -5.355559768561740669e-05 8.390036965411329817e+00
2.650000000000000000e+02 7.450071900644091194e+00 3.875545891512156338e+00 5.709814878180789955e-05 8.397822770530682490e+00
2.675000000000000000e+02 7.459197484212771734e+00 3.872935017575048544e+00 -6.008605332862415046e-05 8.404716102430558777e+00
2.700000000000000000e+02 7.467185714036117972e+00 3.870728439234794482e+00 6.389436708620778015e-05 8.410790756063819984e+00
2.725000000000000000e+02 7.474131894102557183e+00 3.868839252687165775e+00 -6.705056084504579640e-05 8.416089634626631621e+00
2.750000000000000000e+02 7.480122441452214055e+00 3.867242606778194425e+00 7.101525458454656966e-05 8.420676761629126261e+00
2.775000000000000000e+02 7.485355991505173279e+00 3.865965959305484034e+00 -7.437921519754001835e-05 8.424740181370784953e+00
2.800000000000000000e+02 7.489713494452903575e+00 3.864924453953519023e+00 7.844975258979730581e-05 8.428134388458230930e+00
2.825000000000000000e+02 7.493301480154586081e+00 3.864115360765878471e+00 -8.201144130816118193e-05 8.430952176386696806e+00
2.850000000000000000e+02 7.496265656534579769e+00 3.863432917159003388e+00 8.617081046511155021e-05 8.433274139155738425e+00
2.875000000000000000e+02 7.498655746460619831e+00 3.862875091183774590e+00 -9.001110272389297958e-05 8.435143269803834443e+00
2.900000000000000000e+02 7.500560716592565846e+00 3.862313013838688747e+00 9.424265522969479817e-05 8.436579454319206306e+00
2.925000000000000000e+02 7.502082601685032159e+00 3.861815411184053470e+00 -9.837461605282773265e-05 8.437704761500100403e+00
2.950000000000000000e+02 7.503215278026051038e+00 3.861314385230242507e+00 1.027306077710432103e-04 8.438482582819208488e+00
2.975000000000000000e+02 7.503987746533521630e+00 3.860855366899633268e+00 -1.070957831447854209e-04 8.438959430860682787e+00
3.000000000000000000e+02 7.504596845224950741e+00 3.860364639096059758e+00 1.116154913286839228e-04 8.439276566661478185e+00
3.025000000000000000e+02 7.505018607822574239e+00 3.859940075971037388e+00 -1.161915982020077307e-04 8.439457429678217437e+00
3.050000000000000000e+02 7.505321414893645127e+00 3.859445587019506352e+00 1.208967428189652084e-04 8.439500565474327587e+00
3.075000000000000000e+02 7.505615207410659018e+00 3.859113873235833214e+00 -1.256830901329686031e-04 8.439610153562288275e+00
3.100000000000000000e+02 7.505834556010540837e+00 3.858633379331511293e+00 1.305939230639887715e-04 8.439585532201688167e+00
3.125000000000000000e+02 7.506093891722502853e+00 3.858232514045234041e+00 -1.356100095037127964e-04 8.439632910392473875e+00
3.150000000000000000e+02 7.506445460954200399e+00 3.857746938636957612e+00 1.407266431628458785e-04 8.439723628214771622e+00
3.175000000000000000e+02 7.506946796622854912e+00 3.857438327069458328e+00 -1.459721352231792702e-04 8.440028476005187130e+00
3.200000000000000000e+02 7.507396034431026877e+00 3.857054602315134417e+00 1.513508664277844100e-04 8.440252688512243751e+00
3.225000000000000000e+02 7.507968151355339792e+00 3.856807271400625403e+00 -1.568191719661722226e-04 8.440648560098157560e+00
3.250000000000000000e+02 7.508601572809534552e+00 3.856553994833765042e+00 1.624075768807865404e-04 8.441096274811838995e+00
3.275000000000000000e+02 7.509198215182095737e+00 3.856434089025377432e+00 -1.681202220635972838e-04 8.441572231886389943e+00
3.300000000000000000e+02 7.509666327458706547e+00 3.856233387277494540e+00 1.739516449807855926e-04 8.441896962009188599e+00
3.325000000000000000e+02 7.510127160534043611e+00 3.856191736390673253e+00 -1.799144770421286037e-04 8.442287883480879884e+00
3.350000000000000000e+02 7.510520490346223710e+00 3.856031213290465942e+00 1.859978203658521287e-04 8.442564467528573147e+00
3.375000000000000000e+02 7.510911578764982721e+00 3.856109641965937751e+00 -1.921968805317102636e-04 8.442948202602465813e+00
3.400000000000000000e+02 7.511171078852132865e+00 3.856040226431445728e+00 1.985404026406402368e-04 8.443147354100867474e+00
3.425000000000000000e+02 7.511449721529664281e+00 3.856249271963446468e+00 -2.050276777266233437e-04 8.443490712295657730e+00
3.450000000000000000e+02 7.511633418205473589e+00 3.856202864702420463e+00 2.116530693874845153e-04 8.443632937784387948e+00
3.475000000000000000e+02 7.511769859709712449e+00 3.856400012272691580e+00 -2.184061843208390914e-04 8.443844357139782986e+00
3.500000000000000000e+02 7.511773541661879605e+00 3.856325875304491113e+00 2.253135217299644772e-04 8.443813773912863141e+00
3.525000000000000000e+02 7.511729329709548431e+00 3.856508782350511311e+00 -2.323558544785339435e-04 8.443857978741384329e+00
3.550000000000000000e+02 7.511615577593671489e+00 3.856319322972701524e+00 2.395603044777779142e-04 8.443670254318893953e+00
3.575000000000000000e+02 7.511505474824444306e+00 3.856415029822235052e+00 -2.469104846076896763e-04 8.443616016939733626e+00
3.600000000000000000e+02 7.511371529881730069e+00 3.856206409751727460e+00 2.544069031947086834e-04 8.443401577519038526e+00
3.625000000000000000e+02 7.511277364365020581e+00 3.856247943444653270e+00 -2.620509562078925971e-04 8.443336776086463047e+00
3.650000000000000000e+02 7.511139099901828153e+00 3.855963914422412042e+00 2.698492270935962177e-04 8.443084055025181556e+00
3.675000000000000000e+02 7.511086797226021794e+00 3.856032547735614102e+00 -2.777940314031947049e-04 8.443068871081710114e+00
3.700000000000000000e+02 7.511034864900040908e+00 3.855765567873448152e+00 2.858974228377567420e-04 8.442900741918014873e+00
3.725000000000000000e+02 7.510963890320300429e+00 3.855907743488413697e+00 -2.941483914226120859e-04 8.442902532572116314e+00
3.750000000000000000e+02 7.510911916131575161e+00 3.855701266593427157e+00 3.025532202928082480e-04 8.442761998341294927e+00
3.775000000000000000e+02 7.510741450607525849e+00 3.855944045588835856e+00 -3.111062438948912208e-04 8.442721227031787734e+00
3.800000000000000000e+02 7.510603485497711951e+00 3.855752238738269888e+00 3.198139192158113873e-04 8.442510891031560050e+00
3.825000000000000000e+02 7.510542300612044642e+00 3.856006147000293538e+00 -3.286808707626118404e-04 8.442572425689816029e+00
3.850000000000000000e+02 7.510478524251232635e+00 3.855826375230436032e+00 3.377012627958136861e-04 8.442433583582626966e+00
3.875000000000000000e+02 7.510540657609495518e+00 3.856107613476583929e+00 -3.468737511167936920e-04 8.442617308432186718e+00
3.900000000000000000e+02 7.510572667041468975e+00 3.855912118855872706e+00 3.562193195962378876e-04 8.442556495644089054e+00
3.925000000000000000e+02 7.510789309765453226e+00 3.856140592815474832e+00 -3.657290206283886672e-04 8.442853573348529039e+00
3.950000000000000000e+02 7.510944569218281686e+00 3.856016981367103469e+00 3.754048790948331417e-04 8.442935237427199979e+00
3.975000000000000000e+02 7.511183497138274490e+00 3.856248477866304203e+00 -3.852449822097048183e-04 8.443253519771998228e+00
4.000000000000000000e+02 7.511261606413293990e+00 3.856103074031850486e+00 3.952724355135159360e-04 8.443256598835345628e+00
4.025000000000000000e+02 7.511528645996555120e+00 3.856366064283752948e+00 -4.054713934279887766e-04 8.443614272679280219e+00
4.050000000000000000e+02 7.511632274099686590e+00 3.856238229503305082e+00 4.158622517903200633e-04 8.443648078699172999e+00
4.075000000000000000e+02 7.511872203156547911e+00 3.856554725012300455e+00 -4.264254421778188530e-04 8.444006070900787364e+00
4.100000000000000000e+02 7.511831988559745987e+00 3.856327573102625639e+00 4.371884045149272268e-04 8.443866553099638850e+00
4.125000000000000000e+02 7.512034567120561057e+00 3.856601230955332138e+00 -4.481420442449874004e-04 8.444171752934190422e+00
4.150000000000000000e+02 7.511905858436191075e+00 3.856265151069983244e+00 4.593006097596747154e-04 8.443903762616070452e+00
4.175000000000000000e+02 7.512161065230513302e+00 3.856536309143766328e+00 -4.706608111685269035e-04 8.444254638227761234e+00
4.200000000000000000e+02 7.512119277986873733e+00 3.856229167990255835e+00 4.822295756591901098e-04 8.444077195011081116e+00
4.225000000000000000e+02 7.512293950815571719e+00 3.856501039662420638e+00 -4.940066872149942879e-04 8.444356749712802923e+00
4.250000000000000000e+02 7.512091001085087427e+00 3.855959114531841259e+00 5.060207221909246130e-04 8.443928715804137397e+00
4.275000000000000000e+02 7.512235240043032114e+00 3.856146662696952276e+00 -5.182597538674666880e-04 8.444142683219322265e+00
4.300000000000000000e+02 7.512072118464735659e+00 3.855500825559167399e+00 5.307366231424737874e-04 8.443702648162359381e+00
4.325000000000000000e+02 7.512040799602340613e+00 3.855710314806248817e+00 -5.434313120143168712e-04 8.443770443463694875e+00
4.350000000000000000e+02 7.511918097114072879e+00 3.855151817831429906e+00 5.563479149077976390e-04 8.443406264405490802e+00
4.375000000000000000e+02 7.511922774956797610e+00 3.855446707525907346e+00 -5.694806729031045775e-04 8.443545073948218516e+00
4.400000000000000000e+02 7.511835573832101431e+00 3.854870205732656263e+00 5.828398416680700186e-04 8.443204269176311172e+00
4.425000000000000000e+02 7.511879298009373152e+00 3.855383640490754438e+00 -5.964316533209370859e-04 8.443477598653071681e+00
4.450000000000000000e+02 7.511798009735505488e+00 3.854834540070206650e+00 6.102633242352395633e-04 8.443154567032745916e+00
4.475000000000000000e+02 7.511750897230057511e+00 3.855478779344814644e+00 -6.243364609241229459e-04 8.443406809446692307e+00
4.500000000000000000e+02 7.511527605471943758e+00 3.854862321252461310e+00 6.386672058284545298e-04 8.442926678082356418e+00
4.525000000000000000e+02 7.511421171441480027e+00 3.855668359964024017e+00 -6.532413917444286058e-04 8.443200041662597854e+00
4.550000000000000000e+02 7.511072177467751132e+00 3.854842563860865212e+00 6.680853369655609343e-04 8.442512475183058029e+00
4.575000000000000000e+02 7.510945773156642247e+00 3.855816600022750507e+00 -6.831903184549812129e-04 8.442844812446788083e+00
4.600000000000000000e+02 7.510609217054087239e+00 3.854663543756167599e+00 6.985612267697836105e-04 8.442018854210671108e+00
4.625000000000000000e+02 7.510506104888731826e+00 3.855877373848293654e+00 -7.141774107641735191e-04 8.442481435204669538e+00
4.650000000000000000e+02 7.510303478256223464e+00 3.854296088123500663e+00 7.300377120450678766e-04 8.441579070493073544e+00
4.675000000000000000e+02 7.510053165238254280e+00 3.855707869150292399e+00 -7.461243499391404096e-04 8.442001082304726012e+00
4.700000000000000000e+02 7.509968720055507418e+00 3.853941179481848778e+00 7.624372585079363350e-04 8.441119201410952400e+00
4.725000000000000000e+02 7.509673152265005314e+00 3.855379736765478516e+00 -7.789758767014693438e-04 8.441513156734108847e+00
4.750000000000000000e+02 7.509599273306374556e+00 3.853587125073607123e+00 7.957508802384477943e-04 8.440628863384301184e+00
4.775000000000000000e+02 7.509353719097843438e+00 3.855007752483092354e+00 -8.127571882874895471e-04 8.441059098881348532e+00
4.800000000000000000e+02 7.509247225078556909e+00 3.853316914162877804e+00 8.299892815419696946e-04 8.440192285558779872e+00
4.825000000000000000e+02 7.509243922616934519e+00 3.854686983089836261e+00 -8.474379102869985950e-04 8.440814933708274737e+00
4.850000000000000000e+02 7.509088774018559675e+00 3.852971462505982103e+00 8.651060692003380943e-04 8.439893604506252700e+00
4.875000000000000000e+02 7.509292868339577431e+00 3.854426891978699476e+00 -8.829877039138719691e-04 8.440739708566512789e+00
4.900000000000000000e+02 7.509075302818595254e+00 3.852566813286611769e+00 9.010941721875446748e-04 8.439696900138550006e+00
4.925000000000000000e+02 7.509516971772757010e+00 3.854182707720299916e+00 -9.194336818582851028e-04 8.440827586154782125e+00
4.950000000000000000e+02 7.509135822900240065e+00 3.852097860413168817e+00 9.380258824207307698e-04 8.439536694206378087e+00
4.975000000000000000e+02 7.509901916775211461e+00 3.853900181161427074e+00 -9.568805174910197759e-04 8.441041068586290663e+00
5.000000000000000000e+02 7.509228621013809502e+00 3.851779968717074620e+00 9.760197249684190177e-04 8.439474175721942473e+00
5.025000000000000000e+02 7.510331527920597772e+00 3.853724469030373800e+00 -9.954566920425936185e-04 8.441343076395817491e+00
5.050000000000000000e+02 7.509378359010936421e+00 3.851596243121649721e+00 1.015209456174883448e-03 8.439523564127350497e+00
5.075000000000000000e+02 7.510931821395682384e+00 3.853763544128963936e+00 -1.035294310027674511e-03 8.441895009507403458e+00
5.100000000000000000e+02 7.509657388520175836e+00 3.851510937825488590e+00 1.055728381019761667e-03 8.439732917083777153e+00
5.125000000000000000e+02 7.511571744690170860e+00 3.853884356296123137e+00 -1.076517810466493105e-03 8.442519521222459744e+00
5.150000000000000000e+02 7.509919614604119609e+00 3.851406280155323270e+00 1.097672253998455139e-03 8.439918492350500401e+00
5.175000000000000000e+02 7.512014121698222802e+00 3.853997165189411156e+00 -1.119195456304134147e-03 8.442964619520799019e+00
5.200000000000000000e+02 7.510090972718637126e+00 3.851218005703417102e+00 1.141096325230964853e-03 8.439985062075939126e+00
5.225000000000000000e+02 7.512293133276625845e+00 3.854132149472629720e+00 -1.163382579609517631e-03 8.443274489161932905e+00
5.250000000000000000e+02 7.510213300205761833e+00 3.850947810850220865e+00 1.186068078226961775e-03 8.439970631657264022e+00
5.275000000000000000e+02 7.512541220927834829e+00 3.854283399342904648e+00 -1.209168062616013551e-03 8.443564269944154432e+00
5.300000000000000000e+02 7.510467924199662804e+00 3.850596946948271704e+00 1.232694090252556621e-03 8.440037133082652687e+00
5.325000000000000000e+02 7.512814845492751914e+00 3.854466166570100771e+00 -1.256667173977684413e-03 8.443891159359070642e+00
5.350000000000000000e+02 7.511010096643008005e+00 3.850294313948917413e+00 1.281096960960045059e-03 8.440381544522143287e+00
5.375000000000000000e+02 7.513225044317176859e+00 3.854732513652805892e+00 -1.305996257869679192e-03 8.444377716800282485e+00
5.400000000000000000e+02 7.511770880642210990e+00 3.850164896991239427e+00 1.331376353964744885e-03 8.440999542107013198e+00
5.425000000000000000e+02 7.513632917155949720e+00 3.855206320801471964e+00 -1.357238559087731167e-03 8.444956911187501802e+00
5.450000000000000000e+02 7.512674737020868854e+00 3.850201597462636460e+00 1.383600031779055320e-03 8.441820654321226414e+00
5.475000000000000000e+02 7.514107879741668050e+00 3.855828468250922292e+00 -1.410455985610827674e-03 8.445663525997005650e+00
5.500000000000000000e+02 7.513362441564670036e+00 3.850109751937827340e+00 1.437837579920357147e-03 8.442390795720031704e+00
5.525000000000000000e+02 7.514732760087832197e+00 3.856423559036377569e+00 -1.465759702168956081e-03 8.446491180998153325e+00
5.550000000000000000e+02 7.513947667492161919e+00 3.849568029492732357e+00 1.494264165165364597e-03 8.442664614701264725e+00
5.575000000000000000e+02 7.515143706236585786e+00 3.856679839649385766e+00 -1.523351637798265636e-03 8.446973815014795051e+00
5.600000000000000000e+02 7.515038993090871422e+00 3.848679853251880445e+00 1.553021192676540003e-03 8.443231022089706883e+00
5.625000000000000000e+02 7.514997737711055947e+00 3.856344096491286955e+00 -1.583214667911794988e-03 8.446690671198643585e+00
5.650000000000000000e+02 7.516654511860724419e+00 3.847493125334853659e+00 1.613871540078229546e-03 8.444128196845220202e+00
5.675000000000000000e+02 7.514835240553312978e+00 3.855497668567355873e+00 -1.644893118425192965e-03 8.446159699571376578e+00
5.700000000000000000e+02 7.517793010561157452e+00 3.846059915000792806e+00 1.676141075362049850e-03 8.444488819867487450e+00
5.725000000000000000e+02 7.514931607161665639e+00 3.855139759316307035e+00 -1.707485202049386676e-03 8.446082082225137455e+00
5.750000000000000000e+02 7.518980484459889091e+00 3.844383506453884713e+00 1.738789200049607221e-03 8.444782714420259850e+00
5.775000000000000000e+02 7.515197693632990728e+00 3.855441602986964256e+00 -1.769929513201104389e-03 8.446456621630149542e+00
5.800000000000000000e+02 7.520580772587235785e+00 3.842785174763116540e+00 1.800807774815734764e-03 8.445480229051316456e+00
5.825000000000000000e+02 7.515764615291628203e+00 3.856041786508656699e+00 -1.831340571753577954e-03 8.447235013042959650e+00
5.850000000000000000e+02 7.522399786571868141e+00 3.841054351711413073e+00 1.861450432305177503e-03 8.446312837375572258e+00
5.875000000000000000e+02 7.516536381687545898e+00 3.856959502141456664e+00 -1.891052375709451668e-03 8.448340627275326753e+00
5.900000000000000000e+02 7.523902414556372875e+00 3.839416857517262027e+00 1.920062381113283017e-03 8.446906714069625011e+00
5.925000000000000000e+02 7.517064795543332067e+00 3.858215272998007261e+00 -1.948377220918771826e-03 8.449384121305280715e+00
5.950000000000000000e+02 7.524936574766500463e+00 3.838191834094432764e+00 1.975916881678595454e-03 8.447271211096238019e+00
5.975000000000000000e+02 7.517313899177987757e+00 3.859527730847002402e+00 -2.002598306847030822e-03 8.450205120253091451e+00
6.000000000000000000e+02 7.525539176694535648e+00 3.837250660484832210e+00 2.028367444791635485e-03 8.447380460570604654e+00
6.025000000000000000e+02 7.517399423467424846e+00 3.860631944513769565e+00 -2.053171737760314981e-03 8.450785603626608022e+00
6.050000000000000000e+02 7.525806451595671298e+00 3.836425421983161943e+00 2.076983362924448868e-03 8.447243756349026356e+00
6.075000000000000000e+02 7.517395088088618671e+00 3.861471588494662655e+00 -2.099771580591191719e-03 8.451165372196372871e+00
6.100000000000000000e+02 7.525882213119839292e+00 3.835694671778196785e+00 2.121524748758108966e-03 8.446979412886507887e+00
6.125000000000000000e+02 7.517358843073794539e+00 3.862112975485689770e+00 -2.142227025833384063e-03 8.451426222839039326e+00
6.150000000000000000e+02 7.525890772014485641e+00 3.835055709813222968e+00 2.161876948818465712e-03 8.446696921482132581e+00
6.175000000000000000e+02 7.517321914331693833e+00 3.862656430127674234e+00 -2.180468093608176842e-03 8.451641746745970352e+00
6.200000000000000000e+02 7.525899380990525245e+00 3.834458217015010550e+00 2.198004462127108646e-03 8.446433338519350187e+00
6.225000000000000000e+02 7.517287363962307012e+00 3.863185968119683178e+00 -2.214483309122942251e-03 8.451853053656369852e+00
6.250000000000000000e+02 7.525933217773656203e+00 3.833849273292231352e+00 2.229909267554569183e-03 8.446187069986530460e+00
6.275000000000000000e+02 7.517241144853089807e+00 3.863742540519694124e+00 -2.244279188432772923e-03 8.452066367822892445e+00
6.300000000000000000e+02 7.526005019567627130e+00 3.833207945478024126e+00 2.257594931558238455e-03 8.445959969391747535e+00
6.325000000000000000e+02 7.517163711617315336e+00 3.864334634036304728e+00 -2.269850351620823509e-03 8.452268191632903438e+00
6.350000000000000000e+02 7.526121144081433734e+00 3.832541959648004593e+00 2.281042928422701618e-03 8.445761217972542312e+00
6.375000000000000000e+02 7.517037241184453933e+00 3.864956836934688056e+00 -2.291162402626908175e-03 8.452440208966127244e+00
6.400000000000000000e+02 7.526282150244802516e+00 3.831872526707368998e+00 2.300179926393141738e-03 8.445600947052609442e+00
6.425000000000000000e+02 7.516861442769243951e+00 3.865600435382457789e+00 -2.308756708026498891e-03 8.452578186930749027e+00
6.450000000000000000e+02 7.526473440490917710e+00 3.831202534007312810e+00 2.304850716690815416e-03 8.445467460083904143e+00
6.475000000000000000e+02 7.516801935951364477e+00 3.866241759209987805e+00 -2.393575288837726522e-03 8.452818607670696593e+00
6.500000000000000000e+02 7.526643367086272463e+00 3.830663783727933591e+00 2.125519521005841527e-03 8.445374468731497331e+00
6.525000000000000000e+02 7.517434372169241819e+00 3.865262045697334337e+00 -2.520499693591827899e-03 8.452933016101487951e+00
6.550000000000000000e+02 7.525499753612062470e+00 3.832919566714923842e+00 2.283360047359528962e-03 8.445378864222400139e+00
6.575000000000000000e+02 7.517985274030007048e+00 3.863381491837894810e+00 -2.308705046741178074e-03 8.452563188886944801e+00
6.600000000000000000e+02 7.524792782857780082e+00 3.834803998612099640e+00 2.362321109204196159e-03 8.445604401893383795e+00
6.625000000000000000e+02 7.518748489664558221e+00 3.861490322213664950e+00 -2.329114179144088637e-03 8.452377877506172865e+00
6.650000000000000000e+02 7.524092914154112854e+00 3.836686672877109849e+00 2.333119647722416753e-03 8.445835911862380030e+00
6.675000000000000000e+02 7.519496479679188106e+00 3.859621910067124517e+00 -2.334608690016158530e-03 8.452189896528333080e+00
6.700000000000000000e+02 7.523380168839599591e+00 3.838567416680583655e+00 2.329655585072785279e-03 8.446055553013250616e+00
6.725000000000000000e+02 7.520244775444199448e+00 3.857756773840289366e+00 -2.326204458620662833e-03 8.452004154041430795e+00
6.750000000000000000e+02 7.522667576801374878e+00 3.840441862921800009e+00 2.322021153206376039e-03 8.446272939310164318e+00
6.775000000000000000e+02 7.520998466490326884e+00 3.855897627689391705e+00 -2.316891419244442724e-03 8.451826418955631581e+00
6.800000000000000000e+02 7.521954282069652997e+00 3.842312731380728152e+00 2.311173706658119307e-03 8.446488541920857074e+00
6.825000000000000000e+02 7.521753554674581288e+00 3.854042366669523378e+00 -2.304913725142761823e-03 8.451652170668797481e+00
6.850000000000000000e+02 7.521236467607386622e+00 3.844179961262659262e+00 2.298103174599160341e-03 8.446698932572347829e+00
6.875000000000000000e+02 7.522507081843553323e+00 3.852187813076960232e+00 -2.290835966067714721e-03 8.451477325978842714e+00
6.900000000000000000e+02 7.520511702693470468e+00 3.846044100500570995e+00 2.283137534200258868e-03 8.446902195838525529e+00
6.925000000000000000e+02 7.523257526782176186e+00 3.850332924055695383e+00 -2.275079891841873085e-03 8.451300054804613993e+00
6.950000000000000000e+02 7.519779161442176729e+00 3.847906066703191019e+00 2.266703113670482869e-03 8.447098014879088623e+00
6.975000000000000000e+02 7.524005409175249959e+00 3.848476953606431827e+00 -2.258067033025465496e-03 8.451120479475191516e+00
7.000000000000000000e+02 7.519038887085421230e+00 3.849766314321674265e+00 2.249218647195135468e-03 8.447286636510755287e+00
7.025000000000000000e+02 7.524751827197750487e+00 3.846619144117144895e+00 -2.240212329554195237e-03 8.450939232970243964e+00
7.050000000000000000e+02 7.518290441876932739e+00 3.851625283567128299e+00 2.231103236098646182e-03 8.447467873348395884e+00
7.075000000000000000e+02 7.525496635884282526e+00 3.844758364452259158e+00 -2.221947508347960672e-03 8.450755672410721786e+00
7.100000000000000000e+02 7.517533514839504605e+00 3.853483443255382834e+00 2.212810510665595264e-03 8.447641664435638020e+00
7.125000000000000000e+02 7.526238850922990942e+00 3.842893389262573400e+00 -2.203733277546806972e-03 8.450568365430870088e+00
7.150000000000000000e+02 7.516768746856246075e+00 3.855342533086456580e+00 2.194789567579342408e-03 8.447809376296410377e+00
7.175000000000000000e+02 7.526977724198509634e+00 3.841022971011964771e+00 -2.185995500534311086e-03 8.450376080565792591e+00
7.200000000000000000e+02 7.515998111849916619e+00 3.857204961151953437e+00 2.177436390696127835e-03 8.447973867791967351e+00
7.225000000000000000e+02 7.527713566336084128e+00 3.839145439401365767e+00 -2.169102840229452864e-03 8.450178338158536917e+00
7.250000000000000000e+02 7.515224469329127466e+00 3.859073165262315364e+00 2.161037510839641188e-03 8.448138800311824070e+00
7.275000000000000000e+02 7.528447958359404169e+00 3.837259204659399181e+00 -2.153547642912092067e-03 8.449975828559310287e+00
7.300000000000000000e+02 7.514450336857287027e+00 3.860949374023339598e+00 2.146431911864855185e-03 8.448307436465352538e+00
7.325000000000000000e+02 7.529181319310084497e+00 3.835362231511960207e+00 -2.137648282245563098e-03 8.449768006016292077e+00
7.350000000000000000e+02 7.513677487288059176e+00 3.862835623471461144e+00 2.134460608600597352e-03 8.448482289314551252e+00
7.375000000000000000e+02 7.529919951792395594e+00 3.833457457907548882e+00 -2.133487673146031854e-03 8.449561829690214410e+00
7.400000000000000000e+02 7.512911218463172780e+00 3.864733431206446301e+00 2.097218914065230276e-03 8.448668763131960802e+00
7.425000000000000000e+02 7.530660809228482577e+00 3.831521822054738902e+00 -2.140474350480182919e-03 8.449344133017774539e+00
7.450000000000000000e+02 7.512144981022671253e+00 3.866644709367655253e+00 2.162562281910745867e-03 8.448861947094449931e+00
7.475000000000000000e+02 7.531337934504053422e+00 3.829636518529779377e+00 -1.932302852790222444e-03 8.449092891047593312e+00
7.500000000000000000e+02 7.511098486178880762e+00 3.868913239379402125e+00 2.292314904727827101e-03 8.448970077922604460e+00
7.525000000000000000e+02 7.532007729250925543e+00 3.828731003915064157e+00 -2.029982245675106180e-03 8.449279593827160539e+00
7.550000000000000000e+02 7.511375406620778961e+00 3.868307154812511417e+00 2.119863022923408006e-03 8.448938704771173036e+00
7.575000000000000000e+02 7.532004364308938271e+00 3.829155862899333407e+00 -2.100248974268008589e-03 8.449469141750325818e+00
7.600000000000000000e+02 7.511423510098699019e+00 3.867869287897752972e+00 2.099257598679847223e-03 8.448780999837111949e+00
7.625000000000000000e+02 7.531988117899460988e+00 3.829550182456563423e+00 -2.103756101301572628e-03 8.449633366834415682e+00
7.650000000000000000e+02 7.511411765889953962e+00 3.867484432720108334e+00 2.103515364823625982e-03 8.448594378880981637e+00
7.675000000000000000e+02 7.531994859077955518e+00 3.829935056407929306e+00 -2.105627854653978771e-03 8.449813816123278087e+00
7.700000000000000000e+02 7.511407393320641113e+00 3.867098954703122704e+00 2.108658310425064793e-03 8.448414040536711411e+00
7.725000000000000000e+02 7.531999330484879351e+00 3.830313649360529649e+00 -2.112042890774532000e-03 8.449989409912145533e+00
7.750000000000000000e+02 7.511401000540510076e+00 3.866725488019648438e+00 2.116171057093546495e-03 8.448237417876093502e+00
7.775000000000000000e+02 7.532005318936096927e+00 3.830679402817321666e+00 -2.120967342906168382e-03 8.450160549371412699e+00
7.800000000000000000e+02 7.511393720964870901e+00 3.866364962625075563e+00 2.126390904356027269e-03 8.448065942989765986e+00
7.825000000000000000e+02 7.532012429487903837e+00 3.831032966136884710e+00 -2.132446738452775572e-03 8.450327175495452536e+00
7.850000000000000000e+02 7.511385939083282892e+00 3.866017236220411935e+00 2.139122203057245743e-03 8.447899891242506953e+00
7.875000000000000000e+02 7.532020430417198043e+00 3.831374046173499970e+00 -2.146405891710384452e-03 8.450488947568196352e+00
7.900000000000000000e+02 7.511377668037396482e+00 3.865682319061778394e+00 2.154287978931882126e-03 8.447739277744931385e+00
7.925000000000000000e+02 7.532029096103292964e+00 3.831702518284076930e+00 -2.162758845034253377e-03 8.450645606738987681e+00
7.950000000000000000e+02 7.511368949753457258e+00 3.865360053912355376e+00 2.171809096606770566e-03 8.447584066610785314e+00
7.975000000000000000e+02 7.532038246715728746e+00 3.832018425065323974e+00 -2.181429917633255326e-03 8.450797010854369518e+00
8.000000000000000000e+02 7.511359794627809450e+00 3.865050253251111734e+00 2.191612875024061789e-03 8.447434180132722403e+00
8.025000000000000000e+02 7.532047865994637270e+00 3.832321897001063959e+00 -2.202349879324482299e-03 8.450943203466296794e+00
8.050000000000000000e+02 7.511350162957860732e+00 3.864752740229954409e+00 2.213633336462700156e-03 8.447289501008862445e+00
8.075000000000000000e+02 7.532057997692324314e+00 3.832613119656080425e+00 -2.225455855010620345e-03 8.451084306656429845e+00
8.100000000000000000e+02 7.511339963261030483e+00 3.864467362414227392e+00 2.237810549735654801e-03 8.447149877126785000e+00
8.125000000000000000e+02 7.532068767048723856e+00 3.832892279736569652e+00 -2.250690692728793667e-03 8.451220515713909975e+00
8.150000000000000000e+02 7.511329031500094011e+00 3.864193989758498038e+00 2.264089827956289845e-03 8.447015102155589261e+00
8.175000000000000000e+02 7.532080278134094087e+00 3.833159564552877097e+00 -2.278001812717187369e-03 8.451352007393374777e+00
8.200000000000000000e+02 7.511317197216563102e+00 3.863932491455730922e+00 2.292420799877717321e-03 8.446884963755675102e+00
8.225000000000000000e+02 7.532092758330724003e+00 3.833415116879358209e+00 -2.307340611115516436e-03 8.451479048204404876e+00
8.250000000000000000e+02 7.511304393835117388e+00 3.863682706287984825e+00 2.322756069604727403e-03 8.446759328103965458e+00
8.275000000000000000e+02 7.532106508035271375e+00 3.833659042295102015e+00 -2.338661474260640000e-03 8.451601952901933501e+00
8.300000000000000000e+02 7.511290328577986841e+00 3.863444527915663507e+00 2.355051123087308074e-03 8.446637885379985278e+00
8.325000000000000000e+02 7.532121289190579994e+00 3.833891573862761248e+00 -2.371919627183516604e-03 8.451720614242791640e+00
8.350000000000000000e+02 7.511274921991085485e+00 3.863217797072879378e+00 2.389262560680906287e-03 8.446520491298674216e+00
8.375000000000000000e+02 7.532137936923320787e+00 3.834112651864780119e+00 -2.407073302151764571e-03 8.451835748642478663e+00
8.400000000000000000e+02 7.511258176758022209e+00 3.863002333449901293e+00 2.425347168276159506e-03 8.446407065046209084e+00
8.425000000000000000e+02 7.532156046947812378e+00 3.834322527075642473e+00 -2.444078853221653188e-03 8.451947108846201928e+00
8.450000000000000000e+02 7.511239636269647413e+00 3.862798097426243249e+00 2.463262780336443816e-03 8.446297181760272110e+00
8.475000000000000000e+02 7.532175812252614122e+00 3.834521292569115225e+00 -2.482893502664870137e-03 8.452054908400052469e+00
8.500000000000000000e+02 7.511219288388305770e+00 3.862604943572641947e+00 2.502965785045659780e-03 8.446190763486583819e+00
8.525000000000000000e+02 7.532197393303078137e+00 3.834709034512192805e+00 -2.523473760088473534e-03 8.452159328773383606e+00
8.550000000000000000e+02 7.511197061709190770e+00 3.862422754941744696e+00 2.544412274314418639e-03 8.446087692639379085e+00
8.575000000000000000e+02 7.532220909696944133e+00 3.834885841311925780e+00 -2.565775330205191922e-03 8.452260516073412333e+00
8.600000000000000000e+02 7.511172878312452283e+00 3.862251433912246235e+00 2.587557660635246039e-03 8.445987854721815680e+00
8.625000000000000000e+02 7.532246430541789550e+00 3.835051804922330554e+00 -2.609753268616635258e-03 8.452358573064660874e+00
8.650000000000000000e+02 7.511146635527276239e+00 3.862090900262487914e+00 2.632356782434972908e-03 8.445891121224880393e+00
8.675000000000000000e+02 7.532274024499795217e+00 3.835207008628825687e+00 -2.655362191098589730e-03 8.452453598224504816e+00
8.700000000000000000e+02 7.511118269271005232e+00 3.861941077400531608e+00 2.678764082738256495e-03 8.445797399657847038e+00
8.725000000000000000e+02 7.532303752928299900e+00 3.835351528886105310e+00 -2.702556464413350280e-03 8.452545680463263267e+00
8.750000000000000000e+02 7.511087713953765288e+00 3.861801897324619759e+00 2.726733957145722337e-03 8.445706600158764843e+00
8.775000000000000000e+02 7.532335685135217673e+00 3.835485431330183825e+00 -2.751290601533949373e-03 8.452634910908400911e+00
8.800000000000000000e+02 7.511054927500220302e+00 3.861673296518808751e+00 2.776221090349053049e-03 8.445618655869759905e+00
8.825000000000000000e+02 7.532369872538866140e+00 3.835608777453213492e+00 -2.801519589440297931e-03 8.452721362905517566e+00
8.850000000000000000e+02 7.511019851637437128e+00 3.861555221281276040e+00 2.827180937961290552e-03 8.445533490055463943e+00
8.875000000000000000e+02 7.532406379208510749e+00 3.835721616168924708e+00 -2.853199413026333026e-03 8.452805115405979564e+00
8.900000000000000000e+02 7.510982457836569814e+00 3.861447619855544744e+00 2.879570064573233612e-03 8.445451053362424076e+00
8.925000000000000000e+02 7.532445248903438362e+00 3.835823993313327129e+00 -2.906287435473978512e-03 8.452886227905402450e+00
8.950000000000000000e+02 7.510942677471664553e+00 3.861350458094480409e+00 2.933346698013385243e-03 8.445371268867610581e+00
8.975000000000000000e+02 7.532486494769022656e+00 3.835915954953683649e+00 -2.960742830579375390e-03 8.452964732763531330e+00
9.000000000000000000e+02 7.510900418735890760e+00 3.861263713559607069e+00 2.988471127022178288e-03 8.445294044423722113e+00
9.025000000000000000e+02 7.532530126769113821e+00 3.835997539059243788e+00 -3.016526933289771697e-03 8.453040655869793696e+00
9.050000000000000000e+02 7.510855644010853815e+00 3.861187358322645036e+00 3.044906045167915416e-03 8.445219333604848444e+00
9.075000000000000000e+02 7.532576258826826354e+00 3.836068751356317641e+00 -3.073603788050940314e-03 8.453114101159062699e+00
9.100000000000000000e+02 7.510808438614279048e+00 3.861121341076548141e+00 3.102616578172983763e-03 8.445147188670299343e+00
9.125000000000000000e+02 7.532624983856866407e+00 3.836129595973750916e+00 -3.131940423904502804e-03 8.453185153158614185e+00
9.150000000000000000e+02 7.510758571873028089e+00 3.861065694616989674e+00 3.161571586256472360e-03 8.445077419340051961e+00
9.175000000000000000e+02 7.532676196727260631e+00 3.836180121404290322e+00 -3.191506320813624568e-03 8.453253740087985690e+00
9.200000000000000000e+02 7.510706253716977088e+00 3.861020350754505337e+00 3.221742274767120176e-03 8.445010181058815846e+00
9.225000000000000000e+02 7.532730249526586874e+00 3.836220254475637859e+00 -3.252275774201261044e-03 8.453320142422130701e+00
9.250000000000000000e+02 7.510651314094531905e+00 3.860985340264329491e+00 3.283104143757653581e-03 8.444945336615198528e+00
9.275000000000000000e+02 7.532786842885204059e+00 3.836250077752285659e+00 -3.314225149940032682e-03 8.453384130837022781e+00
9.300000000000000000e+02 7.510593585586164522e+00 3.860960699901136550e+00 3.345636387553792366e-03 8.444882753911505446e+00
9.325000000000000000e+02 7.532846109869169915e+00 3.836269564032899648e+00 -3.377335826458046069e-03 8.453445811578468749e+00
9.350000000000000000e+02 7.510533109033270982e+00 3.860946420024257808e+00 3.409321898764841943e-03 8.444822464898768644e+00
9.375000000000000000e+02 7.532908131844296307e+00 3.836278686788520798e+00 -3.441592920604604530e-03 8.453505245167569626e+00
9.400000000000000000e+02 7.510469880551018385e+00 3.860942511217993367e+00 3.474147939331414213e-03 8.444764471037556675e+00
9.425000000000000000e+02 7.532972979744551267e+00 3.836277423784963947e+00 -3.506985832949784890e-03 8.453562484819835632e+00
9.450000000000000000e+02 7.510403838125311538e+00 3.860949002289161491e+00 3.540106124118964567e-03 8.444708730462908264e+00
9.475000000000000000e+02 7.533040662774793006e+00 3.836265754923743554e+00 -3.573508335223592354e-03 8.453617529754996696e+00
9.500000000000000000e+02 7.510334931515362911e+00 3.860965925963156575e+00 3.607192530295623336e-03 8.444655213614487010e+00
9.525000000000000000e+02 7.533111235472551570e+00 3.836243645393313528e+00 -3.641158840593726811e-03 8.453670412954426894e+00
9.550000000000000000e+02 7.510263109271642534e+00 3.860993316903015060e+00 3.675407884633499593e-03 8.444603890786080314e+00
9.575000000000000000e+02 7.533184728693855803e+00 3.836211052865914795e+00 -3.709940414066215456e-03 8.453721142929591537e+00
9.600000000000000000e+02 7.510188333142484574e+00 3.861031213988691313e+00 3.744757668618604526e-03 8.444554745981251997e+00
9.625000000000000000e+02 7.533261201413348651e+00 3.836167926358256874e+00 -3.779861022475770188e-03 8.453769749365594777e+00
9.650000000000000000e+02 7.510110551886154617e+00 3.861079666650089504e+00 3.815252306836510506e-03 8.444507756519659125e+00
9.675000000000000000e+02 7.533340684775602369e+00 3.836114214205652129e+00 -3.850933541612150488e-03 8.453816236884684088e+00
9.700000000000000000e+02 7.510029720234348893e+00 3.861138732658066619e+00 3.886907206063083039e-03 8.444462908893802577e+00
9.725000000000000000e+02 7.533423230174817853e+00 3.836049859255523220e+00 -3.923175957248430795e-03 8.453860625710687415e+00
9.750000000000000000e+02 7.509945785038079968e+00 3.861208479471269328e+00 3.959742880094744948e-03 8.444420187065286854e+00
9.775000000000000000e+02 7.533508875630285040e+00 3.835974795305787666e+00 -3.996611267874907759e-03 8.453902920091001860e+00
9.800000000000000000e+02 7.509858707741804196e+00 3.861288967440534403e+00 4.033784834831842872e-03 8.444379584773738401e+00
9.825000000000000000e+02 7.533597676230457729e+00 3.835888947625648360e+00 -4.071267505148730946e-03 8.453943135664010455e+00
9.850000000000000000e+02 7.509768429535030876e+00 3.861380279595927334e+00 4.109063574721435845e-03 8.444341088166490650e+00
9.875000000000000000e+02 7.533689670702568009e+00 3.835792242088313930e+00 -4.147177332094678301e-03 8.453981273813852226e+00
9.900000000000000000e+02 7.509674916501203334e+00 3.861482471327006394e+00 4.185614582115099007e-03 8.444304692943198631e+00
9.925000000000000000e+02 7.533784933414633400e+00 3.835684563265832736e+00 -4.224395169767027405e-03 8.454017349008440263e+00
9.950000000000000000e+02 7.509578088554373032e+00 3.861595662354711411e+00 4.263404071830395083e-03 8.444270383178581696e+00
9.975000000000000000e+02 7.533882873730704866e+00 3.835566137451230428e+00 -4.301762019192667194e-03 8.454050937569032698e+00
1.000000000000000000e+03 7.509465328332953327e+00 3.861731148929398394e+00 4.355707212034527417e-03 8.444232111697997922e+00
