# Xi, RijLong, Xi, RijLat
0.000000000000000000e+00 1.000000000000000000e+00 0.000000000000000000e+00 1.000000000000000000e+00
3.535533905932737753e+00 9.643101584076713140e-01 3.535533905932737753e+00 7.062456945322840296e-01
7.071067811865475505e+00 8.665293038509294110e-01 7.071067811865475505e+00 3.126821198946692637e-01
1.060660171779821326e+01 7.312310480895715115e-01 1.060660171779821326e+01 1.133495273238740719e-01
1.414213562373095101e+01 5.878184874047693853e-01 1.414213562373095101e+01 3.828486714496338178e-02
1.767766952966368876e+01 4.588610106477984396e-01 1.767766952966368876e+01 7.532567376399241198e-03
2.121320343559642652e+01 3.549956911153508976e-01 2.121320343559642652e+01 -1.160783486769918424e-02
2.474873734152916427e+01 2.770041255649814960e-01 2.474873734152916427e+01 -1.920839436909736048e-02
2.828427124746190202e+01 2.205803912471494266e-01 2.828427124746190202e+01 -2.247258398677435751e-02
3.181980515339463977e+01 1.801695382669089296e-01 3.181980515339463977e+01 -2.546428640493064721e-02
3.535533905932737753e+01 1.508500101652758829e-01 3.535533905932737753e+01 -2.723727347389594267e-02
3.889087296526011528e+01 1.288998667466146053e-01 3.889087296526011528e+01 -2.595815354509306214e-02
4.242640687119285303e+01 1.118035227529473596e-01 4.242640687119285303e+01 -2.648275223088508018e-02
4.596194077712559078e+01 9.810359543903549029e-02 4.596194077712559078e+01 -2.623161733280467839e-02
4.949747468305832854e+01 8.707032538641666652e-02 4.949747468305832854e+01 -2.547668843676120093e-02
5.303300858899106629e+01 7.827315553331172515e-02 5.303300858899106629e+01 -2.392808096797472903e-02
5.656854249492380404e+01 7.126491554637114090e-02 5.656854249492380404e+01 -2.001900422834359053e-02
6.010407640085654180e+01 6.551790645846468364e-02 6.010407640085654180e+01 -1.746505221225316817e-02
6.363961030678927955e+01 6.056805890587464714e-02 6.363961030678927955e+01 -1.223989050115761867e-02
6.717514421272201730e+01 5.617812704679472219e-02 6.717514421272201730e+01 -7.169518523967248654e-03
7.071067811865475505e+01 5.233743102937968988e-02 7.071067811865475505e+01 -8.962438058127002866e-03
7.424621202458749281e+01 4.906425311446928339e-02 7.424621202458749281e+01 -1.070764297218421320e-02
7.778174593052023056e+01 4.626821593969149965e-02 7.778174593052023056e+01 -1.167777848776667231e-02
8.131727983645296831e+01 4.381771549182530978e-02 8.131727983645296831e+01 -5.839251732198706343e-03
8.485281374238570606e+01 4.160971442534482784e-02 8.485281374238570606e+01 -1.886052710334916796e-03
8.838834764831844382e+01 3.952366685142629649e-02 8.838834764831844382e+01 -2.716027971335472323e-03
9.192388155425118157e+01 3.740813347878101103e-02 9.192388155425118157e+01 -5.089386391072855953e-03
9.545941546018391932e+01 3.521923786751831459e-02 9.545941546018391932e+01 -9.462360073876716765e-03
9.899494936611665707e+01 3.310572283139440186e-02 9.899494936611665707e+01 -8.831350553171298662e-03
1.025304832720493948e+02 3.126565844982966830e-02 1.025304832720493948e+02 -5.179057121348942978e-03
1.060660171779821326e+02 2.976498452286522808e-02 1.060660171779821326e+02 -2.565361016912736346e-03
1.096015510839148703e+02 2.847619581667224647e-02 1.096015510839148703e+02 -1.339433604599730640e-03
1.131370849898476081e+02 2.719165147343881317e-02 1.131370849898476081e+02 -5.034215601849296833e-03
1.166726188957803458e+02 2.582103507118953256e-02 1.166726188957803458e+02 -9.958691689683146081e-03
1.202081528017130836e+02 2.444010458237677944e-02 1.202081528017130836e+02 -1.022148575305449961e-02
1.237436867076458213e+02 2.317558945970427109e-02 1.237436867076458213e+02 -5.686954467370767229e-03
1.272792206135785591e+02 2.211492895479359386e-02 1.272792206135785591e+02 -4.138043332055744983e-03
1.308147545195112968e+02 2.129016745491464635e-02 1.308147545195112968e+02 -3.799044637877912068e-03
1.343502884254440346e+02 2.064945481689521925e-02 1.343502884254440346e+02 -4.492227395956545008e-03
1.378858223313767724e+02 2.006209314961371684e-02 1.378858223313767724e+02 -5.721696756932098671e-03
1.414213562373095101e+02 1.946827983437674284e-02 1.414213562373095101e+02 -6.609069077877212026e-03
1.449568901432422479e+02 1.898615132396430302e-02 1.449568901432422479e+02 -6.291375991974983151e-03
1.484924240491749856e+02 1.872827185524950783e-02 1.484924240491749856e+02 -1.621258986812547896e-03
1.520279579551077234e+02 1.858621125160028059e-02 1.520279579551077234e+02 -3.692837709625875885e-04
1.555634918610404611e+02 1.833465397400985825e-02 1.555634918610404611e+02 -5.250811666114086826e-03
1.590990257669731989e+02 1.794564453742862609e-02 1.590990257669731989e+02 -6.032779440930036673e-03
1.626345596729059366e+02 1.767741594773772004e-02 1.626345596729059366e+02 -1.108350822344087751e-02
1.661700935788386744e+02 1.772774952122323569e-02 1.661700935788386744e+02 -9.360884329797748010e-03
1.697056274847714121e+02 1.795507991191211405e-02 1.697056274847714121e+02 -1.025105742786457802e-02
1.732411613907041499e+02 1.797782301808453082e-02 1.732411613907041499e+02 -1.154005825697264863e-02
1.767766952966368876e+02 1.747039080121544699e-02 1.767766952966368876e+02 -1.078837956735655308e-02
1.803122292025696254e+02 1.645344326841536101e-02 1.803122292025696254e+02 -1.213814951412760593e-02
1.838477631085023631e+02 1.530980013676633798e-02 1.838477631085023631e+02 -8.889535515472344121e-03
1.873832970144351009e+02 1.443112142687507163e-02 1.873832970144351009e+02 -1.100000697914138743e-02
1.909188309203678386e+02 1.388011629392165748e-02 1.909188309203678386e+02 -1.308936868348941664e-02
1.944543648263005764e+02 1.341696833547486971e-02 1.944543648263005764e+02 -1.120250589679481525e-02
1.979898987322333141e+02 1.278684755650628946e-02 1.979898987322333141e+02 -7.266557140094068168e-03
2.015254326381660519e+02 1.193011043800407643e-02 2.015254326381660519e+02 -5.947976280947097835e-03
2.050609665440987897e+02 1.097541887954157393e-02 2.050609665440987897e+02 -6.493240212678015773e-03
2.085965004500315274e+02 1.012668430729220422e-02 2.085965004500315274e+02 -3.593537209032128792e-03
2.121320343559642652e+02 9.526859595439706591e-03 2.121320343559642652e+02 1.261679166481144768e-03
2.156675682618970029e+02 9.152164034641198723e-03 2.156675682618970029e+02 6.611152593488416529e-04
2.192031021678297407e+02 8.876588719070443306e-03 2.192031021678297407e+02 -3.942617224557650076e-03
2.227386360737624784e+02 8.644477092836786239e-03 2.227386360737624784e+02 -8.785943275852674955e-03
2.262741699796952162e+02 8.487582392807613285e-03 2.262741699796952162e+02 -8.965036695680396114e-03
2.298097038856279539e+02 8.422441427094804964e-03 2.298097038856279539e+02 -5.235424278943614541e-03
2.333452377915606917e+02 8.410799799514857150e-03 2.333452377915606917e+02 -5.585018307945210534e-04
2.368807716974934294e+02 8.381143009702952604e-03 2.368807716974934294e+02 6.374966784306969119e-04
2.404163056034261672e+02 8.236604412579215384e-03 2.404163056034261672e+02 -8.531087986016360923e-04
2.439518395093589049e+02 7.881714550691315199e-03 2.439518395093589049e+02 1.336353317071407084e-03
2.474873734152916427e+02 7.292049560124439986e-03 2.474873734152916427e+02 2.520691678138920269e-03
2.510229073212243804e+02 6.504454726732609646e-03 2.510229073212243804e+02 6.050372517684651265e-03
2.545584412271571182e+02 5.539498094958769485e-03 2.545584412271571182e+02 8.510565642861818783e-03
2.580939751330898275e+02 4.444768540500791676e-03 2.580939751330898275e+02 1.017519288704385981e-02
2.616295090390225937e+02 3.379568616395435023e-03 2.616295090390225937e+02 9.653145994766677146e-03
2.651650429449553030e+02 2.514798173209552984e-03 2.651650429449553030e+02 7.000340575697131321e-03
2.687005768508880692e+02 1.866503616152143021e-03 2.687005768508880692e+02 5.768552270397599852e-03
2.722361107568207785e+02 1.281592525309171397e-03 2.722361107568207785e+02 4.324210373650439788e-03
2.757716446627535447e+02 5.841501668231096570e-04 2.757716446627535447e+02 1.880057770549804167e-03
2.793071785686862540e+02 -2.091115017278631378e-04 2.793071785686862540e+02 -2.470049765383122860e-04
2.828427124746190202e+02 -8.543917628492862619e-04 2.828427124746190202e+02 7.154565060162029538e-04
2.863782463805517295e+02 -1.117145325945332951e-03 2.863782463805517295e+02 1.168653335615434065e-03
2.899137802864844957e+02 -9.493530098909262966e-04 2.899137802864844957e+02 -1.991885832576804037e-03
2.934493141924172050e+02 -4.486351943648799476e-04 2.934493141924172050e+02 -6.136986687646230846e-04
2.969848480983499712e+02 1.827749781532645172e-04 2.969848480983499712e+02 1.429786909615807537e-03
3.005203820042826806e+02 7.073267282945955130e-04 3.005203820042826806e+02 -8.799334885691039625e-04
3.040559159102154467e+02 1.005608033483049732e-03 3.040559159102154467e+02 -2.434716385193845967e-03
3.075914498161481561e+02 1.153482407923740738e-03 3.075914498161481561e+02 -3.808620274489248145e-03
3.111269837220809222e+02 1.281650114769916074e-03 3.111269837220809222e+02 -7.671383170368005662e-03
3.146625176280136316e+02 1.438554244811163620e-03 3.146625176280136316e+02 -6.938578451880116592e-03
3.181980515339463977e+02 1.596109354610123236e-03 3.181980515339463977e+02 -5.051756073046580198e-03
3.217335854398791071e+02 1.761121909546175179e-03 3.217335854398791071e+02 -1.345527862349850607e-03
3.252691193458118732e+02 2.024175349736220906e-03 3.252691193458118732e+02 -8.519577235654399606e-04
3.288046532517445826e+02 2.395879168001528552e-03 3.288046532517445826e+02 -1.759096303339156234e-03
3.323401871576773488e+02 2.694409217633720981e-03 3.323401871576773488e+02 -1.404550789786910203e-03
3.358757210636100581e+02 2.700015018588445941e-03 3.358757210636100581e+02 -2.881426257599945147e-03
3.394112549695428243e+02 2.382821051372777370e-03 3.394112549695428243e+02 -3.727481450607510443e-03
3.429467888754755336e+02 1.868102648716916080e-03 3.429467888754755336e+02 -2.431282652035482352e-03
3.464823227814082998e+02 1.212116243391893507e-03 3.464823227814082998e+02 1.312559066639133049e-03
3.500178566873410091e+02 3.739886613742162552e-04 3.500178566873410091e+02 5.767061355419206411e-04
3.535533905932737753e+02 -6.391572127813643662e-04 3.535533905932737753e+02 -2.885919329004133413e-05
3.570889244992064846e+02 -1.735658072974221450e-03 3.570889244992064846e+02 8.794141063812319688e-04
3.606244584051392508e+02 -2.881002129042381944e-03 3.606244584051392508e+02 2.574150199574245894e-03
3.641599923110719601e+02 -4.187327255947188159e-03 3.641599923110719601e+02 -1.401569599775475457e-03
3.676955262170047263e+02 -5.717561507401731219e-03 3.676955262170047263e+02 -7.020666818032437854e-03
3.712310601229374356e+02 -7.336418838167857968e-03 3.712310601229374356e+02 -5.498351465358469053e-03
3.747665940288702018e+02 -8.795190602308681702e-03 3.747665940288702018e+02 -3.226784278177808815e-03
3.783021279348029111e+02 -9.851339304661803353e-03 3.783021279348029111e+02 -4.513223821921941332e-03
3.818376618407356773e+02 -1.038985518106914918e-02 3.818376618407356773e+02 -2.599897040415966032e-03
3.853731957466683866e+02 -1.051586446846715546e-02 3.853731957466683866e+02 -1.826579239721751180e-03
3.889087296526011528e+02 -1.040683893891107548e-02 3.889087296526011528e+02 1.524091304967508049e-03
3.924442635585338621e+02 -1.011264055076935633e-02 3.924442635585338621e+02 -1.046283423994717656e-03
3.959797974644666283e+02 -9.598574927386731986e-03 3.959797974644666283e+02 -2.915077323462627202e-03
3.995153313703993376e+02 -8.885289910664126781e-03 3.995153313703993376e+02 1.915670480446518453e-05
4.030508652763321038e+02 -8.067586718549476718e-03 4.030508652763321038e+02 6.168241809705010106e-05
