# z, u, v, w, u_mag
0.000000000000000000e+00 5.327279069335840944e+00 5.403261837720116034e+00 -6.607628803256724095e-03 7.587831339078690007e+00
1.000000000000000000e+01 6.507415720275556481e+00 6.563920366500587633e+00 6.313618194805072255e-03 9.242918900218986877e+00
2.000000000000000000e+01 7.071398572786342207e+00 7.070572608398469683e+00 -5.780684011997362648e-03 9.999885409450804730e+00
3.000000000000000000e+01 7.321967843682207544e+00 7.270883494320302454e+00 5.004052813058489611e-03 1.031876857635833566e+01
4.000000000000000000e+01 7.508719905339179768e+00 7.410375915776247879e+00 -4.251382305761724698e-03 1.054962387501113596e+01
5.000000000000000000e+01 7.651960002566643659e+00 7.506366544642028238e+00 3.740801647711397733e-03 1.071905054456773065e+01
6.000000000000000000e+01 7.778316323819314704e+00 7.587218186768212469e+00 -3.258842331668094106e-03 1.086591437786409564e+01
7.000000000000000000e+01 7.890892408878323216e+00 7.655003292988544317e+00 2.871306424365914056e-03 1.099387405187814437e+01
8.000000000000000000e+01 7.993065301331992778e+00 7.712943756083133984e+00 -2.530174374159534570e-03 1.110759202967239290e+01
9.000000000000000000e+01 8.090056217097302493e+00 7.764313738932961506e+00 2.241479484460765122e-03 1.121309870002971820e+01
1.000000000000000000e+02 8.179876418929543647e+00 7.808761430576292462e+00 -1.985538650552157950e-03 1.130871952304854311e+01
1.100000000000000000e+02 8.266822232648149082e+00 7.849453342649646004e+00 1.760928534971963359e-03 1.139974871238435306e+01
1.200000000000000000e+02 8.349910782104243978e+00 7.886188019051173725e+00 -1.563950610326923698e-03 1.148533734754310665e+01
1.300000000000000000e+02 8.429482794487899611e+00 7.919425377068447958e+00 1.391366153935807244e-03 1.156604860881290797e+01
1.400000000000000000e+02 8.505967361268357507e+00 7.949947865494226384e+00 -1.242601957418945418e-03 1.164272963523152526e+01
1.500000000000000000e+02 8.580185164582159629e+00 7.977896780410242528e+00 1.109007285710234729e-03 1.171607509908045230e+01
1.600000000000000000e+02 8.650470099145096015e+00 8.001910479027149137e+00 -9.906783123858823974e-04 1.178393844315267103e+01
1.700000000000000000e+02 8.717957271254128671e+00 8.024787650140604356e+00 8.819458216376641286e-04 1.184905045103152332e+01
1.800000000000000000e+02 8.783179713785347786e+00 8.046880828963885790e+00 -7.822319494512911192e-04 1.191203330972860286e+01
1.900000000000000000e+02 8.847557585642153555e+00 8.065809794270402122e+00 6.899064888333829564e-04 1.197232489304284186e+01
2.000000000000000000e+02 8.909017455607164848e+00 8.082933268567074947e+00 -6.058944115665270032e-04 1.202931430363051035e+01
2.100000000000000000e+02 8.968422749546324013e+00 8.098819120884400036e+00 5.288148981446132157e-04 1.208401746303885638e+01
2.200000000000000000e+02 9.026096694594492931e+00 8.112434748980962951e+00 -4.638608244945908944e-04 1.213598036055638651e+01
2.300000000000000000e+02 9.082160458406148607e+00 8.125576605621141368e+00 4.066281059156767524e-04 1.218649391463353560e+01
2.400000000000000000e+02 9.136249642482050959e+00 8.135688471540730049e+00 -3.544422030591947901e-04 1.223358020210532793e+01
2.500000000000000000e+02 9.189180237479765978e+00 8.145809123753885217e+00 3.049086502322752518e-04 1.227987132711454876e+01
2.600000000000000000e+02 9.240195868975693116e+00 8.154430145710197309e+00 -2.567441593288823836e-04 1.232379611825107446e+01
2.700000000000000000e+02 9.290995543853606264e+00 8.162950528715372300e+00 2.112928279630093740e-04 1.236755269141016456e+01
2.800000000000000000e+02 9.340039731093094488e+00 8.170558731119946572e+00 -1.694024636728333662e-04 1.240944689282222591e+01
2.900000000000000000e+02 9.388190212216803943e+00 8.176900957677380788e+00 1.308471266380925526e-04 1.244989255975928621e+01
3.000000000000000000e+02 9.434761400676604737e+00 8.182671437056342256e+00 -9.358928515738708441e-05 1.248882838953573859e+01
3.100000000000000000e+02 9.480896237194764709e+00 8.187895941651053278e+00 5.717083217383566281e-05 1.252713189102071034e+01
3.200000000000000000e+02 9.525704927576452263e+00 8.191927301851839260e+00 -1.862645549268775115e-05 1.256370674946000143e+01
3.300000000000000000e+02 9.569131600850541375e+00 8.195728283296862315e+00 -1.861952515710363774e-05 1.259913654535005278e+01
3.400000000000000000e+02 9.612250240822699965e+00 8.198629899615509586e+00 5.684494060985859028e-05 1.263379938602385799e+01
3.500000000000000000e+02 9.653329611042861913e+00 8.201592198164256331e+00 -9.653621170252212915e-05 1.266699992791288309e+01
3.600000000000000000e+02 9.694847466362178423e+00 8.204273930386554170e+00 1.360746069227668979e-04 1.270040070782673602e+01
3.700000000000000000e+02 9.735235050707911952e+00 8.206161721965955280e+00 -1.778320337551111204e-04 1.273247390459589212e+01
3.800000000000000000e+02 9.774414789529130232e+00 8.207568565496110580e+00 2.228269961745174934e-04 1.276336030537168398e+01
3.900000000000000000e+02 9.811789018539855078e+00 8.208780879268687158e+00 -2.688062493249075767e-04 1.279278262695193646e+01
4.000000000000000000e+02 9.848351413778928531e+00 8.209100818410171030e+00 3.141572130984917818e-04 1.282105151361613871e+01
4.100000000000000000e+02 9.883506202749735792e+00 8.209157765816447849e+00 -3.618866982291777203e-04 1.284811138708016287e+01
4.200000000000000000e+02 9.918521225361367044e+00 8.208510778767871940e+00 4.129664253750959494e-04 1.287465388558595514e+01
4.300000000000000000e+02 9.951746070960590274e+00 8.206745517627592079e+00 -4.679813119766624576e-04 1.289914423793247700e+01
4.400000000000000000e+02 9.985189462854568987e+00 8.205041421739858620e+00 5.235036655671156678e-04 1.292388152280981117e+01
4.500000000000000000e+02 1.001792253540715016e+01 8.202677985826932527e+00 -5.815026929789275136e-04 1.294769085214555204e+01
4.600000000000000000e+02 1.005017015220447796e+01 8.200110453493792306e+00 6.411356804497746848e-04 1.297103434382990450e+01
4.700000000000000000e+02 1.008232920477657579e+01 8.197395451206507033e+00 -7.053681963304697308e-04 1.299425468714909115e+01
4.800000000000000000e+02 1.011438676936917069e+01 8.193821495223602369e+00 7.732310487543043965e-04 1.301689406171321295e+01
4.900000000000000000e+02 1.014583565263100873e+01 8.189185034790515516e+00 -8.488643781570978219e-04 1.303843293286452187e+01
5.000000000000000000e+02 1.017780614121305227e+01 8.184458458103520684e+00 9.295754330076869739e-04 1.306036366127095505e+01
5.100000000000000000e+02 1.020846318801563690e+01 8.179832840158519858e+00 -1.016178042355286122e-03 1.308137557700351294e+01
5.200000000000000000e+02 1.023935332453888414e+01 8.174979937294454047e+00 1.107127618443929165e-03 1.310246750446815156e+01
5.300000000000000000e+02 1.026922855496270515e+01 8.169868691705628905e+00 -1.205594153883301871e-03 1.312264496994529317e+01
5.400000000000000000e+02 1.030045310950920268e+01 8.164737982403666550e+00 1.308261159272129572e-03 1.314390666027609100e+01
5.500000000000000000e+02 1.033060955900690203e+01 8.158535974694627768e+00 -1.418346686008040754e-03 1.316370787896550532e+01
5.600000000000000000e+02 1.036268547513691907e+01 8.152781722075737036e+00 1.531818805401974392e-03 1.318533664382122339e+01
5.700000000000000000e+02 1.039434362781732801e+01 8.145658737700037122e+00 -1.656786348706891423e-03 1.320583728769806875e+01
5.800000000000000000e+02 1.042957822484392594e+01 8.137900165696118293e+00 1.785799776586959476e-03 1.322881416620765549e+01
5.900000000000000000e+02 1.046561416969836245e+01 8.129326796318109061e+00 -1.931042289376099039e-03 1.325198241167151281e+01
6.000000000000000000e+02 1.050837596072510394e+01 8.118599798678703294e+00 2.071985094867114744e-03 1.327921806117262982e+01
6.100000000000000000e+02 1.055755601150703527e+01 8.106968931930499167e+00 -2.241214153118344012e-03 1.331108332264641447e+01
6.200000000000000000e+02 1.062185557198897179e+01 8.092988195910807647e+00 2.366389953888552774e-03 1.335366164507496656e+01
6.300000000000000000e+02 1.072278644894529975e+01 8.074053578360524952e+00 -2.642282609429314009e-03 1.342268592337534727e+01
6.400000000000000000e+02 1.089188270934427294e+01 8.039376019937567008e+00 2.469538759081606021e-03 1.353752864605211670e+01
6.500000000000000000e+02 1.115396511253435285e+01 7.987017573433615070e+00 -3.411473998767837034e-03 1.371872439726542936e+01
6.600000000000000000e+02 1.132249237177053480e+01 7.941226180801306711e+00 2.585614284965030273e-03 1.382974741088380455e+01
6.700000000000000000e+02 1.136333933033874466e+01 7.933753407570519833e+00 -3.730283825774192551e-03 1.385892989316194068e+01
6.800000000000000000e+02 1.135925348231044119e+01 7.933130658055890905e+00 3.070262114686928608e-03 1.385522324394946914e+01
6.900000000000000000e+02 1.138126756596632916e+01 7.934680906858136318e+00 -3.623470309780470102e-03 1.387416396152623221e+01
7.000000000000000000e+02 1.139169197207531425e+01 7.914747975758560372e+00 3.829522277099202225e-03 1.387133361186516467e+01
7.100000000000000000e+02 1.140665938831861048e+01 7.920062316585124051e+00 -3.856384898279790856e-03 1.388665835870578746e+01
7.200000000000000000e+02 1.139411026737710309e+01 7.914548435305468033e+00 4.397734587619230549e-03 1.387320601231071038e+01
7.300000000000000000e+02 1.139491787940294820e+01 7.919078800972701337e+00 -3.926509298833331246e-03 1.387645408423302840e+01
7.400000000000000000e+02 1.139878643605282349e+01 7.910039948134497401e+00 4.966148959481283577e-03 1.387447616519127891e+01
7.500000000000000000e+02 1.141988089851354360e+01 7.904972815995042978e+00 -4.325638841751531898e-03 1.388892701647634631e+01
7.600000000000000000e+02 1.143685965198609900e+01 7.899317548633174368e+00 5.214882517921239427e-03 1.389967638574263020e+01
7.700000000000000000e+02 1.145146281342272410e+01 7.898518863254431643e+00 -4.968416468052761284e-03 1.391124097575596430e+01
7.800000000000000000e+02 1.145110047426806688e+01 7.895311243136972301e+00 5.417413476424140853e-03 1.390912186466695033e+01
7.900000000000000000e+02 1.145550763538177819e+01 7.899775831910692325e+00 -5.545839828857108272e-03 1.391528455099175865e+01
8.000000000000000000e+02 1.145009137005849986e+01 7.893007536470286745e+00 5.788637163426499886e-03 1.390698363635281964e+01
8.100000000000000000e+02 1.145666433994129463e+01 7.901623545520415348e+00 -6.019093392684033393e-03 1.391728596683600472e+01
8.200000000000000000e+02 1.144839389671773944e+01 7.890837190404544010e+00 6.231140084832840868e-03 1.390435446926545460e+01
8.300000000000000000e+02 1.145699976191801817e+01 7.902803863757131175e+00 -6.465337495533088341e-03 1.391823244001166593e+01
8.400000000000000000e+02 1.144687921156183030e+01 7.889517292346983623e+00 6.689543111425714193e-03 1.390235848841179589e+01
8.500000000000000000e+02 1.145772148155499615e+01 7.903684153642663190e+00 -6.915195679006289411e-03 1.391932658462183703e+01
8.600000000000000000e+02 1.144578492025374317e+01 7.888358077535958301e+00 7.143647880924520327e-03 1.390079985582987376e+01
8.700000000000000000e+02 1.145860435083961271e+01 7.904348273001110314e+00 -7.369661753954189452e-03 1.392043065432569549e+01
8.800000000000000000e+02 1.144503179028592044e+01 7.887576442359039319e+00 7.596767985218103210e-03 1.389973641928495240e+01
8.900000000000000000e+02 1.145941610648286080e+01 7.904693994136492208e+00 -7.823298571402750867e-03 1.392129540834677037e+01
9.000000000000000000e+02 1.144463911161967395e+01 7.887291122010953615e+00 8.049815199949215266e-03 1.389925143445115019e+01
9.100000000000000000e+02 1.146035959087938494e+01 7.904713342593347569e+00 -8.275866819083968831e-03 1.392208330210698009e+01
9.200000000000000000e+02 1.144441045160482417e+01 7.887449048936495011e+00 8.502252951850666068e-03 1.389915304515624861e+01
9.300000000000000000e+02 1.146188601369304294e+01 7.904676724653996622e+00 -8.728337157186174741e-03 1.392331933470062921e+01
9.400000000000000000e+02 1.144418896236093985e+01 7.887407140862512378e+00 8.955344471917281793e-03 1.389894717632049748e+01
9.500000000000000000e+02 1.146347126382690362e+01 7.904918054040718900e+00 -9.183463083577394354e-03 1.392476165662013443e+01
9.600000000000000000e+02 1.144404351406897646e+01 7.886732783589623708e+00 9.412090512334540804e-03 1.389844504033092676e+01
9.700000000000000000e+02 1.146426225992317072e+01 7.905885265487145652e+00 -9.637671878398356221e-03 1.392596222456691635e+01
9.800000000000000000e+02 1.144367196276054344e+01 7.885894815751639086e+00 9.865356749738235509e-03 1.389766391742274543e+01
9.900000000000000000e+02 1.146404659337980725e+01 7.909278580157915073e+00 -1.007616624387847916e-02 1.392771171021478693e+01
1.000000000000000000e+03 1.144348389863505489e+01 7.886497899310409565e+00 1.031107651120689861e-02 1.389785160276386478e+01
