# f, Suu, Svv, Sww
0.000000000000000000e+00 1.788967813461831216e-02 3.531860618493525006e-03 2.231696470746506906e-03
3.030303030303030300e-04 1.268584274464548578e+00 3.501746895061509934e-01 6.958859696743499579e-02
6.060606060606060601e-04 7.964467226358603602e-01 1.874600282638445303e-01 5.707063951078236719e-02
9.090909090909090901e-04 5.607592707962167911e-01 1.141991596877519194e-01 5.962014077294586212e-02
1.212121212121212120e-03 5.569261953098660900e-01 1.084096960099807938e-01 5.390702579574061654e-02
1.515151515151515150e-03 5.097021382506103926e-01 8.588975258696605886e-02 5.886834169520983873e-02
1.818181818181818180e-03 5.766065370358774977e-01 8.478560170366059023e-02 6.294667377154052057e-02
2.121212121212121427e-03 5.466080133310111666e-01 8.320808339638309514e-02 6.406339645273426142e-02
2.424242424242424240e-03 5.396812546839020452e-01 9.582268105567189054e-02 5.819728748780114702e-02
2.727272727272727487e-03 5.559561054740137509e-01 1.189572468680305112e-01 5.130668193434741176e-02
3.030303030303030300e-03 5.577938109207211115e-01 1.188468365671756372e-01 5.143809179074606414e-02
3.333333333333333547e-03 5.882247481444229376e-01 9.297129040264137667e-02 6.051589999744325793e-02
3.636363636363636360e-03 5.802517143078509410e-01 9.976472755801681080e-02 6.001048965096148630e-02
3.939393939393939607e-03 5.130213272692801807e-01 8.325294504804679752e-02 5.190533551989127276e-02
4.242424242424242854e-03 5.498206577089816971e-01 8.138729817997458760e-02 5.801270221025092710e-02
4.545454545454545234e-03 5.582800735836883632e-01 9.561187388606350035e-02 5.919847087388131757e-02
4.848484848484848481e-03 5.983030870511221178e-01 1.209327852472208698e-01 5.460161824488171667e-02
5.151515151515151728e-03 5.850191289203775513e-01 1.051671726045286248e-01 5.848798870053745907e-02
5.454545454545454974e-03 6.426824788449154724e-01 1.310309565561879330e-01 6.334660118647368610e-02
5.757575757575757354e-03 5.043063898552783142e-01 1.039047682251152821e-01 6.020088137209852336e-02
6.060606060606060601e-03 5.128637173777179648e-01 1.272442080786874707e-01 6.225467436358040479e-02
6.363636363636363848e-03 4.303795792309379475e-01 1.163495664446137501e-01 6.235638828069776929e-02
6.666666666666667095e-03 5.563172504526500139e-01 1.238773364589493137e-01 5.950743543750144221e-02
6.969696969696969474e-03 5.379929792954897261e-01 1.002857558592497589e-01 6.323637585546189321e-02
7.272727272727272721e-03 5.864073228931121484e-01 1.191514629326332758e-01 6.772318314057351740e-02
7.575757575757575968e-03 5.509570411937785295e-01 1.222575537493311854e-01 6.918678745797085528e-02
7.878787878787879215e-03 5.254210958453310321e-01 1.008000787487708938e-01 6.279644535728824695e-02
8.181818181818182462e-03 4.640098114182422129e-01 9.745148075424402145e-02 5.994886415154229015e-02
8.484848484848485708e-03 5.916695735521649846e-01 1.543280307741880242e-01 6.760966714405852729e-02
8.787878787878787221e-03 5.261072899910069767e-01 1.333795913497239916e-01 6.340884058319121164e-02
9.090909090909090468e-03 5.494483748021311564e-01 1.365842387267613145e-01 6.577868485426315026e-02
9.393939393939393714e-03 4.276552879990657141e-01 1.446660821851608880e-01 5.982992026767117166e-02
9.696969696969696961e-03 4.271059368744921647e-01 9.842797656874985313e-02 5.707715761233726065e-02
1.000000000000000021e-02 4.028825716093120124e-01 8.974908769955113053e-02 6.267901833237948805e-02
1.030303030303030346e-02 3.909668193192398777e-01 9.395485701834123404e-02 6.049970442967237544e-02
1.060606060606060670e-02 4.683663261163134028e-01 1.173410985936249873e-01 6.806373692748064752e-02
1.090909090909090995e-02 4.560889509702287792e-01 1.282077608193572804e-01 7.229887054438875749e-02
1.121212121212121146e-02 4.573384849478518976e-01 1.336043059856071025e-01 6.424946386129276599e-02
1.151515151515151471e-02 4.823814574156403689e-01 1.506840861811027110e-01 6.958870277336033638e-02
1.181818181818181795e-02 4.196093179378233562e-01 1.742947508774860266e-01 7.012042050898238676e-02
1.212121212121212120e-02 3.307552063179047819e-01 1.447455950988059681e-01 5.834525565152803850e-02
1.242424242424242445e-02 3.907898380379204450e-01 1.059566940557993553e-01 6.796976487884991147e-02
1.272727272727272770e-02 3.911357649807994941e-01 1.118227085072543842e-01 6.474868108014900092e-02
1.303030303030303094e-02 4.586545119330110443e-01 1.358903168399812622e-01 7.213708557749187733e-02
1.333333333333333419e-02 4.994408793145173053e-01 1.163407383621586355e-01 6.354229822381557424e-02
1.363636363636363570e-02 4.999947871195657978e-01 1.458829691379746885e-01 6.950781108184636570e-02
1.393939393939393895e-02 4.091643316843032174e-01 1.302021550067881672e-01 5.878841448710264012e-02
1.424242424242424220e-02 4.012121353113315414e-01 1.388575147331020665e-01 5.907764443375492641e-02
1.454545454545454544e-02 4.868051959879053925e-01 1.967373121159959048e-01 6.752447570743171090e-02
1.484848484848484869e-02 4.192595617903782101e-01 1.128626373144306499e-01 6.640208562374161350e-02
1.515151515151515194e-02 4.444790355804136839e-01 1.545055842296819693e-01 6.969328547093217585e-02
1.545454545454545518e-02 3.719185270495259932e-01 1.296370627922207586e-01 6.867167292086549801e-02
1.575757575757575843e-02 4.253243154417805649e-01 1.327558613938442655e-01 6.679584357726361943e-02
1.606060606060605994e-02 3.754046462482138469e-01 8.964532665404136014e-02 6.969745647141940836e-02
1.636363636363636492e-02 4.644614350316629281e-01 1.195979453112824692e-01 7.045608076063369918e-02
1.666666666666666644e-02 3.969551233103261745e-01 1.156960257771682959e-01 7.133411551835248943e-02
1.696969696969697142e-02 3.748164078401712840e-01 1.513254361202984732e-01 5.987694907774639835e-02
1.727272727272727293e-02 4.262580185273732725e-01 1.818424749205641011e-01 7.696649701274203836e-02
1.757575757575757444e-02 3.548000974455462475e-01 1.290257296267539322e-01 6.282014321020244763e-02
1.787878787878787942e-02 3.652585721283669873e-01 1.479807928450446175e-01 6.616318972981612145e-02
1.818181818181818094e-02 3.896080108626349681e-01 1.365988270791899384e-01 6.995383711905352186e-02
1.848484848484848592e-02 3.325980896520126517e-01 1.716437838939650629e-01 6.958226690286063720e-02
1.878787878787878743e-02 3.410605792942738579e-01 1.294080391112224504e-01 6.769210161576218188e-02
1.909090909090909241e-02 3.611156540401541104e-01 1.388384692860141767e-01 6.456558027863082416e-02
1.939393939393939392e-02 3.210194814612040148e-01 1.192225112170051810e-01 6.524426578832606682e-02
1.969696969696969543e-02 3.161960830080354778e-01 1.282982102462987550e-01 6.376729295038892353e-02
2.000000000000000042e-02 3.181465491442923565e-01 1.579566033158515681e-01 6.922860606684540230e-02
2.030303030303030193e-02 3.729183177643094482e-01 1.610658779124622408e-01 7.313223501512197688e-02
2.060606060606060691e-02 3.627460368404176183e-01 1.489764462576069759e-01 6.941289935623866370e-02
2.090909090909090842e-02 4.071269795008890524e-01 1.825940342504092095e-01 7.877565501457016450e-02
2.121212121212121340e-02 3.418014359352533615e-01 1.564731683748257496e-01 7.502853297123621146e-02
2.151515151515151492e-02 3.388083063257975591e-01 1.322334684066693022e-01 7.680572258066302449e-02
2.181818181818181990e-02 3.458965243160065373e-01 1.233934240263198923e-01 6.238416981959466617e-02
2.212121212121212141e-02 3.449802650906830248e-01 1.353252906921805498e-01 7.052402791407766380e-02
2.242424242424242292e-02 3.137937793295957345e-01 1.498977841802467403e-01 6.813500471799595337e-02
2.272727272727272790e-02 3.157138123514471317e-01 1.434638726007831933e-01 7.047279021445464198e-02
2.303030303030302942e-02 3.179132738654551482e-01 1.665227744884740513e-01 6.879309296148908293e-02
2.333333333333333440e-02 2.995232281077321312e-01 1.468427303040477916e-01 6.879507208509434701e-02
2.363636363636363591e-02 2.767173030266754652e-01 1.558894227364031604e-01 6.469685884548158350e-02
2.393939393939394089e-02 3.495802837130785878e-01 1.640567677074246111e-01 7.225788194367316342e-02
2.424242424242424240e-02 3.728297442138444051e-01 1.825847101324949706e-01 7.923918409508667882e-02
2.454545454545454392e-02 3.222961193087054421e-01 1.688451877409296031e-01 7.595093303264603690e-02
2.484848484848484890e-02 3.005910231814967748e-01 1.386830447924576326e-01 7.196350539647275446e-02
2.515151515151515041e-02 3.911918088253470982e-01 1.738944946184939055e-01 8.057698755901482324e-02
2.545454545454545539e-02 3.234859087270382516e-01 1.708072678288973245e-01 7.176363299437672760e-02
2.575757575757575690e-02 2.987529264534806162e-01 1.647521174530478250e-01 7.233221974422364420e-02
2.606060606060606188e-02 3.024717159648738773e-01 1.617602456758733542e-01 7.821402124229563657e-02
2.636363636363636340e-02 3.275690675977289690e-01 1.748285103111212879e-01 7.954519934280908366e-02
2.666666666666666838e-02 3.577810321417876915e-01 1.670969401216982897e-01 7.280866264627169904e-02
2.696969696969696989e-02 3.029105319193413637e-01 1.363382028486070929e-01 7.445318010635978978e-02
2.727272727272727140e-02 3.476446824288680904e-01 1.515653566190128532e-01 7.020055911828392003e-02
2.757575757575757638e-02 2.978912324689466651e-01 1.560907626659109315e-01 7.577028161443458143e-02
2.787878787878787790e-02 3.437298103971350716e-01 1.279234344849143890e-01 7.279589306328375364e-02
2.818181818181818288e-02 3.018093557781998393e-01 1.436368047267059522e-01 7.880804216491102410e-02
2.848484848484848439e-02 3.138058752337584134e-01 1.492010789448897645e-01 8.214798558884058022e-02
2.878787878787878937e-02 3.480305584217073256e-01 1.595683801874389629e-01 6.834748360367193243e-02
2.909090909090909088e-02 3.392229827394678265e-01 1.805375405745740514e-01 6.659646081099390713e-02
2.939393939393939240e-02 3.156413020481276255e-01 1.867844675171856095e-01 7.786920640580760611e-02
2.969696969696969738e-02 2.946341675832908624e-01 1.443624009378586537e-01 6.733199580030953257e-02
2.999999999999999889e-02 2.383421378491042686e-01 1.865365839414346305e-01 6.711261017347330826e-02
3.030303030303030387e-02 2.904669413988544280e-01 1.589239519431435432e-01 7.702654937447635242e-02
3.060606060606060538e-02 3.448266974880980773e-01 2.073370461537502318e-01 8.806100717587581062e-02
3.090909090909091037e-02 2.723417831814434198e-01 1.786138906256869996e-01 7.117362275960578688e-02
3.121212121212121188e-02 2.794989858862435561e-01 1.534126836319761322e-01 6.933771356689991117e-02
3.151515151515151686e-02 3.459550759144008891e-01 1.737800496514231852e-01 8.202076267825791911e-02
3.181818181818181490e-02 3.386928320919826430e-01 1.586910790012578676e-01 6.969380576481384870e-02
3.212121212121211988e-02 3.618103145944310817e-01 2.203705662983748148e-01 8.866228268736130180e-02
3.242424242424242486e-02 2.378275017776869948e-01 1.676170161025375416e-01 8.341491031622770558e-02
3.272727272727272985e-02 2.502457223923422736e-01 1.589757114712513075e-01 6.849049019096359325e-02
3.303030303030302789e-02 2.454756381081580896e-01 1.859480613483568689e-01 7.446327386279821825e-02
3.333333333333333287e-02 2.576017324340642012e-01 1.602774440860341709e-01 7.346419418801593271e-02
3.363636363636363785e-02 2.429271571255178230e-01 1.320897521431359245e-01 8.041829107239452379e-02
3.393939393939394283e-02 2.400912868760878283e-01 1.196586122414985548e-01 7.103061921179862348e-02
3.424242424242424088e-02 2.519908593468010993e-01 1.253512901550725978e-01 6.858307926631064533e-02
3.454545454545454586e-02 2.446442466435728713e-01 1.556839506287367725e-01 7.388986476568204509e-02
3.484848484848485084e-02 3.139809148253274729e-01 1.714337392743464916e-01 6.652730676671650412e-02
3.515151515151514888e-02 2.672733763367693971e-01 1.894232003953117416e-01 6.672620504511780903e-02
3.545454545454545386e-02 2.705315150175611194e-01 1.801040778146476007e-01 6.977507316046320518e-02
3.575757575757575885e-02 2.403782365377481189e-01 1.506625643217179844e-01 6.759937732303389346e-02
3.606060606060606383e-02 2.737553105638004802e-01 1.492669696825371928e-01 7.676046008106712781e-02
3.636363636363636187e-02 2.767215332197809352e-01 1.708805455137809848e-01 7.576602772904905692e-02
3.666666666666666685e-02 2.110928117574975005e-01 1.509584096883914706e-01 6.530400338859869425e-02
3.696969696969697183e-02 2.207023531445440889e-01 1.635395732231078036e-01 7.074482798200992795e-02
3.727272727272726988e-02 2.378639580632827266e-01 1.414935777524509719e-01 7.055761994952980398e-02
3.757575757575757486e-02 2.454242236894412510e-01 1.595553539658191022e-01 6.074440839636184586e-02
3.787878787878787984e-02 2.841922297647523354e-01 1.436636783987829957e-01 7.096633492335342741e-02
3.818181818181818482e-02 2.374614566832478069e-01 1.517012018567471532e-01 7.483038201902994513e-02
3.848484848484848286e-02 2.175735972388739559e-01 1.615358190714146491e-01 7.322271539367855575e-02
3.878787878787878785e-02 2.529326795775792558e-01 2.302712259598068412e-01 7.507393157318396903e-02
3.909090909090909283e-02 2.771935365384246008e-01 2.028999892309238939e-01 7.709137021110021304e-02
3.939393939393939087e-02 2.079565644540582736e-01 1.813867970868564550e-01 7.647447620350378283e-02
3.969696969696969585e-02 2.458267602160103538e-01 1.568765321521887746e-01 7.693399675083967271e-02
4.000000000000000083e-02 2.476826114802854473e-01 1.476261439616590176e-01 6.821474087543673293e-02
4.030303030303030581e-02 2.162172741082294680e-01 1.514476638930895569e-01 7.783498466683877459e-02
4.060606060606060386e-02 2.557428090617109295e-01 1.330991463212652659e-01 7.666441091221901094e-02
4.090909090909090884e-02 2.150380176473616067e-01 1.803366427896146429e-01 6.796050970015066195e-02
4.121212121212121382e-02 2.100533790315833871e-01 1.504561681064012779e-01 6.422579468309107253e-02
4.151515151515151186e-02 2.063385443700191113e-01 1.569164699218791037e-01 7.074079168748750868e-02
4.181818181818181684e-02 2.480097264403127999e-01 1.349575798601913013e-01 7.579357438160658211e-02
4.212121212121212183e-02 2.196143044404069711e-01 1.643704092030432162e-01 7.080913464035309968e-02
4.242424242424242681e-02 2.064126351556070105e-01 1.601636638449208949e-01 6.794577311230448613e-02
4.272727272727272485e-02 1.865922642352969008e-01 1.405387610661739117e-01 7.685059792132603596e-02
4.303030303030302983e-02 2.062194030012477752e-01 1.424397965088076701e-01 7.377492532564727812e-02
4.333333333333333481e-02 2.306370782058614066e-01 1.542146260208038799e-01 6.466360373903588810e-02
4.363636363636363980e-02 2.536617782318828507e-01 1.421983007129032639e-01 7.499950321737847148e-02
4.393939393939393784e-02 2.286464594710758969e-01 1.471680817572771083e-01 7.841660009044262858e-02
4.424242424242424282e-02 1.818119127691672221e-01 1.400908720217505510e-01 6.842528058375563216e-02
4.454545454545454780e-02 2.151301353484789680e-01 1.572182069627437451e-01 6.639529661804982608e-02
4.484848484848484584e-02 2.156736332192293881e-01 1.491202267767394452e-01 7.202894312716537351e-02
4.515151515151515083e-02 2.214899617114630126e-01 1.384816039168348945e-01 7.790559929688392615e-02
4.545454545454545581e-02 1.871013655000149101e-01 1.489316044724177668e-01 7.240458188543381912e-02
4.575757575757576079e-02 1.983970890186939062e-01 1.549352090604561305e-01 6.909685644192631315e-02
4.606060606060605883e-02 2.108630253808919663e-01 1.550308997027295688e-01 7.783815180259522071e-02
4.636363636363636381e-02 2.015432451763690958e-01 1.666104010887711484e-01 7.324382806310464344e-02
4.666666666666666879e-02 2.028006972455500267e-01 1.532431211496157741e-01 7.585927404900927318e-02
4.696969696969696684e-02 1.502288943991579862e-01 1.295532157702348752e-01 7.310418885644170972e-02
4.727272727272727182e-02 1.827392475159727303e-01 1.280199501228682091e-01 6.729170507693059411e-02
4.757575757575757680e-02 1.985318645145233707e-01 1.589117413308252236e-01 8.755349747607081567e-02
4.787878787878788178e-02 1.923807579232955645e-01 1.386301932425642869e-01 7.231274080094957091e-02
4.818181818181817982e-02 1.791814586307178270e-01 1.499085862942086955e-01 7.049997878532468509e-02
4.848484848484848481e-02 1.810367397617941576e-01 1.657844629961245653e-01 8.080474715384575179e-02
4.878787878787878979e-02 1.805367951313255059e-01 1.369423039238069073e-01 6.733690153702977244e-02
4.909090909090908783e-02 1.822777990747361243e-01 1.423496555525759488e-01 7.760794233539254627e-02
4.939393939393939281e-02 1.778059173838447693e-01 1.419443584656771007e-01 7.132726899540367538e-02
4.969696969696969779e-02 1.574139319351918198e-01 1.266276027855218200e-01 7.044346522634534202e-02
5.000000000000000278e-02 1.854871175926580129e-01 1.337730476464282503e-01 7.377394804321064925e-02
5.030303030303030082e-02 1.618322696000954464e-01 1.313084736253484763e-01 6.164454285454480653e-02
5.060606060606060580e-02 1.858710952245611059e-01 1.581166997192956503e-01 6.450126555728330491e-02
5.090909090909091078e-02 1.706211594600902659e-01 1.513337742435338640e-01 7.091762849511459854e-02
5.121212121212120882e-02 1.926574320318732436e-01 1.252036572934447367e-01 6.369896336041275253e-02
5.151515151515151381e-02 1.782445255329092315e-01 1.204328026458297285e-01 6.161723130894625200e-02
5.181818181818181879e-02 1.747470281710806761e-01 1.311057206490096050e-01 6.561021789536537752e-02
5.212121212121212377e-02 1.584306754578765075e-01 1.507277908545022749e-01 6.493735666670596984e-02
5.242424242424242181e-02 1.416589014801004076e-01 1.322798011074939328e-01 6.963612634949516156e-02
5.272727272727272679e-02 1.452231079702347993e-01 1.274978142863097685e-01 6.111086069983514418e-02
5.303030303030303177e-02 1.470999066347082052e-01 1.254042139018350932e-01 5.958371128949882523e-02
5.333333333333333676e-02 1.495107559980264067e-01 1.341891835657077481e-01 6.608229400714533963e-02
5.363636363636363480e-02 1.663377794574753821e-01 1.252179709160271270e-01 6.099283425630993433e-02
5.393939393939393978e-02 2.069585380277384479e-01 1.621878915807112020e-01 6.690359787339601738e-02
5.424242424242424476e-02 1.638030403497694187e-01 1.583260169219045665e-01 7.164568509443311473e-02
5.454545454545454281e-02 1.646011591391802475e-01 1.369890110693749441e-01 7.696572113743786747e-02
5.484848484848484779e-02 1.492543185323244870e-01 1.354471232555971016e-01 6.888921213458887305e-02
5.515151515151515277e-02 1.563139300761622053e-01 1.445248389717730397e-01 6.056635037820807393e-02
5.545454545454545775e-02 1.624587535448280551e-01 1.379752418749754517e-01 6.889632533942981196e-02
5.575757575757575579e-02 1.563363860773507585e-01 1.262069514124216085e-01 5.779657852082912411e-02
5.606060606060606077e-02 1.531260784003990461e-01 1.334604976267966814e-01 6.690431740763247426e-02
5.636363636363636576e-02 1.458187146464738904e-01 1.294632141553881677e-01 6.867378206139454488e-02
5.666666666666666380e-02 1.581820884658757809e-01 1.517850997769029653e-01 6.553864521469503213e-02
5.696969696969696878e-02 1.786690191980907783e-01 1.367963368496388776e-01 6.834839002388196083e-02
5.727272727272727376e-02 1.339895965252590193e-01 1.367088506527674441e-01 6.295493598375150046e-02
5.757575757575757874e-02 1.272540139244688062e-01 1.408876321634778550e-01 6.387601334921161333e-02
5.787878787878787679e-02 1.565003455737418725e-01 1.372465548776889144e-01 7.162350566742484159e-02
5.818181818181818177e-02 1.500820660515077565e-01 1.115416722367644220e-01 6.882335607701131619e-02
5.848484848484848675e-02 1.421975148572062475e-01 1.149407289522694220e-01 6.969696849769300984e-02
5.878787878787878479e-02 1.219228326610736629e-01 1.242426053642296246e-01 7.104085915019965614e-02
5.909090909090908977e-02 1.182563643054526797e-01 1.075961820886052051e-01 6.779893732527311756e-02
5.939393939393939476e-02 1.302389094177740514e-01 1.275410346733673594e-01 6.376086683468347449e-02
5.969696969696969974e-02 1.289344979294264892e-01 1.376670190399533478e-01 6.170811501624064166e-02
5.999999999999999778e-02 1.439130316397244924e-01 1.178602258289186272e-01 6.374884512315684426e-02
6.030303030303030276e-02 1.407075240751475831e-01 1.236247658186033493e-01 5.929970865807587810e-02
6.060606060606060774e-02 1.374130894578068085e-01 1.499242814376468280e-01 6.008218379060067255e-02
6.090909090909090579e-02 1.277252090434910226e-01 1.124820146750474259e-01 6.907135773605604934e-02
6.121212121212121077e-02 1.117184024823922872e-01 1.161365283114712266e-01 6.731879447113066350e-02
6.151515151515151575e-02 1.138286251433525131e-01 1.241884216206382702e-01 5.549277508656015601e-02
6.181818181818182073e-02 1.348492206487713618e-01 1.260819749868797579e-01 6.364304554197636188e-02
6.212121212121211877e-02 1.357374081443387392e-01 1.174419136478688230e-01 5.629548839537866500e-02
6.242424242424242375e-02 1.319050027612604925e-01 1.191732572424584469e-01 5.984319002909884583e-02
6.272727272727272874e-02 1.177819719410260202e-01 1.406689163805623088e-01 6.445681254262412840e-02
6.303030303030303372e-02 1.271915163504855617e-01 1.276860505619029640e-01 6.323016199178928265e-02
6.333333333333333870e-02 1.390654642607148661e-01 1.205961638483242365e-01 5.638232050471343043e-02
6.363636363636362980e-02 1.240196351160317012e-01 1.285754940020963910e-01 6.010215125906186867e-02
6.393939393939393478e-02 1.226099511886568905e-01 1.113601280956321021e-01 6.790117528168912453e-02
6.424242424242423977e-02 1.305708777607623994e-01 1.105321420657025544e-01 6.217087110392685578e-02
6.454545454545454475e-02 1.367223557007812840e-01 1.344640592857415939e-01 6.550601857487577118e-02
6.484848484848484973e-02 1.295500447491403917e-01 1.163110404818099020e-01 6.442023065230711998e-02
6.515151515151515471e-02 1.294525189004071819e-01 1.131709440194671318e-01 5.989109303619338104e-02
6.545454545454545969e-02 1.114327508384901910e-01 1.189678152835366709e-01 6.006598805726475615e-02
6.575757575757575080e-02 1.029464582219695584e-01 1.158961400764605826e-01 6.631292419643486369e-02
6.606060606060605578e-02 1.170899230903894028e-01 1.154007612849885511e-01 5.793951466822534757e-02
6.636363636363636076e-02 1.223511262001609340e-01 1.269799276923746223e-01 5.933935490529040901e-02
6.666666666666666574e-02 1.111558733603219828e-01 1.071070522918213669e-01 6.944066123635750376e-02
6.696969696969697072e-02 1.305294225928683161e-01 1.139371846704083230e-01 6.299490386507730633e-02
6.727272727272727570e-02 1.124828102127203439e-01 1.266226284389870282e-01 6.558929532720532418e-02
6.757575757575758069e-02 1.120410161087501966e-01 1.026006757365396094e-01 5.810092941047321352e-02
6.787878787878788567e-02 1.017302374412802773e-01 1.062706544622388227e-01 5.220446158465045366e-02
6.818181818181817677e-02 1.010644112725790356e-01 1.245543826250199992e-01 5.955701216121686570e-02
6.848484848484848175e-02 1.189788368242758049e-01 1.272138617063111876e-01 6.586664297839651960e-02
6.878787878787878673e-02 9.827178822283337556e-02 1.091470237406528543e-01 5.195706868148672330e-02
6.909090909090909172e-02 1.117349805265363399e-01 9.853814859513268520e-02 5.348566771895102434e-02
6.939393939393939670e-02 1.084629789670729094e-01 1.051661481833063572e-01 5.578865292610029475e-02
6.969696969696970168e-02 1.076459923021616527e-01 1.056758374385401572e-01 6.522532178327039576e-02
7.000000000000000666e-02 1.052253491232610222e-01 1.111511913259175255e-01 6.250481717615746780e-02
7.030303030303029777e-02 1.045815966037076938e-01 1.075555315852978339e-01 5.505814235687286895e-02
7.060606060606060275e-02 1.024256742541340554e-01 1.163495903197227510e-01 7.040826390177547245e-02
7.090909090909090773e-02 1.025277491704202348e-01 1.147021294585383461e-01 6.985906008984255067e-02
7.121212121212121271e-02 9.293853184941486267e-02 1.167602361086509249e-01 5.572520207255418634e-02
7.151515151515151769e-02 1.080991898128684237e-01 1.048603100526194626e-01 4.972724889946342208e-02
7.181818181818182267e-02 1.021236959207205558e-01 1.152997574895311683e-01 6.039865665492698960e-02
7.212121212121212765e-02 9.145718900256089023e-02 1.077155268688196055e-01 5.681295209167450816e-02
7.242424242424241876e-02 1.054725805605072064e-01 1.037307597126637948e-01 5.622726899282745605e-02
7.272727272727272374e-02 1.157879182936406987e-01 1.503466319337699031e-01 6.378078399639454388e-02
7.303030303030302872e-02 9.838110940093743040e-02 9.530090349252944015e-02 6.353928103978169484e-02
7.333333333333333370e-02 9.485117191896003108e-02 9.621891951971928147e-02 6.124612088612351596e-02
7.363636363636363869e-02 9.929442541054517291e-02 1.085132579674487896e-01 6.197882739890302195e-02
7.393939393939394367e-02 9.347035203049189334e-02 1.139007082588834041e-01 5.968476730340748632e-02
7.424242424242424865e-02 9.583509644296678287e-02 1.047404614653784927e-01 6.168341702489637396e-02
7.454545454545453975e-02 9.917326510128567085e-02 1.244762540726614547e-01 5.656513662498185990e-02
7.484848484848484473e-02 9.712143320573080052e-02 1.220762941607814872e-01 6.355443062826976464e-02
7.515151515151514972e-02 9.551849405856815967e-02 1.070863357602323401e-01 6.379233274112590391e-02
7.545454545454545470e-02 9.153908999452060880e-02 1.213003677797784424e-01 5.916171079015525996e-02
7.575757575757575968e-02 9.695771388977793281e-02 1.135027504546310406e-01 5.543548753856732125e-02
7.606060606060606466e-02 9.154843452172901908e-02 1.079832021537748959e-01 6.220133967778513490e-02
7.636363636363636964e-02 8.462837614920806772e-02 8.540382826349535161e-02 5.465505574857078275e-02
7.666666666666666075e-02 8.996295269385926052e-02 9.777522070785339692e-02 5.526481906366140229e-02
7.696969696969696573e-02 9.730864067884315016e-02 1.030612914551108372e-01 6.807393226869550007e-02
7.727272727272727071e-02 9.994058815668917239e-02 1.115249735406892567e-01 6.398218810435564452e-02
7.757575757575757569e-02 1.011341458901637291e-01 1.113286126117549041e-01 6.236752822237499883e-02
7.787878787878788067e-02 8.132705468302683927e-02 1.027330713090122555e-01 5.313508648594549716e-02
7.818181818181818565e-02 7.508561283992604141e-02 8.667773471721046397e-02 5.768472789704759407e-02
7.848484848484849064e-02 9.051037128154645894e-02 1.226288026946136256e-01 4.941734892551263858e-02
7.878787878787878174e-02 8.403350532240344561e-02 9.772319204926317726e-02 5.249831378462199022e-02
7.909090909090908672e-02 8.218272205372899319e-02 1.057548143743754498e-01 4.657551804190521172e-02
7.939393939393939170e-02 7.555766045088868621e-02 9.705062428823904574e-02 5.351745514314056734e-02
7.969696969696969668e-02 7.050267199034704335e-02 8.616762033213765104e-02 5.214887229617607561e-02
8.000000000000000167e-02 8.460691430615806252e-02 1.050574556383676306e-01 5.691853308862861172e-02
8.030303030303030665e-02 8.101926867496786477e-02 1.111424794375126812e-01 5.569593953105091144e-02
8.060606060606061163e-02 7.490906319247313261e-02 1.167208428466827291e-01 4.774956225853806829e-02
8.090909090909090273e-02 9.237398889626943776e-02 1.079217776324506578e-01 6.323269158679301061e-02
8.121212121212120771e-02 7.387249704862473842e-02 1.127366057555585499e-01 5.330684068735220410e-02
8.151515151515151270e-02 8.036792279231214087e-02 9.934919834057726051e-02 5.603165191418871954e-02
8.181818181818181768e-02 7.846322907331070018e-02 9.531850857658236142e-02 5.453864193671387889e-02
8.212121212121212266e-02 7.885146375843081479e-02 9.987900461806459296e-02 5.573038047944708223e-02
8.242424242424242764e-02 7.794560744996198443e-02 8.896953362719164926e-02 5.694574860215430301e-02
8.272727272727273262e-02 7.475558868819937031e-02 9.937107202592690425e-02 4.443181466517100164e-02
8.303030303030302373e-02 7.614136882867279799e-02 1.011841662383630575e-01 5.278489597533949501e-02
8.333333333333332871e-02 7.633600229715437058e-02 9.603863974220726296e-02 5.463986773812112147e-02
8.363636363636363369e-02 8.747377181106150146e-02 9.485874423939716360e-02 5.545457414373149152e-02
8.393939393939393867e-02 7.512278035080001415e-02 8.721506374695245367e-02 5.191654782896518161e-02
8.424242424242424365e-02 7.696632011602820567e-02 9.365803388963635234e-02 5.383494589039130446e-02
8.454545454545454863e-02 8.563054250412732715e-02 9.663639917808136692e-02 4.634707953568051320e-02
8.484848484848485362e-02 8.472695684719827591e-02 9.269265912883491165e-02 4.911378166078065460e-02
8.515151515151514472e-02 6.934547930721880749e-02 8.967031999030014577e-02 5.052886010146914741e-02
8.545454545454544970e-02 8.167684115142329060e-02 8.582141123507612546e-02 5.151649463270271956e-02
8.575757575757575468e-02 7.015836849736428738e-02 8.759288083195533592e-02 4.602057550996477980e-02
8.606060606060605966e-02 7.090345653412584437e-02 8.421075090187776779e-02 5.131555649227464294e-02
8.636363636363636465e-02 6.753191039865419354e-02 9.033655414524784100e-02 4.925327817135687763e-02
8.666666666666666963e-02 7.112595337512464533e-02 8.140308786460299928e-02 4.638950775982503966e-02
8.696969696969697461e-02 7.389292510995268404e-02 8.799484502766968808e-02 4.955620423401677077e-02
8.727272727272727959e-02 7.933683881598370402e-02 8.679626196455607345e-02 5.122881711141870353e-02
8.757575757575757069e-02 7.718082884319507619e-02 8.726949248242089896e-02 5.429212573613675930e-02
8.787878787878787568e-02 6.985551242848270226e-02 9.995206434802807183e-02 5.243624704599556680e-02
8.818181818181818066e-02 7.914455470455308839e-02 8.148262084185714516e-02 5.170776704642338073e-02
8.848484848484848564e-02 7.552935791161358159e-02 9.270902554450258237e-02 4.718302220468537783e-02
8.878787878787879062e-02 7.709381311299363937e-02 8.800648091616841695e-02 4.900152181844000254e-02
8.909090909090909560e-02 7.354830498628815716e-02 9.721700111449196879e-02 4.865299704899524874e-02
8.939393939393940058e-02 6.633798224001349886e-02 9.347211064842336770e-02 4.403238899788705640e-02
8.969696969696969169e-02 6.941456958324221382e-02 9.935207051453458227e-02 4.877681144794870222e-02
8.999999999999999667e-02 5.780539613603970922e-02 1.003677710776364473e-01 5.555735605797647997e-02
9.030303030303030165e-02 7.241397440044827771e-02 8.773383662820120887e-02 4.815955542696054303e-02
9.060606060606060663e-02 5.674537193222627118e-02 7.879283772036126121e-02 4.687264245790957740e-02
9.090909090909091161e-02 6.182496409780849356e-02 8.706056927498330433e-02 5.220050734301870388e-02
9.121212121212121660e-02 5.901583837226447721e-02 7.633803419315239591e-02 4.894484408052758584e-02
9.151515151515152158e-02 5.367093034053009581e-02 7.828982177512065765e-02 4.138433298987818226e-02
9.181818181818181268e-02 6.363843415183559338e-02 6.839022663585904438e-02 4.576171528909916270e-02
9.212121212121211766e-02 6.528809571978620718e-02 7.835116480849155240e-02 5.493564269230017533e-02
9.242424242424242264e-02 6.474417555927759749e-02 8.335011850800158606e-02 4.902034831215460603e-02
9.272727272727272763e-02 5.977849421686262654e-02 7.893099209332749000e-02 4.981665947426031776e-02
9.303030303030303261e-02 5.663474059156035911e-02 7.679411993500416533e-02 4.442382072040815255e-02
9.333333333333333759e-02 5.644886741809505837e-02 7.621443998782434504e-02 4.264556419420528072e-02
9.363636363636364257e-02 6.883792277954027539e-02 7.500287719132649189e-02 5.029555575934172018e-02
9.393939393939393367e-02 6.561280367475420816e-02 8.730314964550695001e-02 4.108710798476045145e-02
9.424242424242423866e-02 6.084299881478294481e-02 8.220173426275058370e-02 4.870022239965561550e-02
9.454545454545454364e-02 5.848743920345708669e-02 7.883738229194699187e-02 4.928971753773460363e-02
9.484848484848484862e-02 7.009412067100283250e-02 7.715667923793075034e-02 4.939024823525872687e-02
9.515151515151515360e-02 6.364137160700716889e-02 7.718415187745693296e-02 4.201445974904711306e-02
9.545454545454545858e-02 6.612682041896694729e-02 7.751267510853157572e-02 4.326086089230859327e-02
9.575757575757576356e-02 5.610144738324448349e-02 8.333522810727435337e-02 4.832761405767527219e-02
9.606060606060605467e-02 5.268653000709479228e-02 8.466644044450610807e-02 4.633045931588281041e-02
9.636363636363635965e-02 5.634004539203767842e-02 8.996749816209964612e-02 5.311954504291464818e-02
9.666666666666666463e-02 6.124171855459925595e-02 6.756665977458890804e-02 4.844771522808637154e-02
9.696969696969696961e-02 5.201808028495557429e-02 7.238376398821803892e-02 4.930406877620790995e-02
9.727272727272727459e-02 5.809829555995937866e-02 9.208065937290760283e-02 4.790058996655108259e-02
9.757575757575757958e-02 5.612172252247244614e-02 8.226112959566456162e-02 5.149684486720478710e-02
9.787878787878788456e-02 6.009775664745631296e-02 7.027762635465015228e-02 5.243481512994121324e-02
9.818181818181817566e-02 6.106778506817236996e-02 7.288286711670280416e-02 5.135962589413736734e-02
9.848484848484848064e-02 5.348516022915105611e-02 7.472710139620539205e-02 4.592199249625386615e-02
9.878787878787878562e-02 5.418490308073171252e-02 7.816848524479103055e-02 4.511496272697549520e-02
9.909090909090909061e-02 6.293995438150881694e-02 6.487250647996373187e-02 5.178491748493151137e-02
9.939393939393939559e-02 5.389272763986499570e-02 7.707867565722571757e-02 4.479204036991754623e-02
9.969696969696970057e-02 5.318299951156774119e-02 7.892809760830053756e-02 4.096429569497359036e-02
1.000000000000000056e-01 6.170033352584953362e-02 7.638413231371826706e-02 4.154994994252637214e-02
1.003030303030302967e-01 5.527402216287549686e-02 7.554707025017443067e-02 4.342257491114288187e-02
1.006060606060606016e-01 5.507435850032205843e-02 7.668150106317128678e-02 5.081009091723184823e-02
1.009090909090909066e-01 4.941768522839748434e-02 7.976397377683391854e-02 4.596342499533459525e-02
1.012121212121212116e-01 5.757886132430177495e-02 7.856787947736099120e-02 4.240946284520254184e-02
1.015151515151515166e-01 5.492316430904749247e-02 6.747417153487582364e-02 3.939920358435818754e-02
1.018181818181818216e-01 5.180035375283581489e-02 6.648365088770663567e-02 4.025195197161406113e-02
1.021212121212121265e-01 5.380213867330618099e-02 6.730002719110925180e-02 4.052389352323713945e-02
1.024242424242424176e-01 4.794330469544524909e-02 6.917456504125159278e-02 5.190866083677094650e-02
1.027272727272727226e-01 5.015688419459397862e-02 6.131268079621846750e-02 4.237702286370068766e-02
1.030303030303030276e-01 5.102529178072075927e-02 7.716431179873628476e-02 4.867493141381486199e-02
1.033333333333333326e-01 5.114185318393775492e-02 6.348657240967291171e-02 5.063449143155406701e-02
1.036363636363636376e-01 4.786745653080028834e-02 6.410618789081679036e-02 4.033896288943686348e-02
1.039393939393939426e-01 4.598565993511070926e-02 7.461953103875801352e-02 4.481820567141751865e-02
1.042424242424242475e-01 4.376103702710518184e-02 7.081006540212701761e-02 4.784867696924700181e-02
1.045454545454545386e-01 5.064245685043558542e-02 7.400738757877617369e-02 4.444620373732304647e-02
1.048484848484848436e-01 5.283292362232069883e-02 7.338130061066838739e-02 4.123408379707446669e-02
1.051515151515151486e-01 4.819951437753176859e-02 7.032030772580900868e-02 4.475285734794118980e-02
1.054545454545454536e-01 4.849724479875256594e-02 6.426530924559475944e-02 4.046331820578686483e-02
1.057575757575757586e-01 4.271049087128854505e-02 6.310513998839056837e-02 3.826008365439855646e-02
1.060606060606060635e-01 4.897133995554749097e-02 5.884773147012345440e-02 4.455562215326619446e-02
1.063636363636363685e-01 5.122991477169393237e-02 6.623619944009784266e-02 4.634916196716830361e-02
1.066666666666666735e-01 4.569066553434317224e-02 6.676042177203506123e-02 4.959072831759139127e-02
1.069696969696969646e-01 4.667458780900579640e-02 7.216608077129300913e-02 3.866635279557713301e-02
1.072727272727272696e-01 4.727304534440117390e-02 6.194975519531699393e-02 3.723021900954979341e-02
1.075757575757575746e-01 4.887757250662860820e-02 6.090423007158888430e-02 4.942532738544209298e-02
1.078787878787878796e-01 4.036080407753397936e-02 6.945684641205668308e-02 4.008690633577191575e-02
1.081818181818181845e-01 4.349035469551772864e-02 6.309084478190557510e-02 3.548832589591555120e-02
1.084848484848484895e-01 5.064284873636784590e-02 6.344353131279811819e-02 3.704093135625367156e-02
1.087878787878787945e-01 4.684531746267937141e-02 6.194705148110842691e-02 4.386497573664147054e-02
1.090909090909090856e-01 3.962506339814903661e-02 6.897606076648862827e-02 3.409920427894877482e-02
1.093939393939393906e-01 4.395255293216437931e-02 6.789201973544273239e-02 4.310869645679477752e-02
1.096969696969696956e-01 4.684490387842952380e-02 6.920466440825351340e-02 4.205932212278253729e-02
1.100000000000000006e-01 4.667131892213929878e-02 6.140948775333684995e-02 3.668696596115186143e-02
1.103030303030303055e-01 4.345326827909098966e-02 6.691327490461657090e-02 4.068482505528274451e-02
1.106060606060606105e-01 3.956053803029430799e-02 6.792239722522694367e-02 4.209576074088425962e-02
1.109090909090909155e-01 4.334155393144722285e-02 6.051808403096089334e-02 3.823338380394975672e-02
1.112121212121212066e-01 5.421621898726910332e-02 5.525021354467186258e-02 3.883828122954474660e-02
1.115151515151515116e-01 4.367321597917604714e-02 6.316637473879843645e-02 4.154738602814475601e-02
1.118181818181818166e-01 4.486664942485686647e-02 5.755788367825302038e-02 4.411240182347334060e-02
1.121212121212121215e-01 4.466259875503311716e-02 6.222991813373000836e-02 4.112085656527533079e-02
1.124242424242424265e-01 4.040807616634180255e-02 5.910331018737664116e-02 4.252980577947521740e-02
1.127272727272727315e-01 4.249161312174679073e-02 6.263274439067056942e-02 4.401266548418187458e-02
1.130303030303030365e-01 4.185113251641479903e-02 6.152495377720753472e-02 4.130474034030042624e-02
1.133333333333333276e-01 3.989163544833952690e-02 6.349400873728736072e-02 3.714388715153776194e-02
1.136363636363636326e-01 3.962161128679184130e-02 7.037572090001796565e-02 4.484306974723143574e-02
1.139393939393939376e-01 3.457177352817208948e-02 6.016811804940330050e-02 3.978776090942332672e-02
1.142424242424242425e-01 4.375027339575619789e-02 5.846977562861209454e-02 3.367464723588815129e-02
1.145454545454545475e-01 4.317874168862343570e-02 5.814837228355193566e-02 3.712882888175268736e-02
1.148484848484848525e-01 3.630818281611113835e-02 5.435417071356572066e-02 3.645205036658064057e-02
1.151515151515151575e-01 3.829384692982557709e-02 5.630175379903580579e-02 4.172636965172984297e-02
1.154545454545454486e-01 3.573688440373389702e-02 5.687795994110092512e-02 3.575608071251180908e-02
1.157575757575757536e-01 3.749095155736475310e-02 5.377353932331695868e-02 3.417571725839472357e-02
1.160606060606060586e-01 4.421840098095616844e-02 6.029604900897437419e-02 3.790603336747574992e-02
1.163636363636363635e-01 3.648034846680095478e-02 5.322289273606493898e-02 3.663752576002259759e-02
1.166666666666666685e-01 3.648143366831788775e-02 5.451294209352106068e-02 3.550794056160905265e-02
1.169696969696969735e-01 3.722034107975610850e-02 5.823789388696784530e-02 3.245494492552074978e-02
1.172727272727272785e-01 4.090678987213035300e-02 6.008711821744646547e-02 4.131291602202908503e-02
1.175757575757575696e-01 3.791987990946010106e-02 5.150724030135218207e-02 3.598258210780214128e-02
1.178787878787878746e-01 3.658882650975578410e-02 5.584310649145907135e-02 3.537938822977715336e-02
1.181818181818181795e-01 3.437794219536387946e-02 5.842584016864676294e-02 3.597050377687023570e-02
1.184848484848484845e-01 3.663945543874146810e-02 5.052059644386102527e-02 3.562107462671273983e-02
1.187878787878787895e-01 3.636379600044924859e-02 5.158804092574537092e-02 3.659232557680203862e-02
1.190909090909090945e-01 4.063162339167874365e-02 5.556307163231174323e-02 3.796449825833859287e-02
1.193939393939393995e-01 3.639716527979178218e-02 5.185248950386513872e-02 3.968487249459269617e-02
1.196969696969696906e-01 3.815479155339434464e-02 5.591289597438005993e-02 4.263931279807016417e-02
1.199999999999999956e-01 3.852893291182499236e-02 6.180218645164076846e-02 3.613721000291498370e-02
1.203030303030303005e-01 3.528898206544370253e-02 6.010786898930919886e-02 3.803234967306065584e-02
1.206060606060606055e-01 3.626261175768898115e-02 5.145182530186083458e-02 3.706996833737474795e-02
1.209090909090909105e-01 3.553311684717410518e-02 5.433680803454980085e-02 3.925254588618534712e-02
1.212121212121212155e-01 3.496007924079056611e-02 5.624051269227227368e-02 3.832082271860595690e-02
1.215151515151515205e-01 3.524968452605617419e-02 5.880940091785085561e-02 3.496865650371060869e-02
1.218181818181818116e-01 3.562614444177397005e-02 5.342988853401584026e-02 3.518000534662218959e-02
1.221212121212121166e-01 3.308813640495352620e-02 4.816613500249323360e-02 2.792814414517093280e-02
1.224242424242424215e-01 3.451503878172218487e-02 4.888021012204957216e-02 3.526563498282872522e-02
1.227272727272727265e-01 3.681512524110092111e-02 5.317767367438339804e-02 3.206955447642984014e-02
1.230303030303030315e-01 3.438649739610530331e-02 5.908551271362965512e-02 3.717367608945528618e-02
1.233333333333333365e-01 3.226951900900578568e-02 5.174547250902874346e-02 3.448474397491242682e-02
1.236363636363636415e-01 3.017825482305814405e-02 5.066347491096986899e-02 3.211530284892157028e-02
1.239393939393939326e-01 3.561319763842132891e-02 4.595469684295125368e-02 3.376683599173201100e-02
1.242424242424242375e-01 3.119905565666218628e-02 4.738778733356976275e-02 3.680163001974734449e-02
1.245454545454545425e-01 3.034622010334945760e-02 5.365991872611268476e-02 3.600680194340529633e-02
1.248484848484848475e-01 2.878976832482837284e-02 5.365746910143633780e-02 3.474039226523692458e-02
1.251515151515151525e-01 3.175368158760991100e-02 5.352304925274160158e-02 3.455250833305581470e-02
1.254545454545454575e-01 3.641760475680702602e-02 5.768798682883418544e-02 3.360792564946059324e-02
1.257575757575757625e-01 3.337148899108742517e-02 5.241443213591553268e-02 3.622897063965736797e-02
1.260606060606060674e-01 3.008158927948116623e-02 4.962481499877655772e-02 3.371093933267768628e-02
1.263636363636363724e-01 3.338661378073337627e-02 4.896609971513702503e-02 3.814020844192380494e-02
1.266666666666666774e-01 3.211191430492151694e-02 4.812397790072549253e-02 3.409627934845924080e-02
1.269696969696969824e-01 3.266689517505575596e-02 4.672865962052913380e-02 3.383213806024622239e-02
1.272727272727272596e-01 3.071755722982989073e-02 4.860242284696722481e-02 3.281961344975226763e-02
1.275757575757575646e-01 3.364058218411557222e-02 5.389650132553686773e-02 3.767005514150782719e-02
1.278787878787878696e-01 3.194324925006478827e-02 4.237397936713459268e-02 3.088438431112367627e-02
1.281818181818181746e-01 3.531547767405667643e-02 5.454864169132946083e-02 3.681588223798703402e-02
1.284848484848484795e-01 2.990045123335785190e-02 4.481551861908501105e-02 3.154673330968855993e-02
1.287878787878787845e-01 3.019885428904150321e-02 4.308767652608896243e-02 3.325221113347161944e-02
1.290909090909090895e-01 2.983823647760387027e-02 4.797571444331145268e-02 3.361945151393307130e-02
1.293939393939393945e-01 2.988625098879855307e-02 4.567175027574115614e-02 3.369274665995367762e-02
1.296969696969696995e-01 3.412949396441310179e-02 5.212424717600278729e-02 3.137308470858241743e-02
1.300000000000000044e-01 3.412816327866493443e-02 4.516429858283341897e-02 2.984648803811774942e-02
1.303030303030303094e-01 3.018148507321266605e-02 4.515539188737042325e-02 3.350080146556759508e-02
1.306060606060606144e-01 3.048968660032865333e-02 5.243928646908768004e-02 3.457941678681756420e-02
1.309090909090909194e-01 2.964216856712712303e-02 5.495095971950784280e-02 3.557139708049204818e-02
1.312121212121212244e-01 2.982370941309205048e-02 5.572760678166396170e-02 3.379459231877783576e-02
1.315151515151515016e-01 2.781393916590621171e-02 4.774273741541253113e-02 3.109018351476620923e-02
1.318181818181818066e-01 2.952494723398797760e-02 4.533357865349493809e-02 2.892109361831010292e-02
1.321212121212121116e-01 2.836539849971857902e-02 4.765830586326526286e-02 3.081176607964422262e-02
1.324242424242424165e-01 2.952546518026947717e-02 4.344669740026775584e-02 3.342438892368330278e-02
1.327272727272727215e-01 2.856266911563401859e-02 4.457049788498378823e-02 3.285511659065162848e-02
1.330303030303030265e-01 2.628083930746140384e-02 5.142152089930650954e-02 2.937726006723810276e-02
1.333333333333333315e-01 2.622363694113225355e-02 4.467239943369250010e-02 3.482537498630752792e-02
1.336363636363636365e-01 3.130786257157821412e-02 3.810350376569111852e-02 3.258883672142655341e-02
1.339393939393939414e-01 2.671793955457705053e-02 5.353452994743326809e-02 3.463398907757949535e-02
1.342424242424242464e-01 3.082615192417447608e-02 4.956796705955901494e-02 3.104907330870005505e-02
1.345454545454545514e-01 2.896458549387941062e-02 4.825959450783032928e-02 2.840379451742605990e-02
1.348484848484848564e-01 2.772053331276462182e-02 5.116407664027698698e-02 3.178438564273110278e-02
1.351515151515151614e-01 2.563106214812797823e-02 4.686061917253548509e-02 2.813393056510037765e-02
1.354545454545454664e-01 2.801592379381126138e-02 4.430911208766469267e-02 2.954617976712430039e-02
1.357575757575757713e-01 2.840181283307197102e-02 5.424814234059013168e-02 3.266703913468065046e-02
1.360606060606060486e-01 2.649676009736571733e-02 3.925783689536345433e-02 3.303677525005123405e-02
1.363636363636363535e-01 2.556600923146259280e-02 4.595567789127535940e-02 3.164344436668155985e-02
1.366666666666666585e-01 2.614324256001262017e-02 4.473224386951299425e-02 3.090066632619319770e-02
1.369696969696969635e-01 2.579512534100424082e-02 4.395550442639121341e-02 2.944449773479367732e-02
1.372727272727272685e-01 2.657594016189045866e-02 5.068422372222863848e-02 2.894493834726815165e-02
1.375757575757575735e-01 2.768210451284805126e-02 4.221336479052545387e-02 3.234196900083743248e-02
1.378787878787878785e-01 2.751934403308987920e-02 4.658032615680443578e-02 2.702769803619240255e-02
1.381818181818181834e-01 2.694933848367308746e-02 4.736000140994057334e-02 3.327007409266311694e-02
1.384848484848484884e-01 2.500018379799783322e-02 4.531495987782468982e-02 3.291983560709567380e-02
1.387878787878787934e-01 2.351085611100779682e-02 4.119050781922241333e-02 2.841278619583817791e-02
1.390909090909090984e-01 2.649051879916713981e-02 4.512115760867854708e-02 3.046701906503610294e-02
1.393939393939394034e-01 2.225221779869711314e-02 4.823459240399079195e-02 2.903819675203718476e-02
1.396969696969697083e-01 2.910075324406997260e-02 3.817555935209873685e-02 3.423280039552483583e-02
1.400000000000000133e-01 2.343889676303504907e-02 4.227985969622132661e-02 2.697658150862913828e-02
1.403030303030302905e-01 2.453489116817008514e-02 4.216482313410976207e-02 2.974210959871441406e-02
1.406060606060605955e-01 2.361478122240721553e-02 4.168083688349170229e-02 3.026618275993209206e-02
1.409090909090909005e-01 2.263659102611427498e-02 4.016719782519541371e-02 2.655706600673070003e-02
1.412121212121212055e-01 2.188026060330961614e-02 4.296878269310006049e-02 2.771811094317217644e-02
1.415151515151515105e-01 2.368797699797495215e-02 4.455119941886282603e-02 2.854523928986773401e-02
1.418181818181818155e-01 2.197847087629878696e-02 3.835702119997991960e-02 2.903804394022055022e-02
1.421212121212121204e-01 2.672735902782287162e-02 4.274250039373715671e-02 2.720646187622531229e-02
1.424242424242424254e-01 2.369345265859136920e-02 4.032782220443546090e-02 3.044129632798222088e-02
1.427272727272727304e-01 2.350635873427887185e-02 3.992169961247688664e-02 2.495862586691374035e-02
1.430303030303030354e-01 2.551472467098346228e-02 3.730588754018242248e-02 3.362922633463086286e-02
1.433333333333333404e-01 2.040025679392929586e-02 4.120171525668889223e-02 2.972440889225915969e-02
1.436363636363636453e-01 2.259294065907092863e-02 3.827864689294908224e-02 2.560730736536265262e-02
1.439393939393939503e-01 2.095748927825296856e-02 3.945974941864120039e-02 2.800512908104792545e-02
1.442424242424242553e-01 2.508349901757510325e-02 4.155102477540952716e-02 2.606589615934001153e-02
1.445454545454545325e-01 2.375226655606416451e-02 4.442387531679733992e-02 2.776174852634318013e-02
1.448484848484848375e-01 2.286179070291842474e-02 4.073782455999638147e-02 2.895009165665433926e-02
1.451515151515151425e-01 2.360447338405097586e-02 4.233586746548204799e-02 2.854372428081342061e-02
1.454545454545454475e-01 2.306788204738434087e-02 3.781847966005456863e-02 2.900095919655007112e-02
1.457575757575757525e-01 2.406153807258168409e-02 3.971334099165554909e-02 2.695896181786567453e-02
1.460606060606060574e-01 2.265329816782741396e-02 3.906328034656497000e-02 2.668719739786220777e-02
1.463636363636363624e-01 2.136378890719037305e-02 3.504352478752283118e-02 2.336830684613219050e-02
1.466666666666666674e-01 2.153507760337398241e-02 3.721867225542629942e-02 2.589606709950229360e-02
1.469696969696969724e-01 2.123171876934917476e-02 3.775509176296398817e-02 2.532090996838963146e-02
1.472727272727272774e-01 2.433293193020173023e-02 3.631923206690070710e-02 2.713794181899821870e-02
1.475757575757575824e-01 2.423518920212587927e-02 3.471121692913711754e-02 2.740797642443875207e-02
1.478787878787878873e-01 2.370813186905015163e-02 3.698806649986005612e-02 2.555824484153544629e-02
1.481818181818181923e-01 2.222584534688154534e-02 3.582923753477187945e-02 2.840963188641197623e-02
1.484848484848484973e-01 1.956494113715655930e-02 3.622808090417258681e-02 2.888390147084110918e-02
1.487878787878787745e-01 1.993998284775101368e-02 3.315503998446309164e-02 3.187326660859490096e-02
1.490909090909090795e-01 2.193218079262341386e-02 3.654520910355509022e-02 2.387117798377074926e-02
1.493939393939393845e-01 2.119930423484215828e-02 4.278654986209137756e-02 2.693514830448209829e-02
1.496969696969696895e-01 1.990301171398509497e-02 3.354266622337427617e-02 2.539239395432529856e-02
1.499999999999999944e-01 2.405386564106861899e-02 4.005799951773497680e-02 2.581713336801593969e-02
1.503030303030302994e-01 2.168055355795035083e-02 3.673357105732259070e-02 2.799010998051147669e-02
1.506060606060606044e-01 2.173383531679601646e-02 3.577108211344371541e-02 2.544825847790049833e-02
1.509090909090909094e-01 2.058650535713957633e-02 3.894738134148675868e-02 2.706062868618740527e-02
1.512121212121212144e-01 2.168539397235137375e-02 3.473255962166581917e-02 2.468032176227776334e-02
1.515151515151515194e-01 1.940274010132899893e-02 3.567100475377792124e-02 2.766531005518463662e-02
1.518181818181818243e-01 1.988289409439331426e-02 3.839144764237155394e-02 2.470674994942963221e-02
1.521212121212121293e-01 2.028659669615160213e-02 3.741801222656441356e-02 2.508458125638387062e-02
1.524242424242424343e-01 1.924877538123651033e-02 3.655011149383424057e-02 2.275661262600232534e-02
1.527272727272727393e-01 2.211702133741483972e-02 3.777532189451130590e-02 2.340798202888738980e-02
1.530303030303030165e-01 2.072205261536606835e-02 3.159168345325732985e-02 2.412612716210816091e-02
1.533333333333333215e-01 2.009057265435317333e-02 3.423376241319825430e-02 2.591187686848551996e-02
1.536363636363636265e-01 1.900493115378319026e-02 3.367064188426503735e-02 2.654984624873320959e-02
1.539393939393939315e-01 1.963235075166934115e-02 3.673574588987629785e-02 2.465820603865705174e-02
1.542424242424242364e-01 1.609692170173998918e-02 3.550022971267230432e-02 2.359787966343582233e-02
1.545454545454545414e-01 2.195127879851206318e-02 3.657406641563330785e-02 2.258344929167943604e-02
1.548484848484848464e-01 2.113694867468136201e-02 3.419407610294541988e-02 2.445156477619786842e-02
1.551515151515151514e-01 2.053459431418914669e-02 3.565227645153495883e-02 2.374288044514139343e-02
1.554545454545454564e-01 1.995249267955684358e-02 3.485032491619026451e-02 2.344613325790141992e-02
1.557575757575757613e-01 1.930279062556036068e-02 3.353473630866034977e-02 2.439566307334230244e-02
1.560606060606060663e-01 1.931552621589992247e-02 3.485597783597082361e-02 2.500819505867774711e-02
1.563636363636363713e-01 2.146912037133513057e-02 3.445769447917758355e-02 2.431293276021144131e-02
1.566666666666666763e-01 1.949216654344003083e-02 3.606896900254941835e-02 2.337809093351591108e-02
1.569696969696969813e-01 2.061985381338858614e-02 3.831163947285740751e-02 2.353878492766091693e-02
1.572727272727272863e-01 1.840103140372454857e-02 3.388782311870722208e-02 2.165091304891365517e-02
1.575757575757575635e-01 1.725187213157957852e-02 3.174152093118172424e-02 2.111412550373898897e-02
1.578787878787878685e-01 1.884732202693786135e-02 3.388436627655511124e-02 2.418754542260052529e-02
1.581818181818181734e-01 1.927747547779854950e-02 3.624449988842164128e-02 2.455526366305444200e-02
1.584848484848484784e-01 1.830190566208399205e-02 3.224434457134252308e-02 2.262171046717050341e-02
1.587878787878787834e-01 1.967543378089442810e-02 3.423013847205500643e-02 2.350213177225399588e-02
1.590909090909090884e-01 2.031140262976380284e-02 3.147049159051430040e-02 2.314908830199842102e-02
1.593939393939393934e-01 2.059479297264186007e-02 3.402578765379934284e-02 2.592735013435084473e-02
1.596969696969696983e-01 1.682954622181499771e-02 3.357403183840265010e-02 2.417611775375346286e-02
1.600000000000000033e-01 1.680654337983925398e-02 3.171490645260671704e-02 2.372008771819995865e-02
1.603030303030303083e-01 1.883984557587512626e-02 3.061924142444328450e-02 2.297277799805357359e-02
1.606060606060606133e-01 1.720559413937149465e-02 3.193401275455364646e-02 2.051409903965169257e-02
1.609090909090909183e-01 1.703247055012909600e-02 2.925524694771445069e-02 2.394631705268809169e-02
1.612121212121212233e-01 1.582527425584895689e-02 3.221053767117496025e-02 2.094494265151619281e-02
1.615151515151515282e-01 1.738036156307294980e-02 2.909308251644953519e-02 2.393222384671441286e-02
1.618181818181818055e-01 1.688939681225659975e-02 3.364779185144614604e-02 2.275973233894721531e-02
1.621212121212121104e-01 1.579882429061941693e-02 3.078970447846898426e-02 2.668976240771005204e-02
1.624242424242424154e-01 1.775854281579665461e-02 3.277558526087540058e-02 2.619636074012746119e-02
1.627272727272727204e-01 1.612689433935775296e-02 3.043284055979440794e-02 2.472903680374618357e-02
1.630303030303030254e-01 1.726952610944591793e-02 3.378210807935137783e-02 2.549683801344626924e-02
1.633333333333333304e-01 1.680297195890615575e-02 2.897821549979268108e-02 2.464239161637833686e-02
1.636363636363636354e-01 1.724149574699040954e-02 2.869582912435557354e-02 2.152164486969447219e-02
1.639393939393939403e-01 1.744054257244764469e-02 2.899409975630637751e-02 2.177702271236338707e-02
1.642424242424242453e-01 1.682358106013092866e-02 3.114672883901118197e-02 1.995561362213695011e-02
1.645454545454545503e-01 1.755562094067771028e-02 3.090175306075682027e-02 2.272800412078043036e-02
1.648484848484848553e-01 1.662854614938783990e-02 2.946266268268048216e-02 2.501218843402880712e-02
1.651515151515151603e-01 1.480692138859744829e-02 3.041223995118379902e-02 2.232347542629407183e-02
1.654545454545454652e-01 1.566762087484612279e-02 3.072690644341446314e-02 2.265832146633538213e-02
1.657575757575757702e-01 1.642709247765190492e-02 3.266137701038918095e-02 2.263559181440861004e-02
1.660606060606060475e-01 1.644201437520056638e-02 2.749416809274339915e-02 2.235223804135589090e-02
1.663636363636363524e-01 1.695169876306308956e-02 2.759921476044187652e-02 2.473270946588443028e-02
1.666666666666666574e-01 1.806801098612097201e-02 3.071371533511384894e-02 2.296341553262752286e-02
1.669696969696969624e-01 1.687006571220148188e-02 2.633104348950986162e-02 2.315622484688877394e-02
1.672727272727272674e-01 1.520595679607510305e-02 3.006163673393779517e-02 2.392574195027693390e-02
1.675757575757575724e-01 1.603729004183234927e-02 3.284656165470103972e-02 2.037995478387527593e-02
1.678787878787878773e-01 1.802843401761595327e-02 2.750064762795674522e-02 1.990153679358237088e-02
1.681818181818181823e-01 1.798142297319320002e-02 2.940651790177921387e-02 1.973410797359989588e-02
1.684848484848484873e-01 1.851295340233121908e-02 3.077547628493329177e-02 2.120630491539947371e-02
1.687878787878787923e-01 1.624327698151135924e-02 2.688685774129217707e-02 1.979295497371652904e-02
1.690909090909090973e-01 1.562457235853671224e-02 2.240462823275580703e-02 2.127869715507985787e-02
1.693939393939394022e-01 1.623545664644515316e-02 2.830606193553982311e-02 1.963801064960183154e-02
1.696969696969697072e-01 1.680307376998454311e-02 2.458567621101430054e-02 1.883913613085144712e-02
1.700000000000000122e-01 1.737577718809818136e-02 2.929393355051186990e-02 2.031964502435267342e-02
1.703030303030302894e-01 1.547144490214325332e-02 2.968308325993214425e-02 2.066360791830042579e-02
1.706060606060605944e-01 1.785769408657095561e-02 3.111291816243266783e-02 2.130138034737563690e-02
1.709090909090908994e-01 1.606447109104163287e-02 3.009757302072114254e-02 2.067369790180953112e-02
1.712121212121212044e-01 1.216794557860934392e-02 2.600308374197217443e-02 1.805077886105105681e-02
1.715151515151515094e-01 1.399367073870256932e-02 2.693017501215085735e-02 1.992418944388467048e-02
1.718181818181818143e-01 1.580908688912253945e-02 3.138139042207943596e-02 1.907336479941500185e-02
1.721212121212121193e-01 1.630974338228051088e-02 2.621661062793717231e-02 1.819812352803979599e-02
1.724242424242424243e-01 1.496534612440990168e-02 2.550810858495492980e-02 2.203194611183111398e-02
1.727272727272727293e-01 1.657903565259195855e-02 2.688042642862231713e-02 2.157125483964912951e-02
1.730303030303030343e-01 1.473610594423972568e-02 2.680194166243458909e-02 2.123352034763711579e-02
1.733333333333333393e-01 1.524984950372842291e-02 2.743785123001250825e-02 2.082339511802667673e-02
1.736363636363636442e-01 1.518329521457680541e-02 2.799898576840910772e-02 2.185756903643930327e-02
1.739393939393939492e-01 1.657566424490258816e-02 2.830174521110707941e-02 2.168593602839977152e-02
1.742424242424242542e-01 1.526966068259489467e-02 3.080413616338735505e-02 2.042921748577865640e-02
1.745454545454545592e-01 1.479922827594973636e-02 2.760394125101208601e-02 2.036425924292708384e-02
1.748484848484848364e-01 1.534957416797321991e-02 2.815164990924415647e-02 2.030474816640927271e-02
1.751515151515151414e-01 1.282794229188076104e-02 2.599443753481821273e-02 1.918620121846381296e-02
1.754545454545454464e-01 1.591810894071499921e-02 2.439516892176027754e-02 1.999452741384664597e-02
1.757575757575757514e-01 1.502885179932399694e-02 2.756100013013830161e-02 1.989922634779206848e-02
1.760606060606060563e-01 1.487642077474841430e-02 2.705650776132012894e-02 2.243900471812640060e-02
1.763636363636363613e-01 1.312304981381843400e-02 2.716807988329154530e-02 1.934531888695617888e-02
1.766666666666666663e-01 1.389577008099490696e-02 2.571044346097251659e-02 1.924429849801127107e-02
1.769696969696969713e-01 1.453719178970333883e-02 2.570351167189119032e-02 2.044872973850138040e-02
1.772727272727272763e-01 1.358053523286833347e-02 2.471824292408428617e-02 1.855261039645495283e-02
1.775757575757575812e-01 1.402493042415790293e-02 2.691431428367387080e-02 1.691689075931033029e-02
1.778787878787878862e-01 1.267763660861092115e-02 2.685217967039657538e-02 2.035625714058254820e-02
1.781818181818181912e-01 1.497099819900631762e-02 2.786092340268732717e-02 1.823134101294222528e-02
1.784848484848484962e-01 1.671499420844901537e-02 2.733374568667346419e-02 1.957825166166556052e-02
1.787878787878788012e-01 1.488690189753905796e-02 2.682948230329447112e-02 1.940199508722401794e-02
1.790909090909090784e-01 1.410990112443087467e-02 2.445432345505433105e-02 1.880679501116829314e-02
1.793939393939393834e-01 1.251867614945234054e-02 2.433533681671450760e-02 1.963238726152947977e-02
1.796969696969696884e-01 1.248160111672774047e-02 2.459407777687235702e-02 1.846238795343599706e-02
1.799999999999999933e-01 1.237202398374268215e-02 2.276458007119076810e-02 1.854825510913261921e-02
1.803030303030302983e-01 1.226764176918672573e-02 2.630606491897612143e-02 2.010943825416684760e-02
1.806060606060606033e-01 1.365654599121909028e-02 2.506339925992728812e-02 1.948591957229601004e-02
1.809090909090909083e-01 1.299720817236038606e-02 2.697574156774561194e-02 1.889491540038386319e-02
1.812121212121212133e-01 1.273616245841466960e-02 2.650329767935073744e-02 1.812055100779263669e-02
1.815151515151515182e-01 1.274072474782600092e-02 2.307066101453581972e-02 1.673864065287339331e-02
1.818181818181818232e-01 1.258743355023241028e-02 2.404135859085041599e-02 1.746407810984128284e-02
1.821212121212121282e-01 1.319406309431158004e-02 2.593159324482564865e-02 1.938785380745030804e-02
1.824242424242424332e-01 1.259887635337274270e-02 2.344017630898571902e-02 1.784549439382088556e-02
1.827272727272727382e-01 1.301080151834823825e-02 2.602598068224894201e-02 1.789661865369865726e-02
1.830303030303030432e-01 1.287261296870408772e-02 2.491757332928218327e-02 1.863741317439624942e-02
1.833333333333333204e-01 1.142104513567792495e-02 2.317838884371619182e-02 1.778178441141030006e-02
1.836363636363636254e-01 1.332109862850486270e-02 2.142770619199067458e-02 1.840949218148115601e-02
1.839393939393939303e-01 1.374814947750966493e-02 2.337523720447769182e-02 1.919331708182306362e-02
1.842424242424242353e-01 1.245031411347419237e-02 2.411359061462472683e-02 1.898383020145875955e-02
1.845454545454545403e-01 1.081465644329948801e-02 2.373578142384501904e-02 1.933596385259828479e-02
1.848484848484848453e-01 1.145151865697143813e-02 2.379563877616871700e-02 1.741690194546642936e-02
1.851515151515151503e-01 1.175534772929299511e-02 2.146697279763101762e-02 1.690707571058532727e-02
1.854545454545454553e-01 1.190485689886472409e-02 2.516986949839004201e-02 1.718369870294180271e-02
1.857575757575757602e-01 1.100923139835381127e-02 2.476240152062981342e-02 1.643073454345310089e-02
1.860606060606060652e-01 1.275073907370015067e-02 2.626186718138233747e-02 1.786718611438508492e-02
1.863636363636363702e-01 1.273940396554001930e-02 2.257405781741112644e-02 1.813751440836071024e-02
1.866666666666666752e-01 1.221589443582917281e-02 2.442462684645658327e-02 1.833725287609429613e-02
1.869696969696969802e-01 1.230709580355597056e-02 2.460083025940839122e-02 1.702705581644484156e-02
1.872727272727272851e-01 1.121160006100410667e-02 2.180338231504461155e-02 1.934269182301529694e-02
1.875757575757575624e-01 1.193314799890787120e-02 2.163752847836067361e-02 1.873306136999140087e-02
1.878787878787878673e-01 1.069368165353003913e-02 1.935262236377216852e-02 1.836099806786486294e-02
1.881818181818181723e-01 1.140667921758617247e-02 2.463022098585854538e-02 1.736811195795047447e-02
1.884848484848484773e-01 1.255391190977595689e-02 2.207355241160198489e-02 1.882168671733114654e-02
1.887878787878787823e-01 1.231266553034322635e-02 2.162244884486022242e-02 1.935707160354743425e-02
1.890909090909090873e-01 1.295003008767850461e-02 2.149568680065875106e-02 1.813984430459452540e-02
1.893939393939393923e-01 1.051975657389795857e-02 2.229732162253679484e-02 1.558770428503256783e-02
1.896969696969696972e-01 1.110898368169372860e-02 2.271001842045709818e-02 1.644786403397814276e-02
1.900000000000000022e-01 1.053030106162355754e-02 2.081785525223533301e-02 1.689565709295458990e-02
1.903030303030303072e-01 1.079196567657663385e-02 2.095388654421422026e-02 1.754951187777312877e-02
1.906060606060606122e-01 1.137331152913102252e-02 2.053442173321721326e-02 1.737671056006892187e-02
1.909090909090909172e-01 1.130572296698618626e-02 2.463092651080422274e-02 1.871776147259089640e-02
1.912121212121212221e-01 1.253490212565947295e-02 2.192519796868909465e-02 1.707964610672617345e-02
1.915151515151515271e-01 1.293441103585593437e-02 2.522091215320586624e-02 1.852584700101864157e-02
1.918181818181818044e-01 1.128065960771781201e-02 2.296324865359063161e-02 1.730974367997641095e-02
1.921212121212121093e-01 1.188314232018127664e-02 2.024265459873454687e-02 1.558023263543899771e-02
1.924242424242424143e-01 1.136954694556365462e-02 2.347992666055666311e-02 1.656595116857019490e-02
1.927272727272727193e-01 1.232586805829662471e-02 2.284788780045993520e-02 1.632525763400057006e-02
1.930303030303030243e-01 1.165003953870915633e-02 2.380433250258530073e-02 1.701340489431913197e-02
1.933333333333333293e-01 1.182665983713151493e-02 2.341260285878098146e-02 1.724798071518482759e-02
1.936363636363636342e-01 1.050953770767426229e-02 2.266768792327791132e-02 1.657220923502103482e-02
1.939393939393939392e-01 1.298836336641794736e-02 2.262514495216961727e-02 1.691639380896058087e-02
1.942424242424242442e-01 1.198111091843310702e-02 2.131817140488636783e-02 1.625360262585474891e-02
1.945454545454545492e-01 9.898357507270878070e-03 2.102767161441076310e-02 1.541255611482728743e-02
1.948484848484848542e-01 1.116321372130635488e-02 2.226306851586827562e-02 1.549694269752375543e-02
1.951515151515151592e-01 1.167687031930489047e-02 2.101963766015189569e-02 1.610751250229108117e-02
1.954545454545454641e-01 1.102071611421754152e-02 2.305443596845633408e-02 1.763490730323870326e-02
1.957575757575757691e-01 1.060641014978864864e-02 2.098831198637398851e-02 1.620294514924670859e-02
1.960606060606060741e-01 1.037738267543022487e-02 2.050914808428861910e-02 1.693742757768766996e-02
1.963636363636363513e-01 1.171203672399439427e-02 2.369668958297048433e-02 1.743325872846606533e-02
1.966666666666666563e-01 1.097136169905088207e-02 2.308783252602782457e-02 1.645771549472250378e-02
1.969696969696969613e-01 1.074871982734338163e-02 2.162752183699510541e-02 1.767686179117630013e-02
1.972727272727272663e-01 1.174025759526201723e-02 2.343802106024962459e-02 1.847148672210765369e-02
1.975757575757575712e-01 1.108519565733461811e-02 1.866508723053336705e-02 1.559013213407135258e-02
1.978787878787878762e-01 1.155047932980165018e-02 1.880373577352863201e-02 1.674490323694408436e-02
1.981818181818181812e-01 1.198186133022465655e-02 1.947131582741933042e-02 1.561592896182510855e-02
1.984848484848484862e-01 1.042378569719625697e-02 2.071578175567428265e-02 1.666983180069239734e-02
1.987878787878787912e-01 1.059524561191209531e-02 2.017760539790559512e-02 1.615024535752539181e-02
1.990909090909090962e-01 1.076967134915614820e-02 2.145708842641871894e-02 1.723886178395922855e-02
1.993939393939394011e-01 1.023963049323669931e-02 2.079291123488479290e-02 1.508857411512371828e-02
1.996969696969697061e-01 9.918265280461290370e-03 1.940435594742030007e-02 1.794131937656564743e-02
2.000000000000000111e-01 9.585667188478006612e-03 1.810615512819509221e-02 1.650841929195752400e-02
2.003030303030303161e-01 1.083674435343708574e-02 2.409250312203111213e-02 1.642840351394085630e-02
2.006060606060605933e-01 1.042595854277422913e-02 2.058141719372713271e-02 1.705814287680768732e-02
2.009090909090908983e-01 1.133967280267737278e-02 2.229744047127268231e-02 1.535405932967967568e-02
2.012121212121212033e-01 1.078357938106685489e-02 1.923529382678449903e-02 1.752442400729753089e-02
2.015151515151515083e-01 1.001471038240093342e-02 2.075092874826846290e-02 1.530396946021649746e-02
2.018181818181818132e-01 1.098436584718625285e-02 2.013818214801189888e-02 1.517210245911517624e-02
2.021212121212121182e-01 9.891239953074133090e-03 1.982081059919223176e-02 1.841093657364437780e-02
2.024242424242424232e-01 1.085624903335929634e-02 2.032815290873546052e-02 1.846235315855692533e-02
2.027272727272727282e-01 1.150464580943721081e-02 2.056389769865409750e-02 1.694078792406209649e-02
2.030303030303030332e-01 1.044642862315374628e-02 2.214712020101762546e-02 1.542029759060219683e-02
2.033333333333333381e-01 1.148841320261765123e-02 1.860837868022404210e-02 1.661334145618654709e-02
2.036363636363636431e-01 1.088252835884204184e-02 2.108732857894960941e-02 1.225622462789480345e-02
2.039393939393939481e-01 9.741415005897457666e-03 2.042931286980395958e-02 1.282563228740382123e-02
2.042424242424242531e-01 9.821697695311340515e-03 2.035741328913203210e-02 1.501607777027320206e-02
2.045454545454545581e-01 9.410486806461580700e-03 1.873512185509524156e-02 1.442377394429430332e-02
2.048484848484848353e-01 1.064917794635365268e-02 1.930811472954040500e-02 1.544947272228416879e-02
2.051515151515151403e-01 9.340681773665576032e-03 2.058252826537393734e-02 1.411132566532924751e-02
2.054545454545454453e-01 9.088507029249478716e-03 1.848396646940762833e-02 1.538823404309381561e-02
2.057575757575757502e-01 9.317142119420050717e-03 1.846822872712881522e-02 1.539777706458319260e-02
2.060606060606060552e-01 9.945704912883454249e-03 1.653701491038902030e-02 1.516855593605629521e-02
2.063636363636363602e-01 9.002467723931945748e-03 1.769654749385953310e-02 1.511042375402309700e-02
2.066666666666666652e-01 1.045396872899169959e-02 1.690068467852701498e-02 1.489261431521934041e-02
2.069696969696969702e-01 8.980768075020042346e-03 1.950921836516721075e-02 1.440609619233395276e-02
2.072727272727272751e-01 9.238524159842765454e-03 1.805226187534968857e-02 1.449219633894139984e-02
2.075757575757575801e-01 1.052009738044418392e-02 2.092597444903717893e-02 1.395286132754219866e-02
2.078787878787878851e-01 8.627607497952948651e-03 2.037983405703480688e-02 1.403448220710667126e-02
2.081818181818181901e-01 9.897247560086473370e-03 1.849900541897063488e-02 1.385390336704689883e-02
2.084848484848484951e-01 9.938975467441815356e-03 1.864815453920014993e-02 1.646765749873642729e-02
2.087878787878788001e-01 9.501548110806388656e-03 1.914564595322761076e-02 1.397635011194325871e-02
2.090909090909090773e-01 9.843808164673846506e-03 1.874055335297509020e-02 1.406326732496652326e-02
2.093939393939393823e-01 9.973165399158035599e-03 1.541131228250399582e-02 1.553908853774355926e-02
2.096969696969696872e-01 9.917193970159679517e-03 1.922381843133503729e-02 1.475486784751253722e-02
2.099999999999999922e-01 8.667794951596327277e-03 1.829128169723269123e-02 1.452834160765742108e-02
2.103030303030302972e-01 1.026095966151426703e-02 1.813518459327582988e-02 1.525970230381766372e-02
2.106060606060606022e-01 9.919623622690023484e-03 2.000596147629392363e-02 1.393361071107345091e-02
2.109090909090909072e-01 9.149122264195735585e-03 2.173283097304001127e-02 1.416241388223355747e-02
2.112121212121212122e-01 9.419858239659038845e-03 1.870302498932599131e-02 1.527820835879489109e-02
2.115151515151515171e-01 9.425104722186019440e-03 1.911214531542049233e-02 1.395011502019698375e-02
2.118181818181818221e-01 9.604434165175257387e-03 1.913582683716936322e-02 1.559943875018436447e-02
2.121212121212121271e-01 9.487686794040562852e-03 1.778606278626297665e-02 1.496040863775897206e-02
2.124242424242424321e-01 9.402794725767380998e-03 1.769285462187653382e-02 1.505959172460219486e-02
2.127272727272727371e-01 8.745268250127422732e-03 1.849239593624972533e-02 1.584858041051859581e-02
2.130303030303030420e-01 8.624624152465534127e-03 1.853773087606125705e-02 1.453630426430760694e-02
2.133333333333333470e-01 9.282252023658829621e-03 1.869637200469901825e-02 1.349269648757609949e-02
2.136363636363636243e-01 8.436050616329493143e-03 1.887808254065544838e-02 1.451195127692469188e-02
2.139393939393939292e-01 8.660880322734560571e-03 1.888773492291650341e-02 1.438810142699878045e-02
2.142424242424242342e-01 9.484300803370445884e-03 1.709289660613758782e-02 1.540482625884122443e-02
2.145454545454545392e-01 8.129588884952864553e-03 1.807934854772945410e-02 1.403275755753506486e-02
2.148484848484848442e-01 9.418204288584362469e-03 1.729172973145110329e-02 1.338001511334495526e-02
2.151515151515151492e-01 8.932465902247964384e-03 1.711714731183174021e-02 1.385849377124935035e-02
2.154545454545454541e-01 9.480142163735258420e-03 1.851074536214734889e-02 1.393775019095155193e-02
2.157575757575757591e-01 8.299457324842739181e-03 1.820882479539898471e-02 1.375866691749600551e-02
2.160606060606060641e-01 7.944210921235877673e-03 1.879957539120613239e-02 1.595569612160616102e-02
2.163636363636363691e-01 7.880569127596919604e-03 1.864628006968822513e-02 1.315107540571968346e-02
2.166666666666666741e-01 8.308155636982193781e-03 1.827675090654644688e-02 1.472828655323010077e-02
2.169696969696969790e-01 9.146988158512107947e-03 1.854108224950185360e-02 1.495084915395095485e-02
2.172727272727272840e-01 9.322433465136880162e-03 1.859997278296263851e-02 1.371555907158025951e-02
2.175757575757575890e-01 9.468372056448700821e-03 1.774782382705550332e-02 1.437074732424243120e-02
2.178787878787878662e-01 9.032870635239078488e-03 1.550803403874420616e-02 1.404970513028265706e-02
2.181818181818181712e-01 9.549917069141537762e-03 1.822845810913764630e-02 1.516652665740526179e-02
2.184848484848484762e-01 9.646099313760127247e-03 1.719827869771685738e-02 1.402468127536463105e-02
2.187878787878787812e-01 9.074594194154215337e-03 1.751705646308476111e-02 1.405939987759961124e-02
2.190909090909090862e-01 9.015782739319634989e-03 1.883029472880576316e-02 1.518424607187819110e-02
2.193939393939393911e-01 8.291672435733039859e-03 1.714219774251540818e-02 1.508441106670181490e-02
2.196969696969696961e-01 8.506663073451607021e-03 1.967713226931393916e-02 1.458638740962596263e-02
2.200000000000000011e-01 9.782625168983693012e-03 1.967930058077377309e-02 1.339825329923079872e-02
2.203030303030303061e-01 8.901763539256875302e-03 1.751774779154672765e-02 1.383080810623094591e-02
2.206060606060606111e-01 8.661000693307326775e-03 1.745897606401330959e-02 1.431231333144634445e-02
2.209090909090909161e-01 8.884168664720172581e-03 1.701521725730103726e-02 1.393991472984121988e-02
2.212121212121212210e-01 8.622603679739736238e-03 1.748625753820790343e-02 1.548708213923973703e-02
2.215151515151515260e-01 8.715875496948152432e-03 1.590288559275598174e-02 1.516568825600056458e-02
2.218181818181818310e-01 9.059625147094503214e-03 1.616492283458878174e-02 1.394828734343243372e-02
2.221212121212121082e-01 8.018830486697691926e-03 1.760316714390935955e-02 1.187825335310073969e-02
2.224242424242424132e-01 8.455736129069781060e-03 1.686467401640192806e-02 1.458578672790781551e-02
2.227272727272727182e-01 8.007247019307765779e-03 1.845517528039353206e-02 1.239655182271311162e-02
2.230303030303030232e-01 8.230274272539733066e-03 1.937422473866480532e-02 1.357158503542904050e-02
2.233333333333333282e-01 8.846645291648788656e-03 1.849363411211251904e-02 1.391010143946737505e-02
2.236363636363636331e-01 9.236140559544962769e-03 1.769728222538843529e-02 1.388097500071637860e-02
2.239393939393939381e-01 8.330872777667962595e-03 1.866671165474469499e-02 1.301322282426586353e-02
2.242424242424242431e-01 8.294884319410056328e-03 1.889244764628358886e-02 1.388569538363939107e-02
2.245454545454545481e-01 8.044036984613887886e-03 1.615564567643529292e-02 1.476972555351265676e-02
2.248484848484848531e-01 7.490781914366794261e-03 1.706801067368464778e-02 1.318986079486801806e-02
2.251515151515151580e-01 8.701947281336951806e-03 1.590275215229666403e-02 1.313011580438831587e-02
2.254545454545454630e-01 8.801099243236640626e-03 1.795190660793898052e-02 1.473859587292135863e-02
2.257575757575757680e-01 8.331193579196111837e-03 1.667131128224658837e-02 1.423742056285354565e-02
2.260606060606060730e-01 7.387802005394707855e-03 1.607408420305296223e-02 1.464996816731712476e-02
2.263636363636363502e-01 8.883994438563583979e-03 1.677525322067961039e-02 1.108686015508210734e-02
2.266666666666666552e-01 9.175590862622810817e-03 1.718550338619722478e-02 1.416555331630010676e-02
2.269696969696969602e-01 8.089642799605218162e-03 1.728638410087624672e-02 1.383696622869586522e-02
2.272727272727272652e-01 7.495949815923992447e-03 1.728615034175103038e-02 1.260960604793047793e-02
2.275757575757575701e-01 8.207535706569421205e-03 1.668367234902502771e-02 1.189748487409023753e-02
2.278787878787878751e-01 9.099441559012587735e-03 1.763089893818412662e-02 1.291163578599586331e-02
2.281818181818181801e-01 8.907744022329999387e-03 1.685213293758014083e-02 1.401593310612105243e-02
2.284848484848484851e-01 8.457768308426497073e-03 1.827964900951812438e-02 1.454469921200815530e-02
2.287878787878787901e-01 8.017368224263493603e-03 1.556531136759204195e-02 1.456431136481294714e-02
2.290909090909090950e-01 8.723928951004497959e-03 1.584154595164634360e-02 1.392222607638961100e-02
2.293939393939394000e-01 8.106944718514880882e-03 1.804323549197822674e-02 1.179829785984157220e-02
2.296969696969697050e-01 9.751510274599502551e-03 1.544143050359737292e-02 1.253223894665342342e-02
2.300000000000000100e-01 8.226345326167290584e-03 1.805813225568480423e-02 1.347590802741375875e-02
2.303030303030303150e-01 8.251172447348945407e-03 1.536832396827547687e-02 1.238234060597473082e-02
2.306060606060605922e-01 8.886158795148322090e-03 1.616320604245674586e-02 1.198666526661254506e-02
2.309090909090908972e-01 8.207340591889612444e-03 1.792268138739732536e-02 1.268297624108389102e-02
2.312121212121212022e-01 7.890916569261954838e-03 1.734167692053888155e-02 1.520668479556496096e-02
2.315151515151515071e-01 8.445120049662678888e-03 1.858198297946939831e-02 1.265902725450589704e-02
2.318181818181818121e-01 7.485643405939778477e-03 1.688635669173051482e-02 1.341787066078890117e-02
2.321212121212121171e-01 7.845220401968382162e-03 1.546647371422347865e-02 1.319536919204067522e-02
2.324242424242424221e-01 7.735344451589899056e-03 1.748953950321271988e-02 1.384651708311152724e-02
2.327272727272727271e-01 7.315401561617760999e-03 1.603898623260426384e-02 1.318835952252028071e-02
2.330303030303030321e-01 7.655684936408702589e-03 1.649427448294534318e-02 1.339762643052187958e-02
2.333333333333333370e-01 8.710806418898604797e-03 1.682450667175117848e-02 1.334820181970811613e-02
2.336363636363636420e-01 7.930899981257675743e-03 1.462228961396323627e-02 1.385449276868370647e-02
2.339393939393939470e-01 7.300143085501541000e-03 1.647532629173378838e-02 1.373463088595739887e-02
2.342424242424242520e-01 7.381770891717703321e-03 1.570201514096387571e-02 1.383235038499253805e-02
2.345454545454545570e-01 8.808022083517061743e-03 1.676134730325363684e-02 1.350479479153337409e-02
2.348484848484848619e-01 9.151954013627986231e-03 1.525451191693171470e-02 1.426230228084683464e-02
2.351515151515151392e-01 8.739845521308891446e-03 1.588556190555850262e-02 1.244134023743000660e-02
2.354545454545454441e-01 7.852091345667099390e-03 1.780085089720828684e-02 1.358532317086596358e-02
2.357575757575757491e-01 7.851010140537370216e-03 1.621456530771456586e-02 1.133103637031886851e-02
2.360606060606060541e-01 7.964762473358309378e-03 1.688239152089055645e-02 1.299112456084012233e-02
2.363636363636363591e-01 7.501585559180005101e-03 1.618672763480728805e-02 1.286188235958628245e-02
2.366666666666666641e-01 8.358112870137646838e-03 1.473385710020575640e-02 1.275874476127256824e-02
2.369696969696969691e-01 7.857108646356678050e-03 1.602055973120210947e-02 1.272894385242594704e-02
2.372727272727272740e-01 7.478038805598134428e-03 1.578061351366069273e-02 1.291599705632813858e-02
2.375757575757575790e-01 7.720684880949877510e-03 1.577051165039677211e-02 1.299974997801706979e-02
2.378787878787878840e-01 8.711482048880244897e-03 1.494291336759484209e-02 1.239481388017573543e-02
2.381818181818181890e-01 8.099341280676941243e-03 1.591215526456340665e-02 1.344437099106069941e-02
2.384848484848484940e-01 7.452231462289854967e-03 1.591147608471270292e-02 1.403482669548219985e-02
2.387878787878787989e-01 8.246043662610370861e-03 1.664381464417231948e-02 1.217469832460057154e-02
2.390909090909091039e-01 8.319324043980273753e-03 1.484384862831048847e-02 1.287450984185234751e-02
2.393939393939393812e-01 8.347047282739508689e-03 1.763966171931314469e-02 1.302978183940287603e-02
2.396969696969696861e-01 7.914838261712055234e-03 1.626480953377506047e-02 1.223281838579015450e-02
2.399999999999999911e-01 8.077397216933309906e-03 1.764896319142701328e-02 1.204508099997139529e-02
2.403030303030302961e-01 8.225762412841782639e-03 1.604627667974248620e-02 1.295544703949454493e-02
2.406060606060606011e-01 8.322533374970424516e-03 1.529847584090904614e-02 1.169551108823955847e-02
2.409090909090909061e-01 7.169566101274569940e-03 1.681707834394127396e-02 1.326330375367689926e-02
2.412121212121212110e-01 8.628939523793652949e-03 1.582822673350951087e-02 1.310025018736252558e-02
2.415151515151515160e-01 7.924014377466663886e-03 1.509367064311895913e-02 1.300731371425144743e-02
2.418181818181818210e-01 8.473203508022658995e-03 1.435525196527361567e-02 1.323796573726102217e-02
2.421212121212121260e-01 8.390664364098139594e-03 1.548601032029684257e-02 1.230294342153421400e-02
2.424242424242424310e-01 7.958382420204829222e-03 1.698852596941764770e-02 1.529212180819655709e-02
2.427272727272727360e-01 8.260820006599839047e-03 1.825166391378273134e-02 1.288084912223858708e-02
2.430303030303030409e-01 8.421685507185781155e-03 1.603029800474779776e-02 1.277312666203882577e-02
2.433333333333333459e-01 8.582261342247529678e-03 1.710812469784718515e-02 1.332687213998700812e-02
2.436363636363636231e-01 7.293367425068885725e-03 1.566910898243345854e-02 1.152133546096699261e-02
2.439393939393939281e-01 7.503165292584514784e-03 1.558228095920406210e-02 1.361566082723363220e-02
2.442424242424242331e-01 8.053114910960465153e-03 1.772678327039128171e-02 1.202692189137808711e-02
2.445454545454545381e-01 7.358133127475079312e-03 1.555721270137333176e-02 1.322912187097737176e-02
2.448484848484848431e-01 7.948159824925906877e-03 1.521500520582057432e-02 1.366265912310800704e-02
2.451515151515151480e-01 8.296755977551696984e-03 1.551854920705919919e-02 1.325664964399447809e-02
2.454545454545454530e-01 7.728425158665753851e-03 1.601515294112361432e-02 1.351632434172751231e-02
2.457575757575757580e-01 7.588095916046503839e-03 1.548066689651916156e-02 1.311966789963488374e-02
2.460606060606060630e-01 7.692359979291606316e-03 1.515033543192545462e-02 1.274072427836395530e-02
2.463636363636363680e-01 7.631864952185645791e-03 1.741809283046451620e-02 1.385389298842670466e-02
2.466666666666666730e-01 8.326127112904105343e-03 1.679457008967647630e-02 1.262983514712608633e-02
2.469696969696969779e-01 7.465733427448436460e-03 1.560182302690859765e-02 1.192044574621025331e-02
2.472727272727272829e-01 8.244261078853317229e-03 1.466497720222300488e-02 1.255738041202630710e-02
2.475757575757575879e-01 7.709430098678971000e-03 1.737018742092764911e-02 1.496437848803205614e-02
2.478787878787878651e-01 7.455450291679998481e-03 1.385947210995139636e-02 1.323617226532100219e-02
2.481818181818181701e-01 7.350523758553691514e-03 1.772269929571090863e-02 1.257939220455270117e-02
2.484848484848484751e-01 8.544321139044739818e-03 1.562654553708588828e-02 1.394272271217218868e-02
2.487878787878787801e-01 7.176184651792637606e-03 1.628755199192873787e-02 1.307079055605546609e-02
2.490909090909090851e-01 7.897559196776132023e-03 1.539598442806495819e-02 1.249112693824010363e-02
2.493939393939393900e-01 8.496592927536022674e-03 1.485923899671573456e-02 1.236060541064672863e-02
2.496969696969696950e-01 7.555531303416208704e-03 1.536437213413365151e-02 1.317825763645756251e-02
