# f, Suu, Svv, Sww
0.000000000000000000e+00 3.018200790895555000e-02 6.093240503650394595e-03 2.728029531972727025e-03
3.030303030303030300e-04 8.774179557017053321e-01 1.417430992420046221e-01 8.604709777763244749e-02
6.060606060606060601e-04 1.095178824184501742e+00 1.349888044456707681e-01 8.535379637751853987e-02
9.090909090909090901e-04 8.991060141588376187e-01 1.296428364770569885e-01 8.408139700450362186e-02
1.212121212121212120e-03 7.914323304714341312e-01 1.354256396498120241e-01 7.735498134789718649e-02
1.515151515151515150e-03 9.432855408665891117e-01 1.167494444399164860e-01 8.152632655242346427e-02
1.818181818181818180e-03 9.046066234762614178e-01 1.234132825759710894e-01 8.244439599253051976e-02
2.121212121212121427e-03 8.507624543744172207e-01 1.113530527616176796e-01 7.618233643786327669e-02
2.424242424242424240e-03 9.624358290485491851e-01 1.492815138097986216e-01 6.484749017741132937e-02
2.727272727272727487e-03 8.467965563713572008e-01 1.992025480765505785e-01 6.351336582403827036e-02
3.030303030303030300e-03 8.897481305516371508e-01 1.282780279872856033e-01 7.541721368524213764e-02
3.333333333333333547e-03 1.063175223413665993e+00 1.808648852946186658e-01 8.784085492107376880e-02
3.636363636363636360e-03 9.780545133724825035e-01 1.179405067538075447e-01 8.767454909740929336e-02
3.939393939393939607e-03 7.609491928691559659e-01 1.393184240265902818e-01 7.564100896767016191e-02
4.242424242424242854e-03 8.368314970686987486e-01 1.315344892865416560e-01 8.328648196298689410e-02
4.545454545454545234e-03 8.827403021125871385e-01 1.482377508543573641e-01 7.743913322175530189e-02
4.848484848484848481e-03 8.010947918640913823e-01 1.345833701574620511e-01 6.484994672399116422e-02
5.151515151515151728e-03 7.875108886679097475e-01 1.277771653983475475e-01 8.518007961699275432e-02
5.454545454545454974e-03 9.657659050472542361e-01 1.395428122698810502e-01 8.180402603860306709e-02
5.757575757575757354e-03 8.443722685018746343e-01 1.414769630346723872e-01 8.548513211278369051e-02
6.060606060606060601e-03 7.291056152695272186e-01 1.398401409495951542e-01 9.685543363639984027e-02
6.363636363636363848e-03 7.810898257673598577e-01 1.368716348036254082e-01 7.475972557941831798e-02
6.666666666666667095e-03 9.415213479421438159e-01 1.407419943899622383e-01 7.555112501700478322e-02
6.969696969696969474e-03 1.011424437032818702e+00 1.511295827624152821e-01 9.590193955255338354e-02
7.272727272727272721e-03 1.146026529526988913e+00 1.869105144386224160e-01 9.830412471849100942e-02
7.575757575757575968e-03 9.193892402515070339e-01 1.782738547435252785e-01 9.109552604680019872e-02
7.878787878787879215e-03 9.403159416562034689e-01 1.757040388768989492e-01 9.063632165023970122e-02
8.181818181818182462e-03 8.041890505437714332e-01 1.604725375767258599e-01 9.470551553460176963e-02
8.484848484848485708e-03 8.267537629234620322e-01 1.563660880260649422e-01 8.759886848460450570e-02
8.787878787878787221e-03 9.584386644784655962e-01 1.520959085471865757e-01 7.760489070279044665e-02
9.090909090909090468e-03 8.968348949773319312e-01 1.720227635846081071e-01 7.344051579422859743e-02
9.393939393939393714e-03 8.125080738786432111e-01 1.975842781287179550e-01 7.907159691082196740e-02
9.696969696969696961e-03 7.534474654031373397e-01 1.669632159912661229e-01 7.600933528460328270e-02
1.000000000000000021e-02 9.135269670954134780e-01 2.512138764246191203e-01 7.854972670570728455e-02
1.030303030303030346e-02 7.604194292665673593e-01 1.488455613992906990e-01 7.911465149907589978e-02
1.060606060606060670e-02 7.132360817799230368e-01 1.607079003503194548e-01 8.698823941735694953e-02
1.090909090909090995e-02 6.343005698022148309e-01 1.538369410589021935e-01 7.757470886516595887e-02
1.121212121212121146e-02 8.627742959584905336e-01 1.658459529514655917e-01 7.581783495089339242e-02
1.151515151515151471e-02 8.912445362220063894e-01 1.869872950058250050e-01 7.928520453176628180e-02
1.181818181818181795e-02 7.129939531829477817e-01 1.576703441346563872e-01 8.051332879308677193e-02
1.212121212121212120e-02 6.367597172207715150e-01 1.993119871745687166e-01 9.240352906184784443e-02
1.242424242424242445e-02 7.483220129553264099e-01 1.967702298234638436e-01 7.885707788487876513e-02
1.272727272727272770e-02 7.824827284321794751e-01 2.084720836236966246e-01 7.995671864286994779e-02
1.303030303030303094e-02 6.729128680111403638e-01 1.824182833942275817e-01 7.807961067692731350e-02
1.333333333333333419e-02 7.191062269906000060e-01 1.767445257290893024e-01 8.525973444526618872e-02
1.363636363636363570e-02 6.898618665538879258e-01 2.251260421787555366e-01 8.470250851859345564e-02
1.393939393939393895e-02 7.910671958715774776e-01 2.145275637885946107e-01 8.610778745491175223e-02
1.424242424242424220e-02 6.792147359331726086e-01 1.771087096943723960e-01 8.213814875789761383e-02
1.454545454545454544e-02 7.102575385996852120e-01 2.021791267136453796e-01 8.270030959675644944e-02
1.484848484848484869e-02 7.699838640906544462e-01 2.114922013591226668e-01 8.985495227099041249e-02
1.515151515151515194e-02 7.224307528070742501e-01 1.766892759612008479e-01 8.365974984325386110e-02
1.545454545454545518e-02 6.123900148504586305e-01 1.966547247828589196e-01 6.458636960810232308e-02
1.575757575757575843e-02 7.560614093171582617e-01 2.257590397125858461e-01 9.035515786901661406e-02
1.606060606060605994e-02 6.873017078548460113e-01 1.707585835821263665e-01 8.003217532349139740e-02
1.636363636363636492e-02 7.188205242055943911e-01 1.914874920068467268e-01 8.348963525705886679e-02
1.666666666666666644e-02 8.001450766858165808e-01 1.980557713925904240e-01 8.770507971332938690e-02
1.696969696969697142e-02 5.739519936961079427e-01 1.637924283324750652e-01 8.854008436539548277e-02
1.727272727272727293e-02 5.665922641449040453e-01 1.685261033907266004e-01 7.799321109279754027e-02
1.757575757575757444e-02 6.178162859679425800e-01 1.791475688611756378e-01 8.556998662932087385e-02
1.787878787878787942e-02 7.530358073490671655e-01 2.116040477795638752e-01 1.097029069879766477e-01
1.818181818181818094e-02 7.179992861077970634e-01 2.339210236501644002e-01 9.695165863286793473e-02
1.848484848484848592e-02 7.130412396435032996e-01 2.141175902420061061e-01 9.865383181041885441e-02
1.878787878787878743e-02 6.037157186037898082e-01 2.163793509097928502e-01 9.658411882007664206e-02
1.909090909090909241e-02 8.227623259875617157e-01 2.251439553416066108e-01 8.960998498654508537e-02
1.939393939393939392e-02 7.372345772063479963e-01 2.260246899605794502e-01 9.898012250690396696e-02
1.969696969696969543e-02 5.365849153800825722e-01 2.175210337223388579e-01 9.045869389230744295e-02
2.000000000000000042e-02 5.302691673208914658e-01 2.050771366948214158e-01 7.697093245186172050e-02
2.030303030303030193e-02 7.496141186508022969e-01 2.469963714024551726e-01 9.486632256616427117e-02
2.060606060606060691e-02 6.711902534637943507e-01 2.053549061066246850e-01 7.913800357872406710e-02
2.090909090909090842e-02 6.906918934810019062e-01 1.873800941169063428e-01 9.434702872147994468e-02
2.121212121212121340e-02 6.130862960693206354e-01 1.905667727170667347e-01 8.826979705969491274e-02
2.151515151515151492e-02 5.210328866274580584e-01 2.341121710748660656e-01 9.598556458225268595e-02
2.181818181818181990e-02 5.923786987020073225e-01 2.061485363059299136e-01 8.127125682155843245e-02
2.212121212121212141e-02 6.136857515600726565e-01 2.649949857998998848e-01 9.319656507968426817e-02
2.242424242424242292e-02 6.756475723915266185e-01 2.431863928217482818e-01 9.670990601982895618e-02
2.272727272727272790e-02 5.919634050225450750e-01 2.236822624559544059e-01 8.867827575725324707e-02
2.303030303030302942e-02 6.210626536230384742e-01 2.306595591014530544e-01 7.972800532826845865e-02
2.333333333333333440e-02 5.908996115484230760e-01 2.023282317976384526e-01 1.108815270362257660e-01
2.363636363636363591e-02 5.039024177832054363e-01 1.900337541276656828e-01 8.730920360962142468e-02
2.393939393939394089e-02 5.755639162032523126e-01 2.116425411783748600e-01 9.273525238504815027e-02
2.424242424242424240e-02 5.733501025233344039e-01 2.411313818203262849e-01 8.995922111703376356e-02
2.454545454545454392e-02 4.843860708036196172e-01 3.025855963521714154e-01 8.875035284988369577e-02
2.484848484848484890e-02 5.931564222551092280e-01 2.238697883150149448e-01 8.887965190062659115e-02
2.515151515151515041e-02 5.561020080732924642e-01 2.361653493024532535e-01 8.291523690941422775e-02
2.545454545454545539e-02 4.829575718355582081e-01 2.405259547555473332e-01 8.189845899178141431e-02
2.575757575757575690e-02 4.600511252078660629e-01 2.510771401974754014e-01 8.307310735699591220e-02
2.606060606060606188e-02 5.683442637186650881e-01 2.263624293027411971e-01 8.849341651253320173e-02
2.636363636363636340e-02 4.645087550672456489e-01 2.550085137572161709e-01 8.556985650836544666e-02
2.666666666666666838e-02 5.187596897810814456e-01 2.442578860140416641e-01 9.327206623835893051e-02
2.696969696969696989e-02 5.479129259237083271e-01 2.697499098925904004e-01 1.048134370911142504e-01
2.727272727272727140e-02 4.632571748392423361e-01 1.904380287517850878e-01 9.694851268602699967e-02
2.757575757575757638e-02 4.502158063153215983e-01 2.343670894045296327e-01 8.193628406905104078e-02
2.787878787878787790e-02 4.391543350083256247e-01 2.302144740023304159e-01 8.846791085219260498e-02
2.818181818181818288e-02 4.792143551107505006e-01 2.335381663932341589e-01 9.256233988699491544e-02
2.848484848484848439e-02 5.551397240633323404e-01 2.306109706434068540e-01 1.028386224341288346e-01
2.878787878787878937e-02 4.496450396170846298e-01 2.059454110981509822e-01 7.276373929912674510e-02
2.909090909090909088e-02 5.054188781348339932e-01 1.900119275836160970e-01 7.956020939742379505e-02
2.939393939393939240e-02 4.385783238033151843e-01 2.482480242495446465e-01 8.067623418366870469e-02
2.969696969696969738e-02 5.126899419564582283e-01 2.036018482472615743e-01 1.041157581364156870e-01
2.999999999999999889e-02 3.850755967776205435e-01 2.585059052362335130e-01 8.710350180790207841e-02
3.030303030303030387e-02 4.726102364428244607e-01 2.155217380916971959e-01 1.010520021418679359e-01
3.060606060606060538e-02 4.789039491028592721e-01 2.150016314697070496e-01 8.133123220801372066e-02
3.090909090909091037e-02 4.942615902114639304e-01 2.437285873713006812e-01 9.198601026351282961e-02
3.121212121212121188e-02 4.746548853747608043e-01 2.434777961570531168e-01 9.244443433499573148e-02
3.151515151515151686e-02 3.854200082222684065e-01 2.723656121558273302e-01 8.480204848082512070e-02
3.181818181818181490e-02 4.839652172507984962e-01 2.528766655549762876e-01 8.877845132194814304e-02
3.212121212121211988e-02 5.238607781831861043e-01 1.976765934277455172e-01 9.004636746153091287e-02
3.242424242424242486e-02 4.375717057514660335e-01 1.901567210227378402e-01 9.333389784902644537e-02
3.272727272727272985e-02 4.432174687727219453e-01 1.987840754167112256e-01 9.649820573852885275e-02
3.303030303030302789e-02 5.056795047205246973e-01 2.143815589855113946e-01 8.498385282852373435e-02
3.333333333333333287e-02 5.654897715738917974e-01 2.356244969164703884e-01 9.604813686398214201e-02
3.363636363636363785e-02 3.816049132255745491e-01 2.404121683155135414e-01 8.728955104421340372e-02
3.393939393939394283e-02 4.188519391329231234e-01 2.335391775869971875e-01 8.561527481257508176e-02
3.424242424242424088e-02 5.263531036352611103e-01 1.951051102143203653e-01 9.925602756515974900e-02
3.454545454545454586e-02 4.328319651711031724e-01 2.233793702357361466e-01 1.063324811272918641e-01
3.484848484848485084e-02 4.288544400269779788e-01 2.469385948118869578e-01 9.368229251691312376e-02
3.515151515151514888e-02 4.423096025660303576e-01 2.228134457265797119e-01 9.234010778968632094e-02
3.545454545454545386e-02 4.710043760696061010e-01 2.022061634461694291e-01 9.090464034216197420e-02
3.575757575757575885e-02 3.993743885078289702e-01 2.254000680710917803e-01 9.713775023130025166e-02
3.606060606060606383e-02 3.862010330978443151e-01 2.469105966830475452e-01 9.249703968217030947e-02
3.636363636363636187e-02 4.401948152653093471e-01 2.463026838310513611e-01 9.691727576122291521e-02
3.666666666666666685e-02 3.268678251804220669e-01 2.445801903999859639e-01 9.280222402106852453e-02
3.696969696969697183e-02 3.608474567842259173e-01 2.448078707831519152e-01 8.720295353672424810e-02
3.727272727272726988e-02 4.203978577148715368e-01 2.331082994785883544e-01 9.985963249341345271e-02
3.757575757575757486e-02 3.465711373754199465e-01 1.990143114494050680e-01 1.018668454127157064e-01
3.787878787878787984e-02 4.085181575955477151e-01 2.318823864694953552e-01 9.064429147798912234e-02
3.818181818181818482e-02 3.653973854557214240e-01 2.084283991746385123e-01 7.980618487019303098e-02
3.848484848484848286e-02 3.384600879251726813e-01 2.174430292912043206e-01 9.049769392879626617e-02
3.878787878787878785e-02 4.331881799215581696e-01 2.230784601835582304e-01 1.017185594531105769e-01
3.909090909090909283e-02 3.269173651565016048e-01 2.172578071980903747e-01 8.555916814805603066e-02
3.939393939393939087e-02 3.716491599951743385e-01 2.165147585036104327e-01 9.340049897652832889e-02
3.969696969696969585e-02 3.709806876773582007e-01 2.413644575972166695e-01 1.046661052768785016e-01
4.000000000000000083e-02 3.118940364068858440e-01 1.969684998629031569e-01 9.475866642477108470e-02
4.030303030303030581e-02 3.024012655820216278e-01 2.105853327665536401e-01 8.073065909411890340e-02
4.060606060606060386e-02 4.008983696322883095e-01 1.983273381234434973e-01 9.567297791988041422e-02
4.090909090909090884e-02 3.126564725698999792e-01 2.282467542439700070e-01 9.382901111900339430e-02
4.121212121212121382e-02 3.552604290908769613e-01 2.019992860534114143e-01 9.181607865145174907e-02
4.151515151515151186e-02 2.873145114124434629e-01 1.991795308948905996e-01 8.597875308317239063e-02
4.181818181818181684e-02 3.010345292699583286e-01 2.269411645599915262e-01 8.559004090966565448e-02
4.212121212121212183e-02 3.431934940750853702e-01 2.209288864135506847e-01 1.031907325384369134e-01
4.242424242424242681e-02 3.400621548552591467e-01 2.220729305892134575e-01 1.059766919392544499e-01
4.272727272727272485e-02 3.287667298044685271e-01 2.123295637461932450e-01 9.495394478683590045e-02
4.303030303030302983e-02 3.423162909984252544e-01 2.244038777898196835e-01 9.076133854566641179e-02
4.333333333333333481e-02 3.053970753251580850e-01 2.052308856218077460e-01 9.310314516534144713e-02
4.363636363636363980e-02 3.431969093215350708e-01 2.193087169521821811e-01 1.033176914779688343e-01
4.393939393939393784e-02 3.302256862505837942e-01 2.213895269379349551e-01 9.440225678733075998e-02
4.424242424242424282e-02 2.977554365219943211e-01 1.807317238701482143e-01 7.965510272032425010e-02
4.454545454545454780e-02 2.921932780775398641e-01 2.116753070678537019e-01 8.527194263768582416e-02
4.484848484848484584e-02 2.739142268929428692e-01 2.109818875645118608e-01 9.176807005171287723e-02
4.515151515151515083e-02 2.700886033225174399e-01 2.095162812324934398e-01 8.806383567627193432e-02
4.545454545454545581e-02 2.969937414875407078e-01 2.144109554316825372e-01 1.007799807609505299e-01
4.575757575757576079e-02 2.896908820458660161e-01 2.301233753726396047e-01 8.485682593240041760e-02
4.606060606060605883e-02 3.464393514056360313e-01 2.085908746558563231e-01 8.972647008936546209e-02
4.636363636363636381e-02 3.054220339213958302e-01 1.955084357064583722e-01 1.047207692443871407e-01
4.666666666666666879e-02 2.650102735904621420e-01 1.965258049243139848e-01 1.108515991702096887e-01
4.696969696969696684e-02 2.897220652888636838e-01 2.126002246976638199e-01 9.485161839411512807e-02
4.727272727272727182e-02 2.852702673488926588e-01 1.905722057327599861e-01 9.181744908465926114e-02
4.757575757575757680e-02 3.056392202580464623e-01 2.075374209785364188e-01 9.090485216925715817e-02
4.787878787878788178e-02 3.585165383742768275e-01 2.100229637988822728e-01 9.847000184882553908e-02
4.818181818181817982e-02 3.286514183706677472e-01 2.259462323224117608e-01 8.891049246314930432e-02
4.848484848484848481e-02 3.299686325198081804e-01 2.084040491188655642e-01 1.109619027269706515e-01
4.878787878787878979e-02 2.770155107352867963e-01 1.903013533793497247e-01 8.763181091273605783e-02
4.909090909090908783e-02 2.940835931937005876e-01 1.995665164553718229e-01 1.024695697044745307e-01
4.939393939393939281e-02 3.248042388064600883e-01 2.044800949279795832e-01 9.820439123178664742e-02
4.969696969696969779e-02 3.234319721978123341e-01 1.877425566053090300e-01 9.373762032036349334e-02
5.000000000000000278e-02 2.474300640648051663e-01 1.613140417989850361e-01 8.862753141352051889e-02
5.030303030303030082e-02 2.332097099319300204e-01 1.934140484276842820e-01 8.086584001736864258e-02
5.060606060606060580e-02 2.665553259862661895e-01 1.692822811808163130e-01 8.953195016188385258e-02
5.090909090909091078e-02 2.781665512818862207e-01 1.899495781486949253e-01 9.301650653292703463e-02
5.121212121212120882e-02 2.381375587176924880e-01 1.900436051754595956e-01 8.543720982980303191e-02
5.151515151515151381e-02 2.707937761389331843e-01 1.859258561145153421e-01 1.009586010314335591e-01
5.181818181818181879e-02 2.174815132494942183e-01 1.914682617506419104e-01 8.842604153192962224e-02
5.212121212121212377e-02 2.349716595299024546e-01 2.208804386266441377e-01 7.787065965665797285e-02
5.242424242424242181e-02 2.331334677067951056e-01 2.132591940935181229e-01 8.250015387380994769e-02
5.272727272727272679e-02 2.559833325807718274e-01 1.934826021872497470e-01 7.667763257344896444e-02
5.303030303030303177e-02 2.314557338626294092e-01 2.149935976536269666e-01 8.546712173627858677e-02
5.333333333333333676e-02 2.186207598009260178e-01 1.803139152766114195e-01 8.081807749902994442e-02
5.363636363636363480e-02 2.609979782674357596e-01 2.006732254714748975e-01 9.907180948095298256e-02
5.393939393939393978e-02 2.349425659914084197e-01 1.765938760669212571e-01 8.136026163005265210e-02
5.424242424242424476e-02 1.958169665126542891e-01 2.098792478701698161e-01 7.291867777007604579e-02
5.454545454545454281e-02 2.528996593479059807e-01 2.186611472785316979e-01 8.931469195203392553e-02
5.484848484848484779e-02 2.670953398967975123e-01 1.852117463021397681e-01 9.213874878697565773e-02
5.515151515151515277e-02 2.263316380950173290e-01 1.719129162808871181e-01 7.430932215727707735e-02
5.545454545454545775e-02 2.343161318816584238e-01 2.222383968530052545e-01 8.647184471440992615e-02
5.575757575757575579e-02 1.985828984965139210e-01 1.909960427267870242e-01 9.157543765297153360e-02
5.606060606060606077e-02 1.982887860290961923e-01 1.847546650540935476e-01 8.899396819240304457e-02
5.636363636363636576e-02 1.924231022408245950e-01 1.667785289584408082e-01 8.884656169348580101e-02
5.666666666666666380e-02 2.191941467482213524e-01 1.898417167428570196e-01 7.701228606420562617e-02
5.696969696969696878e-02 2.209259058626198979e-01 1.705646927013023950e-01 9.646795670217588048e-02
5.727272727272727376e-02 2.183495257494612318e-01 1.765630160060618070e-01 8.021868085857077058e-02
5.757575757575757874e-02 2.395428650763368750e-01 1.759682812254248219e-01 9.410095123122994010e-02
5.787878787878787679e-02 1.984023527378402929e-01 2.113585345242269264e-01 7.988683592522353993e-02
5.818181818181818177e-02 2.222746176776575489e-01 1.805090274228712266e-01 7.747840557325026689e-02
5.848484848484848675e-02 1.906187870288474084e-01 1.911642141982763110e-01 8.126457164087737273e-02
5.878787878787878479e-02 1.905076520880044089e-01 1.837991403177790528e-01 8.224007113891701470e-02
5.909090909090908977e-02 2.193705656624856948e-01 1.825397021288557298e-01 8.514921720265813954e-02
5.939393939393939476e-02 1.964841228656899752e-01 1.741943706487955046e-01 8.086309341877417900e-02
5.969696969696969974e-02 2.254322305786844172e-01 1.698888094924650705e-01 7.907314082694125168e-02
5.999999999999999778e-02 1.670211752039859610e-01 1.914424699953288234e-01 8.624560355969806968e-02
6.030303030303030276e-02 1.834476794713167658e-01 1.656632697572079371e-01 7.996295819858238729e-02
6.060606060606060774e-02 1.941218062750243722e-01 1.757168082867588965e-01 8.288414971269052189e-02
6.090909090909090579e-02 1.822874688282448696e-01 1.806443507813071114e-01 8.492381145679264720e-02
6.121212121212121077e-02 1.800188072155813890e-01 1.798287325166480766e-01 9.386418982396221855e-02
6.151515151515151575e-02 1.966472838118465682e-01 1.638490533401159022e-01 8.454563533473513637e-02
6.181818181818182073e-02 2.039798296640157882e-01 1.490341463006816247e-01 8.934204843641704863e-02
6.212121212121211877e-02 2.005765015570228071e-01 1.616783147195631487e-01 9.418136699215526320e-02
6.242424242424242375e-02 1.914819579365933111e-01 1.663915041049365551e-01 8.222054987910168422e-02
6.272727272727272874e-02 1.733093621255662464e-01 1.747668852315422683e-01 8.026771033914736897e-02
6.303030303030303372e-02 1.775503442351804573e-01 1.969103420111387726e-01 9.426203774500602206e-02
6.333333333333333870e-02 1.664841349502654555e-01 1.589122761978508103e-01 8.882655830885531623e-02
6.363636363636362980e-02 1.994848010927853244e-01 1.593925894725037040e-01 8.630499859967938336e-02
6.393939393939393478e-02 1.637291634474609126e-01 1.661602775052163361e-01 7.579883274013517191e-02
6.424242424242423977e-02 1.909978288443384686e-01 1.526546542333629131e-01 8.895661585896036394e-02
6.454545454545454475e-02 1.842342438309015895e-01 1.852699913888450345e-01 9.105471601563870643e-02
6.484848484848484973e-02 1.719757779346913207e-01 1.649618705636461680e-01 8.656133303761105735e-02
6.515151515151515471e-02 1.712502906765057675e-01 1.639781155204233787e-01 7.673073866605055471e-02
6.545454545454545969e-02 2.141799054121940882e-01 1.804051592025930906e-01 7.681107341850511305e-02
6.575757575757575080e-02 1.785151932955128806e-01 1.814303071674389922e-01 7.952302772062842806e-02
6.606060606060605578e-02 1.760300275099104805e-01 1.521017974194977251e-01 7.897455644155659815e-02
6.636363636363636076e-02 1.753183489965509934e-01 1.498250395625229381e-01 8.239143700591237962e-02
6.666666666666666574e-02 1.830705942593501556e-01 1.473222481997767952e-01 9.001557727796101471e-02
6.696969696969697072e-02 1.540743566624355743e-01 1.868269151338758927e-01 7.129080964559557365e-02
6.727272727272727570e-02 1.744971029222398828e-01 1.597861612148248622e-01 9.091528390205000365e-02
6.757575757575758069e-02 1.920010396386753748e-01 1.608496396794423244e-01 8.379013049008346425e-02
6.787878787878788567e-02 1.634532613996816375e-01 1.508640403828819254e-01 8.094114155743972749e-02
6.818181818181817677e-02 1.631287060583428150e-01 1.511513762065170297e-01 6.963853181026581629e-02
6.848484848484848175e-02 1.602439039470255344e-01 1.497910879743733492e-01 7.596153265459175408e-02
6.878787878787878673e-02 1.661969452571686046e-01 1.399944249223573078e-01 8.407998858798283737e-02
6.909090909090909172e-02 1.639144923765295803e-01 1.449805940766645262e-01 8.356502522082048801e-02
6.939393939393939670e-02 1.550675895342960020e-01 1.428807101264008006e-01 8.369572106528566646e-02
6.969696969696970168e-02 1.662641933902228308e-01 1.354336728170320581e-01 8.750509033441512818e-02
7.000000000000000666e-02 1.523366081030788632e-01 1.546640516197321791e-01 8.063366550777453790e-02
7.030303030303029777e-02 1.485476723738351490e-01 1.621708373749743692e-01 7.690149980480290304e-02
7.060606060606060275e-02 1.455835896079162028e-01 1.695441871219238728e-01 6.645947501204933772e-02
7.090909090909090773e-02 1.355503090008285949e-01 1.653227599266665349e-01 7.514943525965858684e-02
7.121212121212121271e-02 1.614470748484647944e-01 1.436577611704734914e-01 8.554819052893630760e-02
7.151515151515151769e-02 1.623500074833885976e-01 1.361079614191073039e-01 7.452435878125511504e-02
7.181818181818182267e-02 1.537969478154231628e-01 1.312518784644435277e-01 6.537914771610078835e-02
7.212121212121212765e-02 1.362901857016097229e-01 1.490923531155660120e-01 8.015912271806319156e-02
7.242424242424241876e-02 1.527877327618285264e-01 1.391386773393325227e-01 9.631192325664802989e-02
7.272727272727272374e-02 1.549516429835691989e-01 1.371970130965707302e-01 8.867454142840090758e-02
7.303030303030302872e-02 1.499306109484047633e-01 1.521923304219320316e-01 9.133500716041259571e-02
7.333333333333333370e-02 1.454833770559251782e-01 1.599821108040879458e-01 8.584386481248992840e-02
7.363636363636363869e-02 1.448897206478688415e-01 1.336105671863649647e-01 8.634825746055431461e-02
7.393939393939394367e-02 1.448821050326897231e-01 1.483328861154044331e-01 8.426749837175045998e-02
7.424242424242424865e-02 1.408496747114883207e-01 1.300298311953806130e-01 7.806793933197450630e-02
7.454545454545453975e-02 1.336481577656774000e-01 1.405095112727292872e-01 7.470740147238473516e-02
7.484848484848484473e-02 1.520798881370448996e-01 1.546007335864160726e-01 7.144575193268981605e-02
7.515151515151514972e-02 1.486551243261112210e-01 1.625054451810352962e-01 8.376024050578567692e-02
7.545454545454545470e-02 1.411745566786163364e-01 1.350139805259579773e-01 8.675389469322827840e-02
7.575757575757575968e-02 1.276394255569240910e-01 1.479227071764673551e-01 8.428788126881259224e-02
7.606060606060606466e-02 1.230870592804801794e-01 1.307461900153597534e-01 7.170195367552627264e-02
7.636363636363636964e-02 1.410479700255789781e-01 1.304420569362728100e-01 7.545653783385487812e-02
7.666666666666666075e-02 1.458092725003179990e-01 1.467878009455512445e-01 7.156102495718259793e-02
7.696969696969696573e-02 1.347368596751962189e-01 1.468545102857032880e-01 7.304712304232091613e-02
7.727272727272727071e-02 1.399464489512664278e-01 1.397839463026210316e-01 8.123237758042917145e-02
7.757575757575757569e-02 1.193958342361482461e-01 1.322962570061126109e-01 7.144079970844577354e-02
7.787878787878788067e-02 1.389816002693005648e-01 1.396661584442071002e-01 7.537004893137054518e-02
7.818181818181818565e-02 1.102577193160095420e-01 1.422174102500928239e-01 7.299174381817528923e-02
7.848484848484849064e-02 1.280897738013954956e-01 1.500231488076324560e-01 7.753918239300464088e-02
7.878787878787878174e-02 1.175487466989244556e-01 1.442705610599872845e-01 6.920644270940073950e-02
7.909090909090908672e-02 1.297338189433146771e-01 1.349496356452756229e-01 7.551430521974983323e-02
7.939393939393939170e-02 1.260662874143560486e-01 1.294852117425547844e-01 7.907091663250281899e-02
7.969696969696969668e-02 1.107212520466412248e-01 1.520632145024716220e-01 7.053374570031323287e-02
8.000000000000000167e-02 1.362831239623741864e-01 1.419047792878656566e-01 7.634535614754768551e-02
8.030303030303030665e-02 1.265615532496149054e-01 1.178721580160307092e-01 7.122456004136445973e-02
8.060606060606061163e-02 1.133894428831696555e-01 1.449036850164520662e-01 7.136005346304462316e-02
8.090909090909090273e-02 1.181643621861762500e-01 1.304733541923164819e-01 6.862036986721913034e-02
8.121212121212120771e-02 1.131028578851988181e-01 1.543708696754112486e-01 7.900917605615749573e-02
8.151515151515151270e-02 1.243793521329698143e-01 1.354349002359937493e-01 8.591137723713110352e-02
8.181818181818181768e-02 1.214107049333981864e-01 1.354984562177643515e-01 7.514714936554774127e-02
8.212121212121212266e-02 1.107416571603429684e-01 1.359191565529763723e-01 6.594760209631415904e-02
8.242424242424242764e-02 1.111546620878962888e-01 1.231779938327784152e-01 6.863980336233656276e-02
8.272727272727273262e-02 1.241595771484518551e-01 1.256124949478960307e-01 6.902952081001624551e-02
8.303030303030302373e-02 1.195223529629790421e-01 1.307537137865288634e-01 7.098611706898107221e-02
8.333333333333332871e-02 1.068097240110006674e-01 1.201878493640268636e-01 6.531925903342776507e-02
8.363636363636363369e-02 1.157040120924137105e-01 1.141620756117880942e-01 6.291911724136875494e-02
8.393939393939393867e-02 1.119586908488986593e-01 1.312929878216579360e-01 6.611624861002923792e-02
8.424242424242424365e-02 9.944208660984800441e-02 1.265916780667177277e-01 6.666641817326540709e-02
8.454545454545454863e-02 1.135907118582662606e-01 1.193334783859450465e-01 7.605530437015056711e-02
8.484848484848485362e-02 1.072043046148226791e-01 1.375516191165729318e-01 7.076855121055988795e-02
8.515151515151514472e-02 1.062327080771440085e-01 1.161198268863555400e-01 6.648003639588451197e-02
8.545454545454544970e-02 1.011257343404160514e-01 1.263829489338236800e-01 6.912366614321925617e-02
8.575757575757575468e-02 9.901742939265810450e-02 1.268225726882441506e-01 6.263573258851598546e-02
8.606060606060605966e-02 1.021743456307416531e-01 1.135601842270865802e-01 7.101761096363495840e-02
8.636363636363636465e-02 9.834616163688540691e-02 1.045222793630837949e-01 7.449908602841343042e-02
8.666666666666666963e-02 1.196628863996183345e-01 1.209909866751928686e-01 7.643784463737141044e-02
8.696969696969697461e-02 1.058746344833762509e-01 1.234955094604328341e-01 6.231390740776402565e-02
8.727272727272727959e-02 1.126301003541071571e-01 1.201943327096189340e-01 6.614712758950332117e-02
8.757575757575757069e-02 1.093177320728498103e-01 1.051059120736320129e-01 7.064645813385532491e-02
8.787878787878787568e-02 9.374674794588071236e-02 1.242629761700473345e-01 6.218377428973845961e-02
8.818181818181818066e-02 1.078016649450140862e-01 1.298461997898406051e-01 6.240369770338835553e-02
8.848484848484848564e-02 9.370518624770733662e-02 1.140650147347659071e-01 6.685313435633843948e-02
8.878787878787879062e-02 8.951731117326915121e-02 1.279735689612654936e-01 6.548754981154210342e-02
8.909090909090909560e-02 1.063016349666273813e-01 1.220283435055447008e-01 7.147285240050187116e-02
8.939393939393940058e-02 9.394226635347181775e-02 1.163720111548501301e-01 7.037392696830976901e-02
8.969696969696969169e-02 9.546089241381468249e-02 1.135356022026236117e-01 6.978625621631225073e-02
8.999999999999999667e-02 9.427904257873205573e-02 1.194696275349488163e-01 6.524737927024389095e-02
9.030303030303030165e-02 9.087369625674548979e-02 1.079897774355212253e-01 6.441789162518964107e-02
9.060606060606060663e-02 9.229876539533295177e-02 1.145110806199155090e-01 5.773548654526990814e-02
9.090909090909091161e-02 8.947759754786414887e-02 1.171143142976350249e-01 6.237123713837408601e-02
9.121212121212121660e-02 8.730426170342844849e-02 1.247522525611441668e-01 5.758564560657743192e-02
9.151515151515152158e-02 7.999546485279550312e-02 1.047503767010066894e-01 5.500177543492901916e-02
9.181818181818181268e-02 8.549955627029320882e-02 9.518353863700200479e-02 6.114349952342295474e-02
9.212121212121211766e-02 8.494049902590418422e-02 1.092677590422221900e-01 6.118734604136902983e-02
9.242424242424242264e-02 8.932244134838250582e-02 1.220965704385066908e-01 6.105287282536805277e-02
9.272727272727272763e-02 8.940925651070104341e-02 1.019096826610226825e-01 6.160795604615786070e-02
9.303030303030303261e-02 8.929537855691099812e-02 1.211918144446241102e-01 6.197921836293016074e-02
9.333333333333333759e-02 8.770292156421971574e-02 1.176532153591658136e-01 6.849571102317704441e-02
9.363636363636364257e-02 8.520855456303570719e-02 1.077434887714773665e-01 6.549009779134490339e-02
9.393939393939393367e-02 8.561473496720774234e-02 1.008048175800998897e-01 6.182891258889452318e-02
9.424242424242423866e-02 8.420540624033941157e-02 9.792899595171630778e-02 7.148987178010987598e-02
9.454545454545454364e-02 8.207816646157518881e-02 1.175638108054629510e-01 5.540839434663005075e-02
9.484848484848484862e-02 8.514976724680006770e-02 1.136002795455722941e-01 6.163047143639705655e-02
9.515151515151515360e-02 8.866448219265687936e-02 1.004293327047359463e-01 6.496622092450726749e-02
9.545454545454545858e-02 9.255475318337784418e-02 1.022327644451527656e-01 6.279302341292139489e-02
9.575757575757576356e-02 8.203490828318418804e-02 9.352298362382853447e-02 6.402020541706751611e-02
9.606060606060605467e-02 7.363796857658584660e-02 9.696155710680277873e-02 5.956655816845599083e-02
9.636363636363635965e-02 7.225817707904091947e-02 9.559816298558866665e-02 5.914754139888868389e-02
9.666666666666666463e-02 8.930255840182542426e-02 1.104069576287273063e-01 5.452561071779075952e-02
9.696969696969696961e-02 7.957958701211384489e-02 8.704970051501750850e-02 6.182864611643232311e-02
9.727272727272727459e-02 7.423107979366912190e-02 1.045374602673992542e-01 5.499967035117532543e-02
9.757575757575757958e-02 7.926623622643336198e-02 1.032913565162205394e-01 5.609425347086257480e-02
9.787878787878788456e-02 7.910137414329398986e-02 9.395324711140980167e-02 5.837641168377107059e-02
9.818181818181817566e-02 7.733171168516111971e-02 9.284485377974255327e-02 6.210975813146660945e-02
9.848484848484848064e-02 7.591829395079002785e-02 1.084023415388097877e-01 6.110240713152274156e-02
9.878787878787878562e-02 7.559094025680568318e-02 9.992236002472776324e-02 5.877159730187356268e-02
9.909090909090909061e-02 7.686141512615608795e-02 9.742062473655993537e-02 6.512415409348434880e-02
9.939393939393939559e-02 8.237895427240035651e-02 1.058923367316499109e-01 6.541266822054425667e-02
9.969696969696970057e-02 7.101158124513740066e-02 1.016367135222669693e-01 6.455616719454666808e-02
1.000000000000000056e-01 7.334811664133415732e-02 8.800368460979922369e-02 6.658634512824505858e-02
1.003030303030302967e-01 6.836551353133248077e-02 1.033688721491450857e-01 5.138863872584641113e-02
1.006060606060606016e-01 7.784883631153896588e-02 1.124240582847809145e-01 6.278110212904573773e-02
1.009090909090909066e-01 7.542011907826048911e-02 1.093821595330173591e-01 5.620656526133620962e-02
1.012121212121212116e-01 7.591242193133851401e-02 8.929042342413885669e-02 5.640535384354868759e-02
1.015151515151515166e-01 8.106072354917966127e-02 9.425144179263693356e-02 5.848784059417214132e-02
1.018181818181818216e-01 7.160059720152196772e-02 8.774379268156191902e-02 5.778393880974498631e-02
1.021212121212121265e-01 7.254467946557068003e-02 8.843056705695827302e-02 5.724150915387208466e-02
1.024242424242424176e-01 6.925527929034198948e-02 9.221502083558745511e-02 6.172370790950847813e-02
1.027272727272727226e-01 7.925536203035375704e-02 9.539500998828379097e-02 5.906365158696869067e-02
1.030303030303030276e-01 6.544764758653581760e-02 9.234990137985413239e-02 5.482207310325466071e-02
1.033333333333333326e-01 6.832994083453987344e-02 9.576940915694964751e-02 6.137506962766840074e-02
1.036363636363636376e-01 6.872611418640434122e-02 9.637668984133115901e-02 5.694867512416604272e-02
1.039393939393939426e-01 6.698941743528323556e-02 9.073211996907837307e-02 5.282874494887040973e-02
1.042424242424242475e-01 6.540066038220070099e-02 9.193730270360844781e-02 5.473929722819451810e-02
1.045454545454545386e-01 6.882464965217878483e-02 8.739165950136625061e-02 6.182533150314976217e-02
1.048484848484848436e-01 6.400102738149084092e-02 8.983770743769682599e-02 5.643247426532425892e-02
1.051515151515151486e-01 6.682512076409673207e-02 8.990383545207443483e-02 5.484414682132814078e-02
1.054545454545454536e-01 7.311712962420349737e-02 9.151001819259020620e-02 5.433167202306991156e-02
1.057575757575757586e-01 6.129237169263511420e-02 8.856107891072989569e-02 5.522085042307021963e-02
1.060606060606060635e-01 6.491067561532844199e-02 9.682574389316084273e-02 5.311117732769435329e-02
1.063636363636363685e-01 6.395117457547584705e-02 9.189443786464616959e-02 5.800727121148847171e-02
1.066666666666666735e-01 7.519891785880000734e-02 9.520116561245067777e-02 5.735211745314906795e-02
1.069696969696969646e-01 6.191017989991994680e-02 8.222652015721815255e-02 5.586797769584087719e-02
1.072727272727272696e-01 6.124157436400704674e-02 8.218395220704589887e-02 5.156314293056536713e-02
1.075757575757575746e-01 6.853506155992156179e-02 9.241078328907492700e-02 5.451534361215796404e-02
1.078787878787878796e-01 6.038074879356165187e-02 8.319927844636969272e-02 5.305631154974503605e-02
1.081818181818181845e-01 6.422398778980881184e-02 8.519179886660818712e-02 5.621102950456841746e-02
1.084848484848484895e-01 6.725956874990723922e-02 8.538273452758000925e-02 5.323008458208176863e-02
1.087878787878787945e-01 6.884632675993132556e-02 8.514857929409144766e-02 5.068084905866059031e-02
1.090909090909090856e-01 5.968919794530780365e-02 7.821295377064313437e-02 4.847485398663489709e-02
1.093939393939393906e-01 5.916922304684638090e-02 7.731158209053635988e-02 5.190126355740638797e-02
1.096969696969696956e-01 6.052005548330171431e-02 8.172637166744914361e-02 4.774946801754004211e-02
1.100000000000000006e-01 6.229853007950988258e-02 9.105430662955626975e-02 5.380912976017657168e-02
1.103030303030303055e-01 5.890853643134855849e-02 7.582011674963710923e-02 4.940709116681202273e-02
1.106060606060606105e-01 5.639693395137902743e-02 8.138470526786903414e-02 3.701194484453698696e-02
1.109090909090909155e-01 5.843605479602580893e-02 7.493427926121881688e-02 4.714728961436469995e-02
1.112121212121212066e-01 5.682258172969304605e-02 8.086509036980121801e-02 5.068560602028110429e-02
1.115151515151515116e-01 5.271394457451942378e-02 8.724780756805401716e-02 4.892961302959394909e-02
1.118181818181818166e-01 5.430138502716264776e-02 7.937933850434107652e-02 5.327674835778017232e-02
1.121212121212121215e-01 4.891615849133779809e-02 8.065019101489924458e-02 5.202829259208162360e-02
1.124242424242424265e-01 6.379400097707721429e-02 8.142654801627631500e-02 5.356744729053856263e-02
1.127272727272727315e-01 5.574947812530166996e-02 7.557898726261941258e-02 5.067573860330162189e-02
1.130303030303030365e-01 5.105550158950580841e-02 8.027915326424867049e-02 4.861852424331978423e-02
1.133333333333333276e-01 5.914173153476934286e-02 7.634311552675804302e-02 5.301678031943626163e-02
1.136363636363636326e-01 5.761461725178011056e-02 9.121708969474293105e-02 4.854628709822687155e-02
1.139393939393939376e-01 5.412853308225375887e-02 7.888557277510571675e-02 5.146561223776891653e-02
1.142424242424242425e-01 6.116089721190184902e-02 7.943284616588083824e-02 5.172286343281473631e-02
1.145454545454545475e-01 5.537476146359463641e-02 8.057450951601984046e-02 4.806938910902698592e-02
1.148484848484848525e-01 4.725520959551654521e-02 7.739225116445670738e-02 4.733779873026006113e-02
1.151515151515151575e-01 5.111368564039170392e-02 7.387042795080979440e-02 4.667308546224249732e-02
1.154545454545454486e-01 5.412505759123367732e-02 7.808558251777965309e-02 4.724141107444163740e-02
1.157575757575757536e-01 4.916822787274996442e-02 8.495972138604493407e-02 4.852309487993976267e-02
1.160606060606060586e-01 5.504939303550258900e-02 7.954747491695653150e-02 4.826334544741710253e-02
1.163636363636363635e-01 5.439258716143380301e-02 7.908988569451326500e-02 5.064047393615053738e-02
1.166666666666666685e-01 5.861233050595193728e-02 7.383018245018295456e-02 4.867473456210673344e-02
1.169696969696969735e-01 5.509661632520694574e-02 7.030250589547906714e-02 4.545761006730529574e-02
1.172727272727272785e-01 5.671348563411129917e-02 5.945910631734702828e-02 4.744971939891827473e-02
1.175757575757575696e-01 5.508349411282482955e-02 7.094461634020095275e-02 5.118368194949743377e-02
1.178787878787878746e-01 4.521245388880643090e-02 6.089254159419994067e-02 4.657957981605606590e-02
1.181818181818181795e-01 4.327322451788186836e-02 7.668214048135407745e-02 4.201116282247387146e-02
1.184848484848484845e-01 4.790001147172660151e-02 6.668395166673779517e-02 4.381884417563780554e-02
1.187878787878787895e-01 4.752642485627966290e-02 6.776925346658736748e-02 4.508771809090553889e-02
1.190909090909090945e-01 5.634156685840212980e-02 6.710343031007109937e-02 4.682818986066842465e-02
1.193939393939393995e-01 5.201090055355697683e-02 7.296144329509118842e-02 4.414292035783096840e-02
1.196969696969696906e-01 5.133576518827584478e-02 7.305258459079638778e-02 4.558998833184521593e-02
1.199999999999999956e-01 4.805638378869241112e-02 7.316451812837868052e-02 4.584840951223916050e-02
1.203030303030303005e-01 5.134330449282654280e-02 6.432566507312012516e-02 4.436922328318215758e-02
1.206060606060606055e-01 5.420306214181178084e-02 6.779383377249688369e-02 4.786146982882623357e-02
1.209090909090909105e-01 5.150409285405684046e-02 6.228155085254124396e-02 4.959918397665155632e-02
1.212121212121212155e-01 4.659936452959093089e-02 6.782283307300310260e-02 4.287701259149295091e-02
1.215151515151515205e-01 4.758402536553184292e-02 6.803210801476106129e-02 4.964998570505611830e-02
1.218181818181818116e-01 5.042902329167965603e-02 7.754874315000920282e-02 4.562886906242859947e-02
1.221212121212121166e-01 4.972787457158025365e-02 6.581387292442122949e-02 4.656589766958499355e-02
1.224242424242424215e-01 4.237025522493299140e-02 7.359236776027795746e-02 4.333033745753402805e-02
1.227272727272727265e-01 4.200946990707377787e-02 7.119340116357418535e-02 4.341062719595842334e-02
1.230303030303030315e-01 4.146903876090860669e-02 6.082943593301702589e-02 4.319059384647834510e-02
1.233333333333333365e-01 4.589389186474399085e-02 6.658472294814268833e-02 4.458440153825825314e-02
1.236363636363636415e-01 5.314870463978374482e-02 7.298137288376226051e-02 4.700221664546015005e-02
1.239393939393939326e-01 5.051694696422959208e-02 6.840799666836050452e-02 4.661139004819599141e-02
1.242424242424242375e-01 4.218418183164193008e-02 5.922879339791417563e-02 4.203294554478151368e-02
1.245454545454545425e-01 4.999144823548260647e-02 6.710494839106101450e-02 5.022669282009829816e-02
1.248484848484848475e-01 4.615660773779117765e-02 6.352986830425197406e-02 4.412453496924959723e-02
1.251515151515151525e-01 4.391230121847741058e-02 7.305020394203598499e-02 4.386323222946399147e-02
1.254545454545454575e-01 4.340592592740055017e-02 5.975404831098894698e-02 3.948235290825857779e-02
1.257575757575757625e-01 4.060533277692348481e-02 5.940791114921618876e-02 4.190347502395998236e-02
1.260606060606060674e-01 4.489844088097749708e-02 5.956803442630197176e-02 3.944757508502476362e-02
1.263636363636363724e-01 4.338495102055361929e-02 6.238943130331955911e-02 3.762361651004496321e-02
1.266666666666666774e-01 4.219862870633314667e-02 5.695451517010425430e-02 4.271768691401371665e-02
1.269696969696969824e-01 4.466068599042039705e-02 7.319676707861676179e-02 4.517397879148167539e-02
1.272727272727272596e-01 3.934029772388356744e-02 7.019056456870913230e-02 4.266669537398233569e-02
1.275757575757575646e-01 4.727671101519029251e-02 6.326703939070928151e-02 4.313418065845667226e-02
1.278787878787878696e-01 4.541105525090233935e-02 6.919677553831346528e-02 4.338056348755022634e-02
1.281818181818181746e-01 3.865832059277325705e-02 5.268161329861362902e-02 4.355255464078337108e-02
1.284848484848484795e-01 3.717724307991776556e-02 6.007269400382728164e-02 4.323994399564159985e-02
1.287878787878787845e-01 3.774141054234209786e-02 5.888497356973800001e-02 4.122274487758461475e-02
1.290909090909090895e-01 3.968699459640587929e-02 6.247046271328420691e-02 4.171099725901737665e-02
1.293939393939393945e-01 4.001778269835618018e-02 6.294078379858593364e-02 4.011920505581398344e-02
1.296969696969696995e-01 3.951821298490823531e-02 6.203074766388811528e-02 3.846409565080052828e-02
1.300000000000000044e-01 4.242196063350682500e-02 5.825666596977804174e-02 3.994887707455466869e-02
1.303030303030303094e-01 3.586559934638246933e-02 5.745707590196483250e-02 3.759047450972309579e-02
1.306060606060606144e-01 3.941037933593564968e-02 5.798149134248526543e-02 3.700719630009897954e-02
1.309090909090909194e-01 3.873415753267787226e-02 5.986614392601477541e-02 3.928035634499008055e-02
1.312121212121212244e-01 3.806708936709676111e-02 5.905451084529172306e-02 3.412804251198520156e-02
1.315151515151515016e-01 4.030850163197657182e-02 6.211709920843506288e-02 4.202718657600592461e-02
1.318181818181818066e-01 3.561502939977348459e-02 5.933296111620982999e-02 3.983648914376246991e-02
1.321212121212121116e-01 3.906651073737048979e-02 4.888976808441605065e-02 4.613637393828981526e-02
1.324242424242424165e-01 3.708127305976713362e-02 5.443689624103262986e-02 3.748474563218666400e-02
1.327272727272727215e-01 4.165872792996803964e-02 5.688525355274276496e-02 4.059859430918752454e-02
1.330303030303030265e-01 4.201375221624354533e-02 5.970957485970838918e-02 3.783154526871335827e-02
1.333333333333333315e-01 3.825122492038180583e-02 5.445677682659365998e-02 3.657933616111794239e-02
1.336363636363636365e-01 3.697359165275757725e-02 5.248399277063631185e-02 3.386380025704592567e-02
1.339393939393939414e-01 3.578616516315438756e-02 5.709068545580225224e-02 3.866107343138544539e-02
1.342424242424242464e-01 3.511869952732327160e-02 5.516982211201255232e-02 3.440468673756242463e-02
1.345454545454545514e-01 3.406557844709921790e-02 5.571008118933931663e-02 3.549028053021043710e-02
1.348484848484848564e-01 3.369409303409664352e-02 5.673047310413318473e-02 3.669440966285647532e-02
1.351515151515151614e-01 3.192522944983230970e-02 5.634194842039043361e-02 3.756396458686653284e-02
1.354545454545454664e-01 3.479379115117274546e-02 5.348149447566399872e-02 3.316232336679000858e-02
1.357575757575757713e-01 3.932282669487899979e-02 5.091606665274681087e-02 3.709001269199899142e-02
1.360606060606060486e-01 3.734144755196324578e-02 5.231705091607111169e-02 3.591123853260628357e-02
1.363636363636363535e-01 3.535892094946298247e-02 5.529648243231224253e-02 4.204513019231079229e-02
1.366666666666666585e-01 3.469304046415525034e-02 5.242987299121416866e-02 3.860077338569239958e-02
1.369696969696969635e-01 3.099529913473886289e-02 4.763132038717438760e-02 3.795099969459885675e-02
1.372727272727272685e-01 3.362283382546041310e-02 5.354673580914001696e-02 3.580717049359952164e-02
1.375757575757575735e-01 3.297947720447006598e-02 5.435541490510034657e-02 3.487940195990732462e-02
1.378787878787878785e-01 3.485213002795296139e-02 4.947066581072177838e-02 3.701109844208142624e-02
1.381818181818181834e-01 3.480441001668791584e-02 5.295310423923287046e-02 3.590988359824797554e-02
1.384848484848484884e-01 3.407557985705338827e-02 5.131477161191974612e-02 3.374187094688473054e-02
1.387878787878787934e-01 3.151495324059207931e-02 5.169589178442865474e-02 3.536923233765192076e-02
1.390909090909090984e-01 3.545794999422376137e-02 5.106763303180802960e-02 3.480554204491323467e-02
1.393939393939394034e-01 3.105542452096998751e-02 5.020066531692379125e-02 3.697753120052112846e-02
1.396969696969697083e-01 3.381608078275490786e-02 5.564612002806709062e-02 3.234767211735568859e-02
1.400000000000000133e-01 3.076167721768261962e-02 5.232374263588782798e-02 3.317095123313706234e-02
1.403030303030302905e-01 3.213480473835996637e-02 4.882146719883984770e-02 3.507301573631476516e-02
1.406060606060605955e-01 3.415504141618901091e-02 5.044666823284756768e-02 3.818920575185245220e-02
1.409090909090909005e-01 3.364430618996919198e-02 5.354551215919170493e-02 3.649230856021966340e-02
1.412121212121212055e-01 2.984872380042896678e-02 5.191830954293694123e-02 3.438998443651805625e-02
1.415151515151515105e-01 3.294485598003712296e-02 4.981447463630863520e-02 3.230840871439551870e-02
1.418181818181818155e-01 3.192943924778959830e-02 4.720701743681714191e-02 3.132826512153864124e-02
1.421212121212121204e-01 3.384706970124518044e-02 5.323814840165005252e-02 3.113521188119465141e-02
1.424242424242424254e-01 2.939239474089248849e-02 4.951478199928525947e-02 3.429959093023838418e-02
1.427272727272727304e-01 3.063555637260667597e-02 4.770583462758802573e-02 3.264816281176117357e-02
1.430303030303030354e-01 3.036084722174929237e-02 4.988028404739965060e-02 3.508558302829697245e-02
1.433333333333333404e-01 3.003695354351389527e-02 4.858238417215686444e-02 3.387985140770099352e-02
1.436363636363636453e-01 3.111364942445973489e-02 4.728045388896253559e-02 3.281438630394076933e-02
1.439393939393939503e-01 2.990412128395900440e-02 5.052688185320126923e-02 3.485639136298481627e-02
1.442424242424242553e-01 3.051122001044145535e-02 5.116717889545976949e-02 3.559272660564936908e-02
1.445454545454545325e-01 2.987519791220173693e-02 4.877820613375041803e-02 3.305913053317015293e-02
1.448484848484848375e-01 3.283313988066188099e-02 4.647309072038251221e-02 3.729152573354600070e-02
1.451515151515151425e-01 3.052857683857964841e-02 4.622448300319591252e-02 3.324940375275438342e-02
1.454545454545454475e-01 2.815538074654803935e-02 4.395577088878799971e-02 3.071401296131273315e-02
1.457575757575757525e-01 2.987940019457048860e-02 4.847992755738284726e-02 3.446020179766631775e-02
1.460606060606060574e-01 3.039595798765249574e-02 4.431010996058083046e-02 3.199855204244918955e-02
1.463636363636363624e-01 2.745125391253742941e-02 4.664954098334006538e-02 3.524579996309011587e-02
1.466666666666666674e-01 2.733196095466794082e-02 3.906550642401444146e-02 2.935931060359021905e-02
1.469696969696969724e-01 2.997228218727317206e-02 4.059030558891204427e-02 2.886989211874498029e-02
1.472727272727272774e-01 2.707383653922643824e-02 4.324637145906511798e-02 3.306615311997049278e-02
1.475757575757575824e-01 3.085553692498372441e-02 4.720779977988942555e-02 3.038329346882025564e-02
1.478787878787878873e-01 2.674778255291885773e-02 4.163446848779869813e-02 3.014962632343343163e-02
1.481818181818181923e-01 2.267677032296836620e-02 4.777650489713442666e-02 3.230628388626180514e-02
1.484848484848484973e-01 2.571524526287196494e-02 4.581249922266273505e-02 3.453320236351390543e-02
1.487878787878787745e-01 2.908562208988748135e-02 4.259976072826375526e-02 2.939366746128232663e-02
1.490909090909090795e-01 2.856151325958041984e-02 4.551792144025112313e-02 2.895932122728682098e-02
1.493939393939393845e-01 2.519459979650961676e-02 4.626643506208141798e-02 2.967178778070729550e-02
1.496969696969696895e-01 2.536191144917201643e-02 4.378889337177280239e-02 2.766075212417162463e-02
1.499999999999999944e-01 2.763730898902818159e-02 3.989239593265604678e-02 3.159307696198465631e-02
1.503030303030302994e-01 2.552103963321365049e-02 4.402202448893416387e-02 3.058003018892359662e-02
1.506060606060606044e-01 2.463218376612211560e-02 4.650261834995228494e-02 2.938105383962073477e-02
1.509090909090909094e-01 2.740547203135278165e-02 4.139438339385342891e-02 2.647972673361935134e-02
1.512121212121212144e-01 2.823841105931231346e-02 3.906688354925914874e-02 3.231086642040783413e-02
1.515151515151515194e-01 2.889726145703524346e-02 4.324678155040240918e-02 2.965345544596666161e-02
1.518181818181818243e-01 2.882042962562943178e-02 4.184876359031965837e-02 2.990699465291545012e-02
1.521212121212121293e-01 2.332875101992886585e-02 4.136602915458863911e-02 3.042678599938077391e-02
1.524242424242424343e-01 2.528080986752669762e-02 4.070376759011105905e-02 2.720829656103392405e-02
1.527272727272727393e-01 2.609795078399523502e-02 4.620238134280515996e-02 2.880128580689355483e-02
1.530303030303030165e-01 2.567670781185561052e-02 4.187897041321218816e-02 3.060962986885271478e-02
1.533333333333333215e-01 2.521709062916959246e-02 4.688106843614762986e-02 3.191782114008287485e-02
1.536363636363636265e-01 2.573023225957522114e-02 4.010427482681661049e-02 2.719850051137073441e-02
1.539393939393939315e-01 2.701383253717008423e-02 3.998642274616154291e-02 3.194516292121143963e-02
1.542424242424242364e-01 2.726396865185354637e-02 3.998908745776200840e-02 2.973724660287605306e-02
1.545454545454545414e-01 2.744741563146799179e-02 4.357776489899455735e-02 2.724627505405947947e-02
1.548484848484848464e-01 2.640715630110698417e-02 3.934216271954556199e-02 2.570074170562911681e-02
1.551515151515151514e-01 2.682006410132707977e-02 3.846608277501117196e-02 2.771756097899337121e-02
1.554545454545454564e-01 2.513886747091474000e-02 3.393014073532299446e-02 2.642696434109452833e-02
1.557575757575757613e-01 2.401079399365904296e-02 3.930584937552134006e-02 2.655130165757771041e-02
1.560606060606060663e-01 2.764121282029265853e-02 3.630067793099316792e-02 2.976657428078459053e-02
1.563636363636363713e-01 2.173061891952330141e-02 3.716342180587161453e-02 2.745274606274566639e-02
1.566666666666666763e-01 2.238748167400457859e-02 3.833588419498163563e-02 2.628365028136963807e-02
1.569696969696969813e-01 2.153432243923360245e-02 3.953694990489230870e-02 2.802218619680449038e-02
1.572727272727272863e-01 2.431206884765553522e-02 4.380189306353889783e-02 2.687020860868268024e-02
1.575757575757575635e-01 2.418122183975633666e-02 3.877535587522580596e-02 2.954665148728361987e-02
1.578787878787878685e-01 2.384276371057605232e-02 3.847183945018804035e-02 2.833106603009331870e-02
1.581818181818181734e-01 2.438400556269502972e-02 4.032178951468638750e-02 2.777379141755291492e-02
1.584848484848484784e-01 2.516126168217774559e-02 3.834920606140817395e-02 3.079811893918048271e-02
1.587878787878787834e-01 2.194797992448406510e-02 3.235096905335987927e-02 2.898485983433390228e-02
1.590909090909090884e-01 2.350481697792997440e-02 3.893034256175890995e-02 2.863907708270198305e-02
1.593939393939393934e-01 2.289643964988859887e-02 3.327817517837248357e-02 2.697777463409024856e-02
1.596969696969696983e-01 2.356733546219106495e-02 3.736445186308587352e-02 2.524822022051382772e-02
1.600000000000000033e-01 2.457948106723378129e-02 3.418578209128442236e-02 2.598555148995252209e-02
1.603030303030303083e-01 2.035394296745304463e-02 3.340135714259760691e-02 2.735345099580837464e-02
1.606060606060606133e-01 2.262344861060836335e-02 3.858974872598099071e-02 2.809739876177042711e-02
1.609090909090909183e-01 2.222774798190489329e-02 3.800018291918308422e-02 2.345663444374600226e-02
1.612121212121212233e-01 2.156718973181772150e-02 3.811825427102843306e-02 2.738974782688266552e-02
1.615151515151515282e-01 2.359826309941688571e-02 3.823442421688051651e-02 2.672517149068523445e-02
1.618181818181818055e-01 2.116377139871970792e-02 3.406621244759529266e-02 2.429749112014910339e-02
1.621212121212121104e-01 2.062836580046550211e-02 3.771738308847144561e-02 2.373472439976071283e-02
1.624242424242424154e-01 2.218441063086505280e-02 3.630778227011011161e-02 2.401831483001944795e-02
1.627272727272727204e-01 2.134878394009836686e-02 3.837775528116683932e-02 2.475731724032645756e-02
1.630303030303030254e-01 2.174053223415466085e-02 3.596251879584547173e-02 2.632871649294756672e-02
1.633333333333333304e-01 2.049064171604630599e-02 3.549089663335402989e-02 2.453367952626993309e-02
1.636363636363636354e-01 2.209893913595232726e-02 3.356912360451912158e-02 2.612963092942914567e-02
1.639393939393939403e-01 2.123018573289420924e-02 3.542998247535594086e-02 2.493349522347274375e-02
1.642424242424242453e-01 2.105003189198004568e-02 3.249518816551741351e-02 2.660968215511173157e-02
1.645454545454545503e-01 2.304565870441801362e-02 3.865173224340348601e-02 2.733228340096018061e-02
1.648484848484848553e-01 1.857354138999695384e-02 3.211503670739085381e-02 2.474968985992129222e-02
1.651515151515151603e-01 1.944714705185000836e-02 3.267433813076487531e-02 2.427573675383254068e-02
1.654545454545454652e-01 2.157421838224413135e-02 3.352222043637356763e-02 2.645057003626651373e-02
1.657575757575757702e-01 2.003889359417452068e-02 3.441422387970330399e-02 2.599091602725274452e-02
1.660606060606060475e-01 1.945512403369581769e-02 3.274867704197961110e-02 2.735958446071184297e-02
1.663636363636363524e-01 1.877693072004379266e-02 2.817944050526947561e-02 2.313350803710815043e-02
1.666666666666666574e-01 1.820556697716787381e-02 3.505713581437026188e-02 2.489386731461619082e-02
1.669696969696969624e-01 2.161725165602574814e-02 3.384870139743226952e-02 2.288624810722081349e-02
1.672727272727272674e-01 1.885659260653955310e-02 3.048230745829794142e-02 2.123737846990080350e-02
1.675757575757575724e-01 1.990951297927483557e-02 3.196776235214823098e-02 2.393771567339891479e-02
1.678787878787878773e-01 2.017894038497231729e-02 3.366444123058268123e-02 2.330460645015047447e-02
1.681818181818181823e-01 1.941317591297757328e-02 3.601212606221049217e-02 2.107300031823801725e-02
1.684848484848484873e-01 2.294601543091120618e-02 3.343870259155504177e-02 2.167736071008555601e-02
1.687878787878787923e-01 2.097795154285891223e-02 3.258175866309995228e-02 2.456071698998488900e-02
1.690909090909090973e-01 1.967175375544011340e-02 3.335712045412855820e-02 2.578977406424275837e-02
1.693939393939394022e-01 1.677133395309597305e-02 3.261208709113377208e-02 2.277324263588832720e-02
1.696969696969697072e-01 2.024343041107722063e-02 2.954167361687485074e-02 2.702980178372348108e-02
1.700000000000000122e-01 2.099246978100028499e-02 3.192145195416696418e-02 2.275502973970406490e-02
1.703030303030302894e-01 1.894729004415705853e-02 3.153400519170513477e-02 2.215316551041605561e-02
1.706060606060605944e-01 1.944061812918344845e-02 3.172809860395053166e-02 2.019582635197475842e-02
1.709090909090908994e-01 2.080524834238810239e-02 3.092781617712778500e-02 2.209935386840460037e-02
1.712121212121212044e-01 1.816445068945989408e-02 3.000372373439215423e-02 2.215613840247161390e-02
1.715151515151515094e-01 1.829699740166402036e-02 3.192245926128065708e-02 1.944881211165956289e-02
1.718181818181818143e-01 1.981340543765066145e-02 3.258761478921539528e-02 2.324163410314204065e-02
1.721212121212121193e-01 1.871282662502269170e-02 3.061250078114793535e-02 2.364234597339080757e-02
1.724242424242424243e-01 1.884295103830692375e-02 3.086379942554007966e-02 2.236735968743896671e-02
1.727272727272727293e-01 1.956898700070415845e-02 3.227943625953236251e-02 2.253070076046462603e-02
1.730303030303030343e-01 1.921315752448572722e-02 2.823714788465941927e-02 2.271291741285340685e-02
1.733333333333333393e-01 1.849971874951368209e-02 3.030759722556406952e-02 2.296062779288855771e-02
1.736363636363636442e-01 1.805841427645095768e-02 3.183228670373891567e-02 2.083946505515691522e-02
1.739393939393939492e-01 1.692767378132200087e-02 2.958385589632650525e-02 2.186836741235317211e-02
1.742424242424242542e-01 1.583415981040814380e-02 2.867763207054480068e-02 2.370081314271734949e-02
1.745454545454545592e-01 1.710714561778887283e-02 2.962639333545477940e-02 2.030148320667478357e-02
1.748484848484848364e-01 1.687373974492751075e-02 2.812477014013129231e-02 2.068361037909020872e-02
1.751515151515151414e-01 1.814465487230053353e-02 3.056342797838857567e-02 2.201293853770082409e-02
1.754545454545454464e-01 1.718327380347043146e-02 2.797663555219230200e-02 2.054246107947738098e-02
1.757575757575757514e-01 1.674620517554717067e-02 2.982814283881821474e-02 2.200624369590515120e-02
1.760606060606060563e-01 1.763495492741246062e-02 2.734618842975931885e-02 1.949748769359582398e-02
1.763636363636363613e-01 1.768721138517311692e-02 2.574783042823159188e-02 1.957384486821783787e-02
1.766666666666666663e-01 1.772752317440982883e-02 3.019919978269590410e-02 2.320651913015829571e-02
1.769696969696969713e-01 1.915661363831321767e-02 2.751131743553476838e-02 1.948975082715797419e-02
1.772727272727272763e-01 1.792990814859196994e-02 2.743873467362367355e-02 2.197825813605183698e-02
1.775757575757575812e-01 1.801606373074031431e-02 2.880968653141675884e-02 1.992626744854066045e-02
1.778787878787878862e-01 1.470947180223417840e-02 2.992140620974430287e-02 1.841793087002410040e-02
1.781818181818181912e-01 1.701350385340866245e-02 2.917551387196680099e-02 1.885422725909925365e-02
1.784848484848484962e-01 1.544003114141945937e-02 2.739020717721209197e-02 2.027997806231916084e-02
1.787878787878788012e-01 1.557843035321129083e-02 2.781708142646014889e-02 1.919182123340614984e-02
1.790909090909090784e-01 1.607191504050886621e-02 2.950288526008851622e-02 2.182940308777425731e-02
1.793939393939393834e-01 1.526445239903199448e-02 2.648813620730680607e-02 2.055030023179995821e-02
1.796969696969696884e-01 1.706395212621301949e-02 2.718245676538453073e-02 2.054157761965574175e-02
1.799999999999999933e-01 1.620090097377888810e-02 2.583030408933546102e-02 1.930308661823902650e-02
1.803030303030302983e-01 1.495689063494833222e-02 2.590294875540584407e-02 2.007034856968975545e-02
1.806060606060606033e-01 1.825879594785753332e-02 2.829787716411397841e-02 2.081771261616955845e-02
1.809090909090909083e-01 1.697750237038545690e-02 2.720157377709221322e-02 1.827336815352880936e-02
1.812121212121212133e-01 1.601764044141461285e-02 2.577786158103147207e-02 1.917997926405152695e-02
1.815151515151515182e-01 1.589233775559463144e-02 2.885521597059462554e-02 2.223797664541507513e-02
1.818181818181818232e-01 1.671257622081781177e-02 2.736343279306524198e-02 1.834368016350088754e-02
1.821212121212121282e-01 1.532488913291803374e-02 2.397052271537750134e-02 1.782115384508816194e-02
1.824242424242424332e-01 1.590175387030993981e-02 2.962419431686447863e-02 1.937965252139853614e-02
1.827272727272727382e-01 1.404797964442951706e-02 2.576050833113957897e-02 1.915875106197357028e-02
1.830303030303030432e-01 1.527725669860947356e-02 2.581655302968115934e-02 1.930333791225084458e-02
1.833333333333333204e-01 1.579851649366989172e-02 2.876238148890575275e-02 2.190626409861400406e-02
1.836363636363636254e-01 1.574953749028064690e-02 2.534256306404447309e-02 2.057564216365550744e-02
1.839393939393939303e-01 1.542119478067681924e-02 2.606740064381828093e-02 1.779108553707334575e-02
1.842424242424242353e-01 1.436208106171221049e-02 2.668515201590357031e-02 1.830847184237654329e-02
1.845454545454545403e-01 1.576433782067217237e-02 2.854047071292911339e-02 1.815205013519000446e-02
1.848484848484848453e-01 1.635479787421551326e-02 2.373437612282844680e-02 2.078116264247055825e-02
1.851515151515151503e-01 1.541947947053537438e-02 2.951300104939243510e-02 1.767400308218047486e-02
1.854545454545454553e-01 1.565178167973135109e-02 2.603356580794525393e-02 1.893713489874901054e-02
1.857575757575757602e-01 1.500749784059145740e-02 2.612126240028680990e-02 1.920390541449232616e-02
1.860606060606060652e-01 1.462653921503710014e-02 2.541052528186978077e-02 1.968346698274030596e-02
1.863636363636363702e-01 1.451817129922206885e-02 2.512384887720904569e-02 1.907780498929404975e-02
1.866666666666666752e-01 1.443713040188798757e-02 2.351382003633388507e-02 1.827253997219388873e-02
1.869696969696969802e-01 1.420882327644875341e-02 2.032235535549255928e-02 1.889958519900149236e-02
1.872727272727272851e-01 1.543589207233377579e-02 2.349689122053687587e-02 1.768500491004225406e-02
1.875757575757575624e-01 1.427921865261264078e-02 2.568516594274545053e-02 1.639688707901255232e-02
1.878787878787878673e-01 1.438678570119021095e-02 2.616905864487552302e-02 1.709762943303115221e-02
1.881818181818181723e-01 1.420965982384466905e-02 2.517163589659692294e-02 1.964839831971351009e-02
1.884848484848484773e-01 1.298445720026148754e-02 2.521386367346472104e-02 2.041304156709393067e-02
1.887878787878787823e-01 1.545333825395281413e-02 2.722139720439196997e-02 1.925465786404962493e-02
1.890909090909090873e-01 1.428659281532742784e-02 2.529058267517471370e-02 1.609418425891893933e-02
1.893939393939393923e-01 1.530967923320400784e-02 2.768080446124806734e-02 1.767885144852284277e-02
1.896969696969696972e-01 1.347740248942956402e-02 2.649593202194007804e-02 1.723044257588250347e-02
1.900000000000000022e-01 1.427737779511146533e-02 2.390232916048325162e-02 1.750626466342303580e-02
1.903030303030303072e-01 1.469191890073253889e-02 2.381067943802158554e-02 1.696178102772707974e-02
1.906060606060606122e-01 1.310358981518145935e-02 2.367224622933856992e-02 1.737447100167322997e-02
1.909090909090909172e-01 1.472789344154653256e-02 2.310512652581917653e-02 1.764903384142228748e-02
1.912121212121212221e-01 1.483472159910677497e-02 2.357163804235203053e-02 2.157472113288570748e-02
1.915151515151515271e-01 1.368981637997851615e-02 2.250930661667874602e-02 1.786220672809541582e-02
1.918181818181818044e-01 1.407898208826728094e-02 2.174236407025730358e-02 1.783254387050554890e-02
1.921212121212121093e-01 1.315709512330218676e-02 2.311124341996001127e-02 1.810999739093771890e-02
1.924242424242424143e-01 1.553861618214631181e-02 2.114825131521892027e-02 1.787559856436585215e-02
1.927272727272727193e-01 1.468451010017815528e-02 2.334322097072800972e-02 1.685424455868597335e-02
1.930303030303030243e-01 1.311193839794927256e-02 2.450298649951045474e-02 1.825332625937119840e-02
1.933333333333333293e-01 1.212179998759657998e-02 2.373378006980579602e-02 1.753421394904417993e-02
1.936363636363636342e-01 1.326899572461522937e-02 2.205294823233869619e-02 1.884327091152585704e-02
1.939393939393939392e-01 1.357238249924198198e-02 2.424424445704852216e-02 1.775833363191354694e-02
1.942424242424242442e-01 1.358909227269830544e-02 2.440155568203656450e-02 1.817296615455139819e-02
1.945454545454545492e-01 1.363456711053461987e-02 2.236884343979966480e-02 1.700056457579811331e-02
1.948484848484848542e-01 1.457740217643366601e-02 2.525797626589576170e-02 1.753374241079683898e-02
1.951515151515151592e-01 1.416670725642442917e-02 2.397161151969678938e-02 1.762002474944228403e-02
1.954545454545454641e-01 1.368110724842468151e-02 2.331422643493762450e-02 1.488294058255824198e-02
1.957575757575757691e-01 1.304225520151604603e-02 2.195125556827474955e-02 1.685940341485493016e-02
1.960606060606060741e-01 1.256131305678186150e-02 2.066725897000400158e-02 1.564276036104184434e-02
1.963636363636363513e-01 1.263268542049557353e-02 2.289665403309183028e-02 1.682537285527731241e-02
1.966666666666666563e-01 1.327574817317333199e-02 2.072233501774469258e-02 1.636000067998304164e-02
1.969696969696969613e-01 1.187900260193593995e-02 2.254743376489053153e-02 1.480164967566976672e-02
1.972727272727272663e-01 1.218873955059974340e-02 2.288656165030612810e-02 1.611385005939173012e-02
1.975757575757575712e-01 1.178036964960137156e-02 2.255447579597516169e-02 1.560840496438835497e-02
1.978787878787878762e-01 1.272699589583361525e-02 2.000047756864308315e-02 1.750229482305475093e-02
1.981818181818181812e-01 1.255338458226100927e-02 2.173394250952016132e-02 1.558571558652585565e-02
1.984848484848484862e-01 1.359277631680762960e-02 2.332271860088207249e-02 1.563435431645470233e-02
1.987878787878787912e-01 1.194672065970181843e-02 2.062369166391988043e-02 1.760494158956184621e-02
1.990909090909090962e-01 1.396588254606880540e-02 2.188251018515004198e-02 1.437054862804756049e-02
1.993939393939394011e-01 1.152528194998832071e-02 2.470135820082689990e-02 1.706637951911824103e-02
1.996969696969697061e-01 1.176769017584864546e-02 2.164214707031404672e-02 1.488081280283234942e-02
2.000000000000000111e-01 1.141617696219582659e-02 2.204994005240088276e-02 1.495710175121017435e-02
2.003030303030303161e-01 1.212990407310314891e-02 2.154084100251810185e-02 1.540663376189096295e-02
2.006060606060605933e-01 1.216767726308461139e-02 1.740171128292648806e-02 1.764148064475569433e-02
2.009090909090908983e-01 1.261441337013475411e-02 1.837034975174720031e-02 1.399330948661104204e-02
2.012121212121212033e-01 1.281075728526824206e-02 2.213397243022488178e-02 1.615971387359236081e-02
2.015151515151515083e-01 1.278038719104608763e-02 2.152343083334903179e-02 1.527403416945878438e-02
2.018181818181818132e-01 1.222608695553122245e-02 2.241033078979487794e-02 1.697175359502715863e-02
2.021212121212121182e-01 1.217023462929882338e-02 2.067312871386685694e-02 1.490934299431294179e-02
2.024242424242424232e-01 1.151607325805307364e-02 2.106982964167245301e-02 1.461430122299313232e-02
2.027272727272727282e-01 1.156406522748462153e-02 2.025084439270581627e-02 1.720864476042277200e-02
2.030303030303030332e-01 1.144133268647625976e-02 1.908919634127610038e-02 1.445793316368019013e-02
2.033333333333333381e-01 1.257856217333739972e-02 1.867333297585923452e-02 1.533243825615766311e-02
2.036363636363636431e-01 1.181067759151870240e-02 1.794091860381285403e-02 1.426501409345259062e-02
2.039393939393939481e-01 1.119195891077994810e-02 2.138602248060338107e-02 1.470084055937301640e-02
2.042424242424242531e-01 1.117358800717192097e-02 2.299573847231879339e-02 1.696854958638301797e-02
2.045454545454545581e-01 1.087993443713032929e-02 1.961961495423310275e-02 1.367178893966734463e-02
2.048484848484848353e-01 1.167046067512743888e-02 2.122388667571632748e-02 1.464440663808195577e-02
2.051515151515151403e-01 1.139721178825410346e-02 1.990223486864977492e-02 1.428599135956643874e-02
2.054545454545454453e-01 1.128309020491727321e-02 1.961194497541358245e-02 1.393899334690583587e-02
2.057575757575757502e-01 1.156753418746355594e-02 1.898035409685219083e-02 1.631009791661669484e-02
2.060606060606060552e-01 1.242565019799320505e-02 2.171755495963278992e-02 1.515873660473466590e-02
2.063636363636363602e-01 1.172356165037544314e-02 2.081129604899744842e-02 1.583481788257212058e-02
2.066666666666666652e-01 1.042520513713683650e-02 1.972798999179469978e-02 1.556450195639528036e-02
2.069696969696969702e-01 1.061710752528615548e-02 1.761433179312475034e-02 1.514609983507318215e-02
2.072727272727272751e-01 1.073661464335845875e-02 2.004292334143327470e-02 1.434839063723162937e-02
2.075757575757575801e-01 1.092060541064038270e-02 2.213071925372106508e-02 1.349914047170055163e-02
2.078787878787878851e-01 1.057845934793367332e-02 1.852206118929923193e-02 1.419492955533928867e-02
2.081818181818181901e-01 1.022101344181399959e-02 1.938207464031653157e-02 1.397231851114038442e-02
2.084848484848484951e-01 1.144127935707371126e-02 1.859930786898510158e-02 1.543088512266714042e-02
2.087878787878788001e-01 1.090520106892178820e-02 1.945228704734326686e-02 1.444520728695475667e-02
2.090909090909090773e-01 1.080873898077778367e-02 2.140957206889166145e-02 1.362916409593638301e-02
2.093939393939393823e-01 1.076122601190385511e-02 2.003243582840454062e-02 1.475050170096764424e-02
2.096969696969696872e-01 1.181594069553531384e-02 1.985581829392704667e-02 1.387685582116318303e-02
2.099999999999999922e-01 1.014725339511676240e-02 2.132746009051531000e-02 1.442064119404409123e-02
2.103030303030302972e-01 9.589628306554034975e-03 1.998224965103446993e-02 1.573658779020539397e-02
2.106060606060606022e-01 1.207918275418771656e-02 2.006409395669144988e-02 1.410610844815854414e-02
2.109090909090909072e-01 1.175211070805688533e-02 1.945818421598845965e-02 1.510123700374940009e-02
2.112121212121212122e-01 1.073036863242408413e-02 1.794807248347935619e-02 1.371705065321334946e-02
2.115151515151515171e-01 9.834003608957288256e-03 1.965515414126661059e-02 1.422709635883584456e-02
2.118181818181818221e-01 9.563737134767429093e-03 2.045184498107036758e-02 1.266801151399623605e-02
2.121212121212121271e-01 1.038135675727548321e-02 1.865129731078198072e-02 1.361221474443575531e-02
2.124242424242424321e-01 9.637090373234060911e-03 1.887466124495176464e-02 1.497996957565274866e-02
2.127272727272727371e-01 1.135132654497213352e-02 1.778844326799321890e-02 1.435583986854162102e-02
2.130303030303030420e-01 1.166051300693883574e-02 1.892441590867541962e-02 1.429709602513983512e-02
2.133333333333333470e-01 1.101930508488734202e-02 1.853517621283341452e-02 1.428082747708891119e-02
2.136363636363636243e-01 1.010248585268246069e-02 1.796090261815752945e-02 1.300446253448886598e-02
2.139393939393939292e-01 1.119531688556630461e-02 1.766314758166724272e-02 1.472148594486013401e-02
2.142424242424242342e-01 1.189298128610391872e-02 1.895898648873957371e-02 1.417809204865063365e-02
2.145454545454545392e-01 1.031427423391125670e-02 1.664999761016421054e-02 1.161085325781013172e-02
2.148484848484848442e-01 9.675055916267844697e-03 1.787334724625323432e-02 1.336978097854849869e-02
2.151515151515151492e-01 1.115570770395203637e-02 1.785672620860606283e-02 1.392303464194847434e-02
2.154545454545454541e-01 9.990489526775265736e-03 1.850591246973372350e-02 1.248833258912109868e-02
2.157575757575757591e-01 1.047452315154588642e-02 1.750763407630024152e-02 1.320526805777441637e-02
2.160606060606060641e-01 1.071834714406776079e-02 1.748713262974765925e-02 1.482314687618351695e-02
2.163636363636363691e-01 9.314199900267669877e-03 1.793152543310694985e-02 1.386709534548816354e-02
2.166666666666666741e-01 9.389207375895426005e-03 1.645661759959659437e-02 1.416212517595252102e-02
2.169696969696969790e-01 9.041200352654691144e-03 1.830384104372007742e-02 1.262646775425441820e-02
2.172727272727272840e-01 1.097414058481509594e-02 1.611909716647035029e-02 1.456816307944338272e-02
2.175757575757575890e-01 9.642526536108376664e-03 1.820259145956281896e-02 1.400458386138707899e-02
2.178787878787878662e-01 1.029328508340756482e-02 1.842952973376413284e-02 1.310757295210504547e-02
2.181818181818181712e-01 1.092196450408353982e-02 1.705380149230771580e-02 1.185860008115201258e-02
2.184848484848484762e-01 9.545424603768873709e-03 1.718734644801079084e-02 1.434055131801606486e-02
2.187878787878787812e-01 1.019277090645062320e-02 1.814901692979104322e-02 1.470734174686894914e-02
2.190909090909090862e-01 1.007051671636672967e-02 1.888162757769021316e-02 1.287054618019499094e-02
2.193939393939393911e-01 1.021650914436268015e-02 1.676168233909308691e-02 1.166655739975251335e-02
2.196969696969696961e-01 9.582343723844571198e-03 1.784668668224673529e-02 1.221133206606879809e-02
2.200000000000000011e-01 8.262162825027542790e-03 1.608262658889823837e-02 1.364211814058688237e-02
2.203030303030303061e-01 1.065762711126773746e-02 1.554454500694298254e-02 1.336329799740936311e-02
2.206060606060606111e-01 9.424171719740529612e-03 1.777149492186509000e-02 1.342248256790247278e-02
2.209090909090909161e-01 1.011510135150346830e-02 1.614057755826363988e-02 1.363545720935694684e-02
2.212121212121212210e-01 9.281458563453876681e-03 1.746295391206590872e-02 1.308959960319119355e-02
2.215151515151515260e-01 1.012177980756671924e-02 1.836389620281643487e-02 1.253352831431731214e-02
2.218181818181818310e-01 8.551530249303990541e-03 1.707473315836507965e-02 1.156189148985742841e-02
2.221212121212121082e-01 1.008898945177275595e-02 1.765416577693014813e-02 1.464579503939986843e-02
2.224242424242424132e-01 9.658066756006987788e-03 1.704098601399702678e-02 1.283652812436131968e-02
2.227272727272727182e-01 1.079801195811531944e-02 1.617844611867580440e-02 1.284798529307646167e-02
2.230303030303030232e-01 9.968011995892695279e-03 1.621436813873786478e-02 1.272608329194363161e-02
2.233333333333333282e-01 9.493968986167500290e-03 1.698455626671719135e-02 1.159418192545064868e-02
2.236363636363636331e-01 1.002712132743000494e-02 1.709932286157167525e-02 1.331168197169396022e-02
2.239393939393939381e-01 9.046437284750373509e-03 1.586476050623282508e-02 1.401013032827595241e-02
2.242424242424242431e-01 7.834544888966090553e-03 1.592620924447051001e-02 1.228634717427405133e-02
2.245454545454545481e-01 8.764617921046002208e-03 1.595441661363936059e-02 1.193529461138511695e-02
2.248484848484848531e-01 9.664285371808868305e-03 1.670461381132042067e-02 1.341188203171703175e-02
2.251515151515151580e-01 8.619768207290014889e-03 1.753210753784885736e-02 1.339185532343926260e-02
2.254545454545454630e-01 8.989954262733660870e-03 1.568855623260377238e-02 1.264216312226374220e-02
2.257575757575757680e-01 9.914871923403813930e-03 1.741319030177405913e-02 1.105465004245981958e-02
2.260606060606060730e-01 9.597574897940747141e-03 1.590730037396556953e-02 1.443030105123312840e-02
2.263636363636363502e-01 1.025026358119237278e-02 1.625384028667424541e-02 1.417577490954697629e-02
2.266666666666666552e-01 8.945211359830595663e-03 1.612809805022269102e-02 1.093437556148948303e-02
2.269696969696969602e-01 9.940638918747225772e-03 1.706733506356545790e-02 1.287671499428756465e-02
2.272727272727272652e-01 9.322473899110854736e-03 1.693932630906620079e-02 1.450665734902270923e-02
2.275757575757575701e-01 9.535212669165214067e-03 1.822472561020781201e-02 1.153847276420674056e-02
2.278787878787878751e-01 8.889933742249590820e-03 1.810882711760326835e-02 1.183767385703092360e-02
2.281818181818181801e-01 9.747754437442393907e-03 1.483098301851454651e-02 1.140386459641254922e-02
2.284848484848484851e-01 9.634276827900531762e-03 1.637812403719374893e-02 1.127239689792408107e-02
2.287878787878787901e-01 8.728001826877657479e-03 1.768982704794746022e-02 1.177626726240752798e-02
2.290909090909090950e-01 9.025236416634111608e-03 1.691893767326820355e-02 1.150410267580948692e-02
2.293939393939394000e-01 9.440936605059922770e-03 1.586020764022299384e-02 1.188208023258958967e-02
2.296969696969697050e-01 8.654251463609936856e-03 1.691145756485692639e-02 1.316390723081493040e-02
2.300000000000000100e-01 9.169622769071579527e-03 1.454711998221585277e-02 1.245707804395256892e-02
2.303030303030303150e-01 9.898782171771740995e-03 1.624368651418996862e-02 1.302089870432799473e-02
2.306060606060605922e-01 8.842160782953294162e-03 1.497175377574634127e-02 1.286375235281798056e-02
2.309090909090908972e-01 9.494744617302019671e-03 1.772783657855857287e-02 1.161450614996478031e-02
2.312121212121212022e-01 9.493011064583471367e-03 1.696347947713509538e-02 1.373401360846020734e-02
2.315151515151515071e-01 8.567655324869907427e-03 1.606961820409341657e-02 1.443015267250162374e-02
2.318181818181818121e-01 8.756248470184456803e-03 1.567927284346360903e-02 1.178525939772428685e-02
2.321212121212121171e-01 9.425299531895808477e-03 1.723737308277588018e-02 1.216408898391341947e-02
2.324242424242424221e-01 9.619374735445307065e-03 1.382600291009471530e-02 1.328073566641242015e-02
2.327272727272727271e-01 8.654300625676923653e-03 1.677115860837923023e-02 1.315207210946581912e-02
2.330303030303030321e-01 9.282103353037659751e-03 1.561236239872541148e-02 1.175763399897930203e-02
2.333333333333333370e-01 8.753249585330613244e-03 1.522911694874767505e-02 1.251899532266465172e-02
2.336363636363636420e-01 8.942166441812266983e-03 1.797324595021330615e-02 1.178988243344170073e-02
2.339393939393939470e-01 8.729526330655235436e-03 1.581514833704470227e-02 1.265693135465911778e-02
2.342424242424242520e-01 8.751366158362181014e-03 1.754349297383208175e-02 1.296780038334251206e-02
2.345454545454545570e-01 9.491945648053581180e-03 1.664925213450997241e-02 1.153393825422549188e-02
2.348484848484848619e-01 8.795096730044109010e-03 1.576724797253420407e-02 1.297013453556065260e-02
2.351515151515151392e-01 8.565935740192313907e-03 1.514542192852950421e-02 1.162615614537671101e-02
2.354545454545454441e-01 8.918936418351237905e-03 1.458694968143101067e-02 1.217026918528888758e-02
2.357575757575757491e-01 8.381419723979393124e-03 1.494246842936542211e-02 1.134892340506754235e-02
2.360606060606060541e-01 9.270333593461570210e-03 1.469493372766364145e-02 1.164609725451411920e-02
2.363636363636363591e-01 9.405873435790721576e-03 1.661311984026111674e-02 1.201655350944742101e-02
2.366666666666666641e-01 8.513074255264714563e-03 1.662366574782978695e-02 1.205069463233464019e-02
2.369696969696969691e-01 8.063587644763108020e-03 1.622525339426374169e-02 1.154304389287357652e-02
2.372727272727272740e-01 9.044138216127366181e-03 1.397678953511889005e-02 1.143437430039485198e-02
2.375757575757575790e-01 9.435418391987563172e-03 1.541445514698534282e-02 1.118369001101598460e-02
2.378787878787878840e-01 9.682767037738048907e-03 1.634885583506138357e-02 1.303327800827326112e-02
2.381818181818181890e-01 7.366304076602357004e-03 1.523536462202978135e-02 1.263476760168768739e-02
2.384848484848484940e-01 9.256890396890791323e-03 1.535854480365788505e-02 1.180692902926549701e-02
2.387878787878787989e-01 8.780027289952368683e-03 1.349517395220893590e-02 1.133023543508506620e-02
2.390909090909091039e-01 8.352346969809767291e-03 1.458411108851033998e-02 1.047272833649231724e-02
2.393939393939393812e-01 8.867037995524885974e-03 1.539623189473442698e-02 1.145159726813829715e-02
2.396969696969696861e-01 9.181764864322834035e-03 1.626468830336941923e-02 1.106207099846025915e-02
2.399999999999999911e-01 8.606033017982812200e-03 1.654796902174938272e-02 1.204263974281149542e-02
2.403030303030302961e-01 9.536216858470794588e-03 1.631183637741310394e-02 1.285242054459040384e-02
2.406060606060606011e-01 8.410017521749937192e-03 1.506977151940864894e-02 1.210522954154724315e-02
2.409090909090909061e-01 8.082711585539118296e-03 1.568187899178333927e-02 1.203140018715529586e-02
2.412121212121212110e-01 8.882202821034225482e-03 1.764642521983756165e-02 1.097784064737798021e-02
2.415151515151515160e-01 8.874041796276960214e-03 1.506135566875475319e-02 1.234781704147074749e-02
2.418181818181818210e-01 9.237295215961694242e-03 1.510562516932750093e-02 1.209087623217114209e-02
2.421212121212121260e-01 8.969419447056845712e-03 1.826920403477145377e-02 1.115784409482327086e-02
2.424242424242424310e-01 8.866194637679729318e-03 1.657865547324920141e-02 1.224977890304053581e-02
2.427272727272727360e-01 8.190550022930793983e-03 1.451494443255569970e-02 1.085611438816346669e-02
2.430303030303030409e-01 8.236861617542395528e-03 1.532232970492129580e-02 1.241404056500147388e-02
2.433333333333333459e-01 8.995612875702219124e-03 1.654510217790407592e-02 1.289842379691770805e-02
2.436363636363636231e-01 8.288824216788136245e-03 1.613941776155534968e-02 1.124538510404194704e-02
2.439393939393939281e-01 9.404035983023790665e-03 1.458623207342727573e-02 1.264353975117262462e-02
2.442424242424242331e-01 7.963311053790679203e-03 1.419446644744939284e-02 1.269951047435396302e-02
2.445454545454545381e-01 8.138945970410106298e-03 1.492618059653865424e-02 1.152748723233559640e-02
2.448484848484848431e-01 9.114002784156118031e-03 1.556524070941388803e-02 1.204083026632056519e-02
2.451515151515151480e-01 8.899798567131918248e-03 1.494511590706393972e-02 1.213523067717687219e-02
2.454545454545454530e-01 8.346071742075196476e-03 1.597452573464996917e-02 1.183942258239933758e-02
2.457575757575757580e-01 8.409244682318227707e-03 1.603871013226829470e-02 1.095613130744830382e-02
2.460606060606060630e-01 9.899687613212113796e-03 1.562504207478195017e-02 1.154266884493109629e-02
2.463636363636363680e-01 8.341460936348445154e-03 1.841633848977864557e-02 1.125088988139369764e-02
2.466666666666666730e-01 8.250640025187399099e-03 1.612471161295072133e-02 1.175954462270343247e-02
2.469696969696969779e-01 8.609537016419383654e-03 1.550430300440805431e-02 1.196137567855810012e-02
2.472727272727272829e-01 9.327782427863142226e-03 1.491930382554579326e-02 1.170317060697785051e-02
2.475757575757575879e-01 8.918704248686133707e-03 1.566243778794434993e-02 1.028433622360532852e-02
2.478787878787878651e-01 8.758289773353827856e-03 1.438824447392558770e-02 1.139948244817009376e-02
2.481818181818181701e-01 8.616066418132097005e-03 1.419794026701987413e-02 1.157427771248885351e-02
2.484848484848484751e-01 8.085938993078361711e-03 1.397320619405548192e-02 1.147398272172482289e-02
2.487878787878787801e-01 8.310943722742677661e-03 1.703491107301037186e-02 1.010544795736153904e-02
2.490909090909090851e-01 9.586277908879385634e-03 1.560998329369285044e-02 1.241885820108964804e-02
2.493939393939393900e-01 9.385249798593424050e-03 1.384242642401919271e-02 1.120976642078366087e-02
2.496969696969696950e-01 8.685242751040402748e-03 1.228415547784848273e-02 1.135715220695223716e-02
