# f, Suu, Svv, Sww
0.000000000000000000e+00 1.967910571843294737e-02 4.604138642017912599e-03 2.385376984225315647e-03
3.030303030303030300e-04 8.716744961570062067e-01 1.583800011928803431e-01 7.425587509938152975e-02
6.060606060606060601e-04 7.754271204451808064e-01 1.216366444936731461e-01 7.794718418291110562e-02
9.090909090909090901e-04 6.085385444585869053e-01 1.050737137793253395e-01 7.185777628739221934e-02
1.212121212121212120e-03 6.120100473350252868e-01 1.131249964645510420e-01 5.618408089889535828e-02
1.515151515151515150e-03 6.356141321172121827e-01 1.066223571293662825e-01 7.321763026457178691e-02
1.818181818181818180e-03 6.590383231534687747e-01 9.945927861142553339e-02 7.192625937815382009e-02
2.121212121212121427e-03 7.000594936269652901e-01 1.049096557684565528e-01 7.731191757058468450e-02
2.424242424242424240e-03 7.731911939718340010e-01 1.152989940596431950e-01 6.692558656845636056e-02
2.727272727272727487e-03 6.138184636199088828e-01 1.393286802990646445e-01 7.969715966071172497e-02
3.030303030303030300e-03 7.424705024424597122e-01 1.311015800742045267e-01 6.410473211025702334e-02
3.333333333333333547e-03 6.658630558552816048e-01 1.047066632024696992e-01 6.117300815343364173e-02
3.636363636363636360e-03 5.780838862428427927e-01 9.242896154950279441e-02 5.960422496728982195e-02
3.939393939393939607e-03 5.749385620907717653e-01 9.148586510597241095e-02 6.503974639556402149e-02
4.242424242424242854e-03 5.437536035457929406e-01 1.155037960275938497e-01 6.264058621454926534e-02
4.545454545454545234e-03 6.026806462126559349e-01 9.171829889744621822e-02 7.170443321004203729e-02
4.848484848484848481e-03 6.197524348831985330e-01 1.259564272651413908e-01 6.572441503992296208e-02
5.151515151515151728e-03 7.331360900958815430e-01 1.232478953200192712e-01 7.802496289333719914e-02
5.454545454545454974e-03 7.749010440083758944e-01 1.287690215480200295e-01 7.018037041426011813e-02
5.757575757575757354e-03 5.848924290270306470e-01 1.453379609225123326e-01 5.561009327181980905e-02
6.060606060606060601e-03 5.489498931544833926e-01 1.174566117858935610e-01 6.264147713712119037e-02
6.363636363636363848e-03 6.593742223117405876e-01 1.329202819394322832e-01 7.244140045855348986e-02
6.666666666666667095e-03 5.817067828168158705e-01 1.247378878774283995e-01 7.253927743938899664e-02
6.969696969696969474e-03 5.982175911247044064e-01 1.194203590196228348e-01 6.715363503373755760e-02
7.272727272727272721e-03 6.872426194060827775e-01 1.234033737570325862e-01 8.929089698735928615e-02
7.575757575757575968e-03 7.043624338331918588e-01 1.378710803602087309e-01 6.487768446642679099e-02
7.878787878787879215e-03 5.860146732207254239e-01 1.636017306551577066e-01 7.427303508148724864e-02
8.181818181818182462e-03 4.836338912282202029e-01 1.531426842731769267e-01 7.593541296655212380e-02
8.484848484848485708e-03 6.664500739035256194e-01 1.382892080179234651e-01 7.958889275849018174e-02
8.787878787878787221e-03 6.513677018126090568e-01 1.709225152051459529e-01 7.913486059827067043e-02
9.090909090909090468e-03 5.452004435912972680e-01 1.350104042749200872e-01 7.421656060498189877e-02
9.393939393939393714e-03 6.622864052094304954e-01 1.574319500641657710e-01 8.606610865209723960e-02
9.696969696969696961e-03 6.459956428857274169e-01 1.320539384874288569e-01 7.787530950642100602e-02
1.000000000000000021e-02 5.573392689636025299e-01 1.795721921975660940e-01 8.700976785546761516e-02
1.030303030303030346e-02 6.111142341456643479e-01 1.490823020046988523e-01 8.078504001299909032e-02
1.060606060606060670e-02 6.560973076248335367e-01 1.644979782175621796e-01 7.583005558567294802e-02
1.090909090909090995e-02 4.898930238691421857e-01 1.540211372882102636e-01 7.097402273199610034e-02
1.121212121212121146e-02 6.275940710650192988e-01 1.512863519056337480e-01 7.470232151031371004e-02
1.151515151515151471e-02 4.894052020350685428e-01 1.432928666915041227e-01 6.946490615948226754e-02
1.181818181818181795e-02 5.520058787955998136e-01 1.247531676692501812e-01 7.962445983133366323e-02
1.212121212121212120e-02 6.328435973640806900e-01 1.583370032336307021e-01 9.490356181752374054e-02
1.242424242424242445e-02 5.317774289618202310e-01 1.518341396105868657e-01 8.051432264409756623e-02
1.272727272727272770e-02 6.243924757738829046e-01 1.604772632580968028e-01 8.209263873861562255e-02
1.303030303030303094e-02 7.301984908785129624e-01 1.847890472758308977e-01 8.153234591561402123e-02
1.333333333333333419e-02 4.629734412417161882e-01 1.528403710761752632e-01 7.448697691246441988e-02
1.363636363636363570e-02 5.183365581785378540e-01 1.626788396743240606e-01 7.411128159782429115e-02
1.393939393939393895e-02 5.861967568739525625e-01 1.467716764160263421e-01 8.500419425915198279e-02
1.424242424242424220e-02 4.949315552585131783e-01 1.900312023860784849e-01 7.991278058954659480e-02
1.454545454545454544e-02 5.784911497816349613e-01 1.955133833349810280e-01 7.599915220834324581e-02
1.484848484848484869e-02 5.447364718266961559e-01 1.454016975146599500e-01 7.122110753693788876e-02
1.515151515151515194e-02 4.627630985256736551e-01 1.631301264859827127e-01 8.561415173586466032e-02
1.545454545454545518e-02 5.492292806063650001e-01 1.493544428912839672e-01 8.208035721639167503e-02
1.575757575757575843e-02 6.796199163548704014e-01 1.756034022828141805e-01 9.358507950097623429e-02
1.606060606060605994e-02 5.614799500411296052e-01 1.889861460705831997e-01 8.152590726917158248e-02
1.636363636363636492e-02 4.421866840416470712e-01 1.946239218644802982e-01 6.664274499906043536e-02
1.666666666666666644e-02 5.231604146101886954e-01 1.863806456385644350e-01 6.938373618987123126e-02
1.696969696969697142e-02 4.499498247961761233e-01 1.721897406824110799e-01 8.192856449480918901e-02
1.727272727272727293e-02 5.666999009679040133e-01 1.617748104329720937e-01 9.163299544848396705e-02
1.757575757575757444e-02 4.441228242977894869e-01 1.535481549673067547e-01 7.177017520343340062e-02
1.787878787878787942e-02 5.485771203915902339e-01 1.924019304826536936e-01 9.135557603303536001e-02
1.818181818181818094e-02 5.057186447400532359e-01 1.986461043248030078e-01 8.686716256730139807e-02
1.848484848484848592e-02 4.783876912295007555e-01 1.964115489376400958e-01 7.808760925136810915e-02
1.878787878787878743e-02 5.101633418067069714e-01 1.755223883890811298e-01 8.329704897033891886e-02
1.909090909090909241e-02 4.899798082154409040e-01 1.619105944882074655e-01 7.767360706195201858e-02
1.939393939393939392e-02 4.856239009608732671e-01 1.644566227187492513e-01 8.718670551555907089e-02
1.969696969696969543e-02 5.333236689430761457e-01 1.831620906560554873e-01 7.121174219922685178e-02
2.000000000000000042e-02 5.294623978280266208e-01 2.208520049401637153e-01 7.946631894946554198e-02
2.030303030303030193e-02 4.680671858445695221e-01 1.648064875254235673e-01 7.846585401187887443e-02
2.060606060606060691e-02 4.527426106245271975e-01 2.313897020784102809e-01 7.609191932679704173e-02
2.090909090909090842e-02 5.171117655494419374e-01 1.761936679604786393e-01 8.667835901228664042e-02
2.121212121212121340e-02 4.642974996043923164e-01 1.740375338062728205e-01 8.191705200771746964e-02
2.151515151515151492e-02 4.244465225260530827e-01 1.609125692189299628e-01 8.563567842852902456e-02
2.181818181818181990e-02 4.368585871565191514e-01 1.999825501747316825e-01 8.108826666535368100e-02
2.212121212121212141e-02 4.015298441364938964e-01 2.072662588702989805e-01 7.597846591540263761e-02
2.242424242424242292e-02 5.570521212601372563e-01 1.842220203582623506e-01 7.694941848875418156e-02
2.272727272727272790e-02 3.983213169047458702e-01 1.950929012417053354e-01 8.970128670662072534e-02
2.303030303030302942e-02 5.072532581022612952e-01 1.813627347841514637e-01 9.794551105064712437e-02
2.333333333333333440e-02 4.447212323148217461e-01 1.825444628682471315e-01 9.162020232558938659e-02
2.363636363636363591e-02 4.479884925906860715e-01 1.768499353671736940e-01 8.718416085701484464e-02
2.393939393939394089e-02 4.764818465977824213e-01 1.671877162806982842e-01 9.491813023461133370e-02
2.424242424242424240e-02 5.457003963926203571e-01 2.161799861363666031e-01 9.251340687887026071e-02
2.454545454545454392e-02 4.081563686766054300e-01 2.339953030318697447e-01 9.845596042123157254e-02
2.484848484848484890e-02 4.045710194831642625e-01 2.162299851422960772e-01 7.386511078868208957e-02
2.515151515151515041e-02 4.339777320776675995e-01 1.709160908021034875e-01 9.205817202527814824e-02
2.545454545454545539e-02 4.250738768687735702e-01 2.166946265869138522e-01 9.346398484526062533e-02
2.575757575757575690e-02 4.420931177513960364e-01 2.035438889144265129e-01 7.891915765308395170e-02
2.606060606060606188e-02 4.088461848372532126e-01 1.808456160014792757e-01 8.614999601278049146e-02
2.636363636363636340e-02 5.177637349415518120e-01 2.012599402474366528e-01 8.232707233578316630e-02
2.666666666666666838e-02 4.944230847665479489e-01 2.265864462225555265e-01 8.224919308430499176e-02
2.696969696969696989e-02 4.441297498149239242e-01 2.095641614856907919e-01 8.508231867601122322e-02
2.727272727272727140e-02 3.545520233131349008e-01 2.153959866362571418e-01 8.878175373794575109e-02
2.757575757575757638e-02 4.281467621781298583e-01 1.739036115771353253e-01 9.012958570523108004e-02
2.787878787878787790e-02 3.540415639079052545e-01 1.753301259383627242e-01 8.298189801030231294e-02
2.818181818181818288e-02 3.828409680894941380e-01 1.830877198168258391e-01 9.139930662313251741e-02
2.848484848484848439e-02 3.903754015768310381e-01 1.828011358067407610e-01 9.408777024363718100e-02
2.878787878787878937e-02 3.303800957211356915e-01 1.680356109474413495e-01 8.435423568253615223e-02
2.909090909090909088e-02 3.868942009589543818e-01 1.918696819928868980e-01 8.734496320037193895e-02
2.939393939393939240e-02 3.907354149855173375e-01 2.182143267689027610e-01 9.311071328383721535e-02
2.969696969696969738e-02 3.727789260277727945e-01 2.146936471812774250e-01 1.005679477691583390e-01
2.999999999999999889e-02 3.279321521010526430e-01 1.842992278737167477e-01 8.326319206641823178e-02
3.030303030303030387e-02 4.680020363122221472e-01 1.970767360348501807e-01 9.770290702872615196e-02
3.060606060606060538e-02 3.843321588339245753e-01 1.974675155050194530e-01 8.024581198553709660e-02
3.090909090909091037e-02 4.032753185688809361e-01 2.101683676828479119e-01 9.207593373644626378e-02
3.121212121212121188e-02 4.144752495465754971e-01 1.636491936572119776e-01 9.066530290137941872e-02
3.151515151515151686e-02 3.717748586006492384e-01 1.656077144522729028e-01 9.834185018303889803e-02
3.181818181818181490e-02 3.380560910994683810e-01 2.226922886837404136e-01 8.097487448533163823e-02
3.212121212121211988e-02 4.233933988875485110e-01 2.394867225970628288e-01 9.974338827263866392e-02
3.242424242424242486e-02 3.739854023780222469e-01 1.876632899070729832e-01 8.558974513006400997e-02
3.272727272727272985e-02 3.752114885059464333e-01 1.870063131549118685e-01 9.795394561534290223e-02
3.303030303030302789e-02 4.163802447764351489e-01 2.382947348740395155e-01 1.013803342673742225e-01
3.333333333333333287e-02 4.166245256134774033e-01 2.123214514839469325e-01 1.037218510197591842e-01
3.363636363636363785e-02 4.218539420784594429e-01 2.032777247262708697e-01 9.241743301627738938e-02
3.393939393939394283e-02 3.430214209093650490e-01 2.019336311706200204e-01 8.816123069408011992e-02
3.424242424242424088e-02 2.998252296048022902e-01 1.685453165799147834e-01 8.645418723752958112e-02
3.454545454545454586e-02 2.970091862623223666e-01 2.161302768338659308e-01 9.744191784231778786e-02
3.484848484848485084e-02 3.328021481892152744e-01 2.093588184395988039e-01 9.383068476002409675e-02
3.515151515151514888e-02 3.580529140269516075e-01 1.832076128170293250e-01 9.829577625469911040e-02
3.545454545454545386e-02 2.892372388089511914e-01 1.816153305826221365e-01 8.105871847853086953e-02
3.575757575757575885e-02 2.646389727010270421e-01 1.964226740536494931e-01 9.012424043574576715e-02
3.606060606060606383e-02 3.355853669965251362e-01 1.918641443900629961e-01 8.897541272342353313e-02
3.636363636363636187e-02 3.540903913796792923e-01 2.018760779816936302e-01 9.126963444408540960e-02
3.666666666666666685e-02 3.437787339732195635e-01 1.796122018175391188e-01 8.393311451555290903e-02
3.696969696969697183e-02 2.772402141843829382e-01 2.221433049740852428e-01 8.513667746492570298e-02
3.727272727272726988e-02 2.849166094320481069e-01 1.696081352176027901e-01 8.351939085673612539e-02
3.757575757575757486e-02 3.320241946326253357e-01 1.661778772080220457e-01 8.978810302127199217e-02
3.787878787878787984e-02 2.801900722889476003e-01 2.175335463827007265e-01 9.147454615853539694e-02
3.818181818181818482e-02 2.809925374470424453e-01 1.931686735607730243e-01 9.245184000301816252e-02
3.848484848484848286e-02 2.864016507440378945e-01 1.984377401555066645e-01 8.756165189758746692e-02
3.878787878787878785e-02 2.679891293533557817e-01 2.298494842839068908e-01 9.913647294954913702e-02
3.909090909090909283e-02 3.060661908482459892e-01 2.282730179762142153e-01 8.712301271890841858e-02
3.939393939393939087e-02 3.067249758807422122e-01 2.190015826398746257e-01 8.272565717991220424e-02
3.969696969696969585e-02 2.580794167374189096e-01 1.776137365636763221e-01 7.640555800420473220e-02
4.000000000000000083e-02 3.286735200066756568e-01 1.771332512122586467e-01 8.303483490107256559e-02
4.030303030303030581e-02 3.133142540932666309e-01 2.134446590348943185e-01 8.239484841765219725e-02
4.060606060606060386e-02 2.476262948833979904e-01 1.587367364424506766e-01 8.195143895325079919e-02
4.090909090909090884e-02 2.921703802348463719e-01 1.935936564436527563e-01 8.541954088097933329e-02
4.121212121212121382e-02 2.933167613754906755e-01 2.004914468377518855e-01 7.984322433868469571e-02
4.151515151515151186e-02 2.855758155296494460e-01 1.963563207936006583e-01 8.824910734615698527e-02
4.181818181818181684e-02 2.492303133349484390e-01 1.788435551199309137e-01 7.982986245306403217e-02
4.212121212121212183e-02 2.600019004599768979e-01 2.089554243456755722e-01 8.939163247207468355e-02
4.242424242424242681e-02 2.502429206585819466e-01 2.223757878397600307e-01 9.028154838606999855e-02
4.272727272727272485e-02 2.831957979332122566e-01 2.102868794676025777e-01 8.896692338708860059e-02
4.303030303030302983e-02 2.835730062783628491e-01 1.802393184753083022e-01 8.185787756624021694e-02
4.333333333333333481e-02 2.654404015058537403e-01 1.726084979377947581e-01 7.494801573205560341e-02
4.363636363636363980e-02 2.743545737691270858e-01 1.589653221482292267e-01 8.575458655010063935e-02
4.393939393939393784e-02 2.509519664108993964e-01 1.740773514767396946e-01 8.303090590152609196e-02
4.424242424242424282e-02 2.624666182152713967e-01 1.723749241430444501e-01 8.193458740122677719e-02
4.454545454545454780e-02 2.360253982571096643e-01 2.101336107100104378e-01 7.127852609003713924e-02
4.484848484848484584e-02 2.505367043526545157e-01 1.780890574870851450e-01 9.524639446441532376e-02
4.515151515151515083e-02 2.543143672527959920e-01 1.946336420297704595e-01 9.632394824388992860e-02
4.545454545454545581e-02 2.440072510070029066e-01 1.652403260354188830e-01 9.054670180639214083e-02
4.575757575757576079e-02 2.156801818051247155e-01 1.805021400181564539e-01 9.367074589963350628e-02
4.606060606060605883e-02 2.189180827401975005e-01 1.794358551590591322e-01 9.068008458673827710e-02
4.636363636363636381e-02 2.635534717005754146e-01 1.751467063884316611e-01 8.944866278454505215e-02
4.666666666666666879e-02 2.343986481482396300e-01 1.613154920044775342e-01 9.404329060602195645e-02
4.696969696969696684e-02 2.123601506979340692e-01 1.832388014978343360e-01 9.330467298995165359e-02
4.727272727272727182e-02 2.121680094993313725e-01 1.760668215110163803e-01 8.395185522041546944e-02
4.757575757575757680e-02 2.559320877909928571e-01 1.822667750009130949e-01 9.816478474019468825e-02
4.787878787878788178e-02 2.515691456316007102e-01 1.873939488533064579e-01 9.041975138876073848e-02
4.818181818181817982e-02 1.993123938844747756e-01 1.997485043222695933e-01 7.117929255168092828e-02
4.848484848484848481e-02 2.098073292307964244e-01 2.111893850747053047e-01 9.649418318962155183e-02
4.878787878787878979e-02 2.099713579273020658e-01 1.724343772848258849e-01 8.700814165682974055e-02
4.909090909090908783e-02 2.487600542939589210e-01 1.690020816839264972e-01 8.560536303145760417e-02
4.939393939393939281e-02 2.186138664927845254e-01 1.810075576589280366e-01 9.061675469083305123e-02
4.969696969696969779e-02 2.112065497051217877e-01 1.517597091402538845e-01 8.909432049865681491e-02
5.000000000000000278e-02 2.167249464434860551e-01 1.618264000917150058e-01 8.989544136723814916e-02
5.030303030303030082e-02 2.419047914735731053e-01 1.685055020870813436e-01 9.083457258347513164e-02
5.060606060606060580e-02 2.280736682942489102e-01 1.794373931926673549e-01 8.244826288357946786e-02
5.090909090909091078e-02 2.279708934640908291e-01 1.873311806224661757e-01 7.914484501183410847e-02
5.121212121212120882e-02 2.342641632435792376e-01 1.524418367719401479e-01 9.040916692832687285e-02
5.151515151515151381e-02 2.104441240663582069e-01 1.492477481823174523e-01 7.966261750038926281e-02
5.181818181818181879e-02 1.877311417708417418e-01 1.604492016332764726e-01 7.671888824202904855e-02
5.212121212121212377e-02 2.217959182598069623e-01 1.956604227426698150e-01 8.055344265994400510e-02
5.242424242424242181e-02 2.240777571218912079e-01 1.672667941101960709e-01 9.107575254222274874e-02
5.272727272727272679e-02 1.715816832269507486e-01 1.942094601616308203e-01 7.841429968918495197e-02
5.303030303030303177e-02 1.937323237785421592e-01 1.772821859776642639e-01 8.651262362179784615e-02
5.333333333333333676e-02 2.094128366763085003e-01 1.484194673741974502e-01 9.346419739225593493e-02
5.363636363636363480e-02 1.939383001693129327e-01 1.682683580405553991e-01 8.178740834692316275e-02
5.393939393939393978e-02 2.060690008556466390e-01 1.772908778865872614e-01 7.751115227153403120e-02
5.424242424242424476e-02 1.778287460965940203e-01 1.843341928605488622e-01 8.956058948710422796e-02
5.454545454545454281e-02 1.857496140638782156e-01 1.926422084049626560e-01 7.828288696048663065e-02
5.484848484848484779e-02 2.091673109311197876e-01 1.744776365260040096e-01 6.550072958037803095e-02
5.515151515151515277e-02 2.009209432192841371e-01 1.754191791315306004e-01 7.608049916785873668e-02
5.545454545454545775e-02 1.958690689360383097e-01 1.658357900065545176e-01 9.515386518237763103e-02
5.575757575757575579e-02 2.005018839355890981e-01 1.491923336804116262e-01 1.029033424299836547e-01
5.606060606060606077e-02 2.304456440155219499e-01 1.547475516600684275e-01 8.594180284953455151e-02
5.636363636363636576e-02 2.007389458140947103e-01 1.515542101609858583e-01 9.005904522598430495e-02
5.666666666666666380e-02 1.852557696811870658e-01 1.585171773964413888e-01 7.763272743410820631e-02
5.696969696969696878e-02 1.633143836459755860e-01 1.446821103363015726e-01 9.842297638254883518e-02
5.727272727272727376e-02 1.741570138544089874e-01 1.658508300035936023e-01 9.468485819020572292e-02
5.757575757575757874e-02 1.465115429120268375e-01 1.502956539874688024e-01 7.596969618720052220e-02
5.787878787878787679e-02 1.808253285269575128e-01 1.689138637894316286e-01 8.188123746293414496e-02
5.818181818181818177e-02 1.680348510437457143e-01 1.662455883781198684e-01 7.522419628468271502e-02
5.848484848484848675e-02 1.718105072477786321e-01 1.629349396466562572e-01 7.491650569730232134e-02
5.878787878787878479e-02 2.021261943627738755e-01 1.686288303173696101e-01 8.321901150594546159e-02
5.909090909090908977e-02 1.663554656785945496e-01 1.506177935796643719e-01 6.925299452862773708e-02
5.939393939393939476e-02 1.529912070121296763e-01 1.670703183850232865e-01 9.085548124982306684e-02
5.969696969696969974e-02 1.785634555619706187e-01 1.555716078791269941e-01 8.314684744101286107e-02
5.999999999999999778e-02 1.891207288567605949e-01 1.803702994021061101e-01 7.770634191372202682e-02
6.030303030303030276e-02 1.942105284566933432e-01 1.631387500534656199e-01 8.216978584092549109e-02
6.060606060606060774e-02 1.681984486179922689e-01 1.572406769301646634e-01 8.132717396413728650e-02
6.090909090909090579e-02 1.547810512392535920e-01 1.854566061653698805e-01 8.565656507780812501e-02
6.121212121212121077e-02 1.753598408185307322e-01 1.611044860959615910e-01 9.876426840523613859e-02
6.151515151515151575e-02 1.733317901529841665e-01 1.642809879961200925e-01 7.647343588262783820e-02
6.181818181818182073e-02 1.725957038168843549e-01 1.732130653627401706e-01 8.351312132946442368e-02
6.212121212121211877e-02 1.636997106719288164e-01 1.400461919786883114e-01 8.005502071798151209e-02
6.242424242424242375e-02 1.413053890611472019e-01 1.375289720177685082e-01 7.389385030398924747e-02
6.272727272727272874e-02 1.575294548764372415e-01 1.297487205490041873e-01 8.621652493686365881e-02
6.303030303030303372e-02 1.409037727119678285e-01 1.570543958591043843e-01 7.611837427117656985e-02
6.333333333333333870e-02 1.685637232273984598e-01 1.560522264232237499e-01 7.330833980186096666e-02
6.363636363636362980e-02 1.591118812609255972e-01 1.678194480108784470e-01 8.418134229930661350e-02
6.393939393939393478e-02 1.500550358387015837e-01 1.465619196200450280e-01 8.242369060664202218e-02
6.424242424242423977e-02 1.500136714611378375e-01 1.513700613133820427e-01 8.489676473146741398e-02
6.454545454545454475e-02 1.588084610148675080e-01 1.609554838476657812e-01 7.902078467192540090e-02
6.484848484848484973e-02 1.388587615667390418e-01 1.483260192069421890e-01 7.554257475644150788e-02
6.515151515151515471e-02 1.381016577646158039e-01 1.579952364785139896e-01 6.958111763256877302e-02
6.545454545454545969e-02 1.445498393755955124e-01 1.348145982339222781e-01 7.073257211181456505e-02
6.575757575757575080e-02 1.477543922330593895e-01 1.304474595478415933e-01 7.947506247806762625e-02
6.606060606060605578e-02 1.507656172129881178e-01 1.409142206943096720e-01 6.557195695634547572e-02
6.636363636363636076e-02 1.214764176883950247e-01 1.505628033463027871e-01 7.414780402106110890e-02
6.666666666666666574e-02 1.462751159625682584e-01 1.356680498168185423e-01 8.151305907360698044e-02
6.696969696969697072e-02 1.164810643212366437e-01 1.430197596345107180e-01 7.492916307923375152e-02
6.727272727272727570e-02 1.480165045590697837e-01 1.245481392098484186e-01 7.268536922039540993e-02
6.757575757575758069e-02 1.311332917510516227e-01 1.316007451225550129e-01 7.672671515404283493e-02
6.787878787878788567e-02 1.523522196528908634e-01 1.542006222004795868e-01 8.520013713424827440e-02
6.818181818181817677e-02 1.419113442352540611e-01 1.406087215168012328e-01 7.919513523615079320e-02
6.848484848484848175e-02 1.293535405878931954e-01 1.353263217682340036e-01 7.725684053777447102e-02
6.878787878787878673e-02 1.254628169800256210e-01 1.373143941797738410e-01 7.777938786401891735e-02
6.909090909090909172e-02 1.356571398637141934e-01 1.399441010950420450e-01 7.271306024632055720e-02
6.939393939393939670e-02 1.372316431851753338e-01 1.639055942936101518e-01 7.674768481717862689e-02
6.969696969696970168e-02 1.319969437875882223e-01 1.400437554489968317e-01 6.774042119036464971e-02
7.000000000000000666e-02 1.211940113541195713e-01 1.356719059598645027e-01 7.076895184835825525e-02
7.030303030303029777e-02 1.380075742249921578e-01 1.250258744573117253e-01 7.148354903144106542e-02
7.060606060606060275e-02 1.322764652946741004e-01 1.318446771948939555e-01 7.308521375962268030e-02
7.090909090909090773e-02 1.262112778168567595e-01 1.465263586990483424e-01 6.988217307035084203e-02
7.121212121212121271e-02 1.234697400561229758e-01 1.393707530866130362e-01 6.805793456524006357e-02
7.151515151515151769e-02 1.219762518527426481e-01 1.476817742956388901e-01 5.739512786710617570e-02
7.181818181818182267e-02 1.103599390068964459e-01 1.178436819036858263e-01 6.964943511141519217e-02
7.212121212121212765e-02 1.202865381425590185e-01 1.244901405330372662e-01 8.117768674774941684e-02
7.242424242424241876e-02 9.926161636113131626e-02 1.469069342864298133e-01 6.169025931654301131e-02
7.272727272727272374e-02 1.156769291112692000e-01 1.304359235495347602e-01 6.898247894437342653e-02
7.303030303030302872e-02 1.193111069068961139e-01 1.333773247159193154e-01 6.803043215182819070e-02
7.333333333333333370e-02 1.283852650113247451e-01 1.211716555272816104e-01 8.790046077252737511e-02
7.363636363636363869e-02 1.081875539668674530e-01 1.163983499481939521e-01 6.572959959447989553e-02
7.393939393939394367e-02 1.205235105479350449e-01 1.293090850088484400e-01 7.949434968829588444e-02
7.424242424242424865e-02 1.305202284722697670e-01 1.164139672616825300e-01 7.649584324401614843e-02
7.454545454545453975e-02 1.146010660447286944e-01 1.266685750396317478e-01 7.278974184093502109e-02
7.484848484848484473e-02 1.138091207488217127e-01 1.504312234480588151e-01 6.671606086629161547e-02
7.515151515151514972e-02 1.104691938092913356e-01 1.424899780492037416e-01 7.619451018942952070e-02
7.545454545454545470e-02 1.119151058067474752e-01 1.303093863019063881e-01 6.738323068700592666e-02
7.575757575757575968e-02 1.173710530701628230e-01 1.189746994303787359e-01 6.948680666262575800e-02
7.606060606060606466e-02 1.226294685275649693e-01 1.203382331834212393e-01 7.225502343464536292e-02
7.636363636363636964e-02 1.084485694706258802e-01 1.288878988589378105e-01 7.167347397296754130e-02
7.666666666666666075e-02 9.558860293470161640e-02 1.199481987836185509e-01 6.344311415352837935e-02
7.696969696969696573e-02 8.843047590299761562e-02 1.273712985693458422e-01 6.747302087922106562e-02
7.727272727272727071e-02 1.008825934477182024e-01 1.387503479045175681e-01 7.094111720287467338e-02
7.757575757575757569e-02 1.236631496122592294e-01 1.227788449808343701e-01 7.080446475676761831e-02
7.787878787878788067e-02 1.252922927018814137e-01 1.425830387618757800e-01 6.913898749330066318e-02
7.818181818181818565e-02 9.280438014398359470e-02 1.113125605413311098e-01 7.431265497549188748e-02
7.848484848484849064e-02 1.016573134018228797e-01 1.278784511450677119e-01 6.810240371969343565e-02
7.878787878787878174e-02 9.943034111575158041e-02 1.318893371215063004e-01 5.955797905897949884e-02
7.909090909090908672e-02 1.146658987641711730e-01 1.272249796336429317e-01 6.488290929213094693e-02
7.939393939393939170e-02 9.066414930265073724e-02 1.077965772701516556e-01 7.518080364961016171e-02
7.969696969696969668e-02 1.084741304787873034e-01 1.277814165886027031e-01 7.444906744353496642e-02
8.000000000000000167e-02 9.970084178803208241e-02 1.142396012693350366e-01 6.535561295741164345e-02
8.030303030303030665e-02 9.979709630605626547e-02 1.031520516767383822e-01 6.606234245312506137e-02
8.060606060606061163e-02 9.499968904864777852e-02 1.176206279733573168e-01 6.501394835062618283e-02
8.090909090909090273e-02 8.622298401942833646e-02 1.128626619064103664e-01 6.978650815415698982e-02
8.121212121212120771e-02 8.464393394469066356e-02 1.126240997942351274e-01 8.077482979464231660e-02
8.151515151515151270e-02 9.994872281699057615e-02 1.168731234720961354e-01 6.445956472217923006e-02
8.181818181818181768e-02 1.097640451064813560e-01 1.082036305646644075e-01 6.504280957568422949e-02
8.212121212121212266e-02 1.078343893103034246e-01 1.288213143495793855e-01 6.412265959692980966e-02
8.242424242424242764e-02 7.978893936720631019e-02 1.127959610168873805e-01 5.976684035611271040e-02
8.272727272727273262e-02 9.862933825119116205e-02 1.109175489441637519e-01 7.075065254196000186e-02
8.303030303030302373e-02 8.330454416240351545e-02 1.068754034873093672e-01 5.695590418924766085e-02
8.333333333333332871e-02 8.446738450780727492e-02 1.247840651052324473e-01 6.708882081637131123e-02
8.363636363636363369e-02 9.180982679406111957e-02 1.191309181134068418e-01 6.179652622817811969e-02
8.393939393939393867e-02 1.010576517228463089e-01 1.183477624655087379e-01 6.813296538562126081e-02
8.424242424242424365e-02 8.472942787114848273e-02 1.092423145254699246e-01 7.426845611594638796e-02
8.454545454545454863e-02 8.696193583252938286e-02 1.085254484802389841e-01 6.185686455982600251e-02
8.484848484848485362e-02 8.889289639421978084e-02 1.034795180446921176e-01 8.099781984412285363e-02
8.515151515151514472e-02 7.968584433101782993e-02 1.209939131297112502e-01 5.873010249455019177e-02
8.545454545454544970e-02 7.859397949138281769e-02 1.037985646521353555e-01 6.637426438141393048e-02
8.575757575757575468e-02 8.813545327742616786e-02 8.522679509944265652e-02 6.083106434037778565e-02
8.606060606060605966e-02 8.182827780096382786e-02 9.801724365538050376e-02 6.171251670817875373e-02
8.636363636363636465e-02 8.236811856672562882e-02 9.786907836099423275e-02 6.044557225510199111e-02
8.666666666666666963e-02 8.393713343662860538e-02 1.093807183162392449e-01 6.730117741176827595e-02
8.696969696969697461e-02 7.350127236115990004e-02 1.332064114223558415e-01 6.232170393298309963e-02
8.727272727272727959e-02 7.420216051235245525e-02 1.050630260672902883e-01 6.284674220357572283e-02
8.757575757575757069e-02 7.363815237763825239e-02 9.023917672009713897e-02 5.886727279731970852e-02
8.787878787878787568e-02 9.060744109093088472e-02 1.168146191019092672e-01 5.991913232042579696e-02
8.818181818181818066e-02 8.865772317825904025e-02 1.137182951215126719e-01 6.706706924691091531e-02
8.848484848484848564e-02 7.623644992838446433e-02 9.969328713479497228e-02 5.800835676794088153e-02
8.878787878787879062e-02 7.862430991134292113e-02 1.112499653339746875e-01 5.268352663098681971e-02
8.909090909090909560e-02 8.472758770156969821e-02 1.010536076422153262e-01 6.806812107905199638e-02
8.939393939393940058e-02 8.333911928245148204e-02 1.062605225699485290e-01 6.462187604610913905e-02
8.969696969696969169e-02 7.720842724642479338e-02 1.007274896711829737e-01 5.517961038929504458e-02
8.999999999999999667e-02 7.682811221153566794e-02 1.028423621119473053e-01 6.432738998705998801e-02
9.030303030303030165e-02 8.212332502512384447e-02 9.665677641175651758e-02 6.335212197835897452e-02
9.060606060606060663e-02 7.804728356457628358e-02 1.124604765930431044e-01 6.037921604227272643e-02
9.090909090909091161e-02 8.532242611519577635e-02 8.652471618528760622e-02 5.442983202732315506e-02
9.121212121212121660e-02 9.034842293102827993e-02 1.038992006852921118e-01 5.937271092494557367e-02
9.151515151515152158e-02 8.144058002683587927e-02 1.040420150974111224e-01 6.428866714055730958e-02
9.181818181818181268e-02 7.207622636860366860e-02 9.041930878277298911e-02 5.862125596369444774e-02
9.212121212121211766e-02 7.416206048961757058e-02 9.710539679136913349e-02 5.804996574827422928e-02
9.242424242424242264e-02 7.254841351349211598e-02 1.054891415196790583e-01 5.593635460226684120e-02
9.272727272727272763e-02 8.159157709282639781e-02 9.336578568305778369e-02 6.141822327639365198e-02
9.303030303030303261e-02 6.456990267975587505e-02 9.806778385388220665e-02 6.142538440936062827e-02
9.333333333333333759e-02 7.135174788945376767e-02 1.004101686288592088e-01 5.874006319367835321e-02
9.363636363636364257e-02 7.632254456961740097e-02 8.793031746475786503e-02 6.997943774322676336e-02
9.393939393939393367e-02 7.162414404964821679e-02 8.136092480492657097e-02 5.171586392508535635e-02
9.424242424242423866e-02 7.983666010425216619e-02 9.025960136795288524e-02 5.560970337841542044e-02
9.454545454545454364e-02 6.588605292675125957e-02 1.050726289369218330e-01 5.184149096118460115e-02
9.484848484848484862e-02 7.002637678980763725e-02 9.302377113617024684e-02 5.423854323122384580e-02
9.515151515151515360e-02 6.487788205409618369e-02 9.857813085254735208e-02 5.392126004736173123e-02
9.545454545454545858e-02 6.933879390407678145e-02 8.921919710838988049e-02 4.741718557247712185e-02
9.575757575757576356e-02 6.663091717692964933e-02 8.129886964558155626e-02 5.705669077658104271e-02
9.606060606060605467e-02 6.711170388896416095e-02 9.156794789212857610e-02 5.334365287172279646e-02
9.636363636363635965e-02 7.268598618294570823e-02 9.405255651724563071e-02 5.870816929835222242e-02
9.666666666666666463e-02 7.046691304821484092e-02 1.084993650914981150e-01 5.061549595230059595e-02
9.696969696969696961e-02 6.169057516496342236e-02 8.873172658401025370e-02 4.907623086318108757e-02
9.727272727272727459e-02 7.207631386149199182e-02 1.016850602218311167e-01 5.548186787777104750e-02
9.757575757575757958e-02 6.556587422271951959e-02 7.322540658104090272e-02 4.646694059694386064e-02
9.787878787878788456e-02 7.077550591218767506e-02 8.200728687478564538e-02 5.918283927061259581e-02
9.818181818181817566e-02 6.757352328275190168e-02 8.070430227143668422e-02 4.955020315590217411e-02
9.848484848484848064e-02 6.440333958318916752e-02 8.617603824451947059e-02 5.302141029817795947e-02
9.878787878787878562e-02 7.038550629573546435e-02 7.961715588165636792e-02 6.006228018523351864e-02
9.909090909090909061e-02 6.938987135370364157e-02 8.106744438117764739e-02 5.569041362838241666e-02
9.939393939393939559e-02 5.774248123307881841e-02 8.083519132973700227e-02 4.885653942868697225e-02
9.969696969696970057e-02 7.279959451440819185e-02 9.814140878904420440e-02 5.720009778092793873e-02
1.000000000000000056e-01 6.968758379023715088e-02 8.739320698363112205e-02 5.880863544252820652e-02
1.003030303030302967e-01 6.302421755664983083e-02 8.009879477709958007e-02 5.123378203734027525e-02
1.006060606060606016e-01 6.510927130869859081e-02 7.749401833171881693e-02 4.691083405244400595e-02
1.009090909090909066e-01 5.635907761324795290e-02 8.313710988840350424e-02 5.129070401221477032e-02
1.012121212121212116e-01 6.754330714544383441e-02 8.180771658036803395e-02 5.835503489690167106e-02
1.015151515151515166e-01 6.051150533431437495e-02 9.493651299554220491e-02 4.542225860602068510e-02
1.018181818181818216e-01 5.712471108111574769e-02 8.886866345852875715e-02 5.162615279815964409e-02
1.021212121212121265e-01 5.576634556891703343e-02 9.206252809560719341e-02 5.887344324625614495e-02
1.024242424242424176e-01 6.742816199205108052e-02 7.920523112786602427e-02 5.328056250992100479e-02
1.027272727272727226e-01 5.853938514285243061e-02 8.402104686597203220e-02 4.973750367545606843e-02
1.030303030303030276e-01 5.635823822660893795e-02 8.140982914293405648e-02 5.659451863825604168e-02
1.033333333333333326e-01 5.728913596649022610e-02 7.112312786296343115e-02 6.022171051625423155e-02
1.036363636363636376e-01 5.164859176077108566e-02 8.824263530431916691e-02 4.747748697727294936e-02
1.039393939393939426e-01 5.454863601784407101e-02 9.442215731348173324e-02 5.358235147366074286e-02
1.042424242424242475e-01 5.632517017449714669e-02 9.207513398681756167e-02 4.953578072061567972e-02
1.045454545454545386e-01 6.139096071330277932e-02 7.929951909735281912e-02 4.912299105849229908e-02
1.048484848484848436e-01 5.259952324436406590e-02 8.714067470984694641e-02 5.145311682342366966e-02
1.051515151515151486e-01 5.334758067381009661e-02 9.591190579379486880e-02 5.401511215373164948e-02
1.054545454545454536e-01 5.632851263563701250e-02 8.876488490818625066e-02 5.201270916891979901e-02
1.057575757575757586e-01 6.174909612005615583e-02 8.001519555850152010e-02 5.455545596369457129e-02
1.060606060606060635e-01 5.168471592288768901e-02 8.428875395219691258e-02 4.941391813522878068e-02
1.063636363636363685e-01 5.586928729685082529e-02 7.619872579951114666e-02 4.606003370936800900e-02
1.066666666666666735e-01 5.048660376154693458e-02 7.612467040793254036e-02 5.286545058849481671e-02
1.069696969696969646e-01 5.376467899159238784e-02 7.627688394987677811e-02 4.805719519245002513e-02
1.072727272727272696e-01 5.040022514426995698e-02 7.690618582709557449e-02 5.106204982133935588e-02
1.075757575757575746e-01 5.282516071629730220e-02 8.108713713193102524e-02 5.817697252531242591e-02
1.078787878787878796e-01 4.906241110814606177e-02 8.036208649228394896e-02 5.350027212948353650e-02
1.081818181818181845e-01 5.813268558676649295e-02 7.782004877860343450e-02 4.545818407868426614e-02
1.084848484848484895e-01 5.030130063320062406e-02 7.276136764572818660e-02 4.797416654876323489e-02
1.087878787878787945e-01 5.817905294654805021e-02 7.805163436225276419e-02 5.350017630851348210e-02
1.090909090909090856e-01 5.094361312869963992e-02 7.865385430514329479e-02 5.341642227080179578e-02
1.093939393939393906e-01 5.281867525221065063e-02 6.764543491876889858e-02 4.798559981187783263e-02
1.096969696969696956e-01 5.588362120199447808e-02 8.021505586466437521e-02 4.132611118779928872e-02
1.100000000000000006e-01 5.329563289474894411e-02 7.946227113322527902e-02 5.088229914906208795e-02
1.103030303030303055e-01 5.550695024086721441e-02 7.152137561131682864e-02 4.151970158022678242e-02
1.106060606060606105e-01 5.899618274030916931e-02 7.280761840525105943e-02 4.777959923782110901e-02
1.109090909090909155e-01 4.629497198704576183e-02 7.426820489731487951e-02 4.354434799816273016e-02
1.112121212121212066e-01 5.231839634370030745e-02 7.153734587058360739e-02 4.608003032085017381e-02
1.115151515151515116e-01 5.213091629536564103e-02 6.629444733221714903e-02 5.407863534465986999e-02
1.118181818181818166e-01 4.768288041658735876e-02 7.108752529924902697e-02 4.606876752940877034e-02
1.121212121212121215e-01 5.687487117597292419e-02 7.089249991498984549e-02 4.660134587312270843e-02
1.124242424242424265e-01 5.063726604412344817e-02 6.714877404345766243e-02 4.525905753738073550e-02
1.127272727272727315e-01 4.743027228585210142e-02 6.946719028751173475e-02 4.497029727676830901e-02
1.130303030303030365e-01 5.222560697108032807e-02 6.859014391797207955e-02 4.975219042068962372e-02
1.133333333333333276e-01 5.030788273128662669e-02 7.149611531939931153e-02 4.738656488504486286e-02
1.136363636363636326e-01 5.616336520034079238e-02 6.621208905772714426e-02 4.905717077273871740e-02
1.139393939393939376e-01 5.164610541731309845e-02 7.078362188817041711e-02 5.026320983978238566e-02
1.142424242424242425e-01 4.387261613835925084e-02 6.283904929823337648e-02 4.580622463247021464e-02
1.145454545454545475e-01 5.139458184642307914e-02 7.878197650420194764e-02 5.083182171164520036e-02
1.148484848484848525e-01 4.856055634993773629e-02 6.566037994814702405e-02 4.963922312817731913e-02
1.151515151515151575e-01 4.414592951868329118e-02 6.792169209199570845e-02 4.369079717546203723e-02
1.154545454545454486e-01 5.105414131270720468e-02 7.555537533538402017e-02 4.121571720246955395e-02
1.157575757575757536e-01 4.717298058841754710e-02 6.802005533493125922e-02 4.748251087482332350e-02
1.160606060606060586e-01 4.950243324357446462e-02 7.270555157926347767e-02 4.593006700137503007e-02
1.163636363636363635e-01 4.740296113605951128e-02 6.815959803189405863e-02 4.011380103669008601e-02
1.166666666666666685e-01 4.060245028121368255e-02 6.801321865604424699e-02 4.016406594150699616e-02
1.169696969696969735e-01 4.142842457070010365e-02 7.451880084104198221e-02 4.295469917473259541e-02
1.172727272727272785e-01 4.564648496766241653e-02 6.629773857771742440e-02 4.185291122205367365e-02
1.175757575757575696e-01 4.685727376970228591e-02 6.483753377581776001e-02 4.368160931166195637e-02
1.178787878787878746e-01 4.587334001569746966e-02 6.726009098693398747e-02 4.352432102694304278e-02
1.181818181818181795e-01 4.583143110968113110e-02 6.159388930512511851e-02 3.941377370120734830e-02
1.184848484848484845e-01 4.272013017238587840e-02 6.310640707108439162e-02 4.443063921707692682e-02
1.187878787878787895e-01 4.429324495615295787e-02 6.765747934838906019e-02 4.637055866735969450e-02
1.190909090909090945e-01 4.461452723716659297e-02 7.657645102939085457e-02 4.346538511091564694e-02
1.193939393939393995e-01 4.396699657523323729e-02 7.215500243728398266e-02 4.287626854371076601e-02
1.196969696969696906e-01 4.236718689755213096e-02 6.144691806687144903e-02 4.061687172689457115e-02
1.199999999999999956e-01 3.848132544788444159e-02 5.364645917177746082e-02 4.334292241290255143e-02
1.203030303030303005e-01 3.918805074411679801e-02 6.760517853360514806e-02 4.073347653450488243e-02
1.206060606060606055e-01 4.300456928507153526e-02 5.901796374544185375e-02 5.256923500420817436e-02
1.209090909090909105e-01 4.228890601448383191e-02 5.990236870892721305e-02 4.295320084518858272e-02
1.212121212121212155e-01 4.046254288643996028e-02 5.515728650398023930e-02 4.378117041003586757e-02
1.215151515151515205e-01 4.120936755234096832e-02 7.294040178568818311e-02 4.302992370866141197e-02
1.218181818181818116e-01 4.612224800905026512e-02 6.677619433020959283e-02 4.741395379190813109e-02
1.221212121212121166e-01 4.334977094480330084e-02 6.722572119392040968e-02 4.187903693051006626e-02
1.224242424242424215e-01 4.855439373811162168e-02 6.076105636457407311e-02 4.084183887525497103e-02
1.227272727272727265e-01 4.288395467087700863e-02 6.206375393291584108e-02 3.820474774860489753e-02
1.230303030303030315e-01 4.156376420972407448e-02 6.839407619124762694e-02 4.187387252943255284e-02
1.233333333333333365e-01 3.843812901788393882e-02 6.664498797572815381e-02 4.557417371633928210e-02
1.236363636363636415e-01 3.771540959444666385e-02 6.673175044146922863e-02 4.092117111285555747e-02
1.239393939393939326e-01 3.901889178540458164e-02 6.606849999076912228e-02 3.787086533136924116e-02
1.242424242424242375e-01 3.773998500763460495e-02 5.991495719523490249e-02 4.202305966015305178e-02
1.245454545454545425e-01 3.913189092352621634e-02 6.418831245936834629e-02 4.123318213863895465e-02
1.248484848484848475e-01 3.750811023028238073e-02 5.569738652025694320e-02 3.900200216704511474e-02
1.251515151515151525e-01 4.134891743711256035e-02 6.368316829054893047e-02 3.810267141404147240e-02
1.254545454545454575e-01 4.356600477507093644e-02 6.325176480165621562e-02 4.146737740760043922e-02
1.257575757575757625e-01 4.043681059176670867e-02 5.509607693124726757e-02 3.394906370844971710e-02
1.260606060606060674e-01 3.638593960938010796e-02 5.759986927383724947e-02 3.881811323467719566e-02
1.263636363636363724e-01 3.674122378152067797e-02 5.838448737290423407e-02 4.244246199435817990e-02
1.266666666666666774e-01 3.827126405017519661e-02 5.600568473901764571e-02 4.034836012954862855e-02
1.269696969696969824e-01 4.031084297314749959e-02 6.117838958669907790e-02 3.282239552229071489e-02
1.272727272727272596e-01 4.111039898290150263e-02 5.456626962214806975e-02 3.795617606290601492e-02
1.275757575757575646e-01 3.611818952950660022e-02 5.821806475813876003e-02 4.105153189058513563e-02
1.278787878787878696e-01 3.684195513561924068e-02 6.387235547284210446e-02 3.865550377167571716e-02
1.281818181818181746e-01 3.775100316607908624e-02 6.160799688390133227e-02 4.093840141589823872e-02
1.284848484848484795e-01 3.549080818043835045e-02 5.605941527227657067e-02 4.171318116499037054e-02
1.287878787878787845e-01 3.576886556749739321e-02 5.350630019484714506e-02 4.012076213131235414e-02
1.290909090909090895e-01 3.570833535436888223e-02 5.647285496233316743e-02 4.127598598961966514e-02
1.293939393939393945e-01 3.896535716473934624e-02 5.392433551065816538e-02 4.325199835095164258e-02
1.296969696969696995e-01 3.376797651080196139e-02 5.349597562707199272e-02 4.209349527670585428e-02
1.300000000000000044e-01 3.502262854366378769e-02 5.624639895690486391e-02 3.610602784577519181e-02
1.303030303030303094e-01 3.857215744094655285e-02 5.859254516992135758e-02 4.141284315260756327e-02
1.306060606060606144e-01 3.587590416499585738e-02 5.479418901186074164e-02 3.723548987845282793e-02
1.309090909090909194e-01 3.538982324697945159e-02 5.683000675207182384e-02 3.460324098210235122e-02
1.312121212121212244e-01 3.484869877185146902e-02 5.452000984511089221e-02 3.656472485901238190e-02
1.315151515151515016e-01 3.412713054675031027e-02 5.111586458806831323e-02 3.752478943900081076e-02
1.318181818181818066e-01 3.355616488776183570e-02 5.078669247684788196e-02 3.983838426898923119e-02
1.321212121212121116e-01 3.145599294741763252e-02 4.487140274017038799e-02 3.186489494456901106e-02
1.324242424242424165e-01 3.410924338878365547e-02 4.929021480647841763e-02 3.586303947170400158e-02
1.327272727272727215e-01 3.252755844396237189e-02 5.199262555635575378e-02 3.915109155151851039e-02
1.330303030303030265e-01 3.266529714722511690e-02 5.060263204547080923e-02 3.526723050410759258e-02
1.333333333333333315e-01 3.762782851437794507e-02 5.754384446724225555e-02 3.775608431834077267e-02
1.336363636363636365e-01 3.026333533099687459e-02 5.796219698340900062e-02 3.427972254959557596e-02
1.339393939393939414e-01 3.487851471413913607e-02 5.874877611302802699e-02 3.863868975134489292e-02
1.342424242424242464e-01 3.106287366580893008e-02 4.781972401734062295e-02 3.584007727823025624e-02
1.345454545454545514e-01 3.315184792146187720e-02 5.565045470240770342e-02 3.125811458903464402e-02
1.348484848484848564e-01 3.336587541742809526e-02 5.236466618964791264e-02 3.226138881843881867e-02
1.351515151515151614e-01 3.410819852336763325e-02 5.532017606030555784e-02 4.044830233028993971e-02
1.354545454545454664e-01 3.142934843439237902e-02 5.588970386473035568e-02 3.424109228766637758e-02
1.357575757575757713e-01 3.268018085795189320e-02 4.826954226381599544e-02 3.561437831232385637e-02
1.360606060606060486e-01 3.314784841372986346e-02 4.919675430668142557e-02 3.391645607400885221e-02
1.363636363636363535e-01 3.154152334000726726e-02 5.569216798905921029e-02 3.129429149533415055e-02
1.366666666666666585e-01 2.760611485069922738e-02 5.792028195987272698e-02 3.449778728647126536e-02
1.369696969696969635e-01 3.072381628129719142e-02 5.091017441715593728e-02 3.394668734344426925e-02
1.372727272727272685e-01 2.955063098711704569e-02 5.034356343061795885e-02 3.015415819470245590e-02
1.375757575757575735e-01 3.428398950812756862e-02 5.066042742676894056e-02 3.252290275103891098e-02
1.378787878787878785e-01 3.128393305188819501e-02 5.422152986200758779e-02 3.618359259679400364e-02
1.381818181818181834e-01 2.959675594377043917e-02 4.311919119980824749e-02 3.583300886441437294e-02
1.384848484848484884e-01 2.917415985246452070e-02 5.024616989190845012e-02 3.886907088502967317e-02
1.387878787878787934e-01 3.144720022518059099e-02 4.952610761194343320e-02 3.095533245078349247e-02
1.390909090909090984e-01 2.945449005187259287e-02 5.186745912985527701e-02 3.568865172503455502e-02
1.393939393939394034e-01 2.938439226286627959e-02 4.359900967520283915e-02 3.224312247612558940e-02
1.396969696969697083e-01 3.275391508183633088e-02 4.679093159480707254e-02 3.678895044356710053e-02
1.400000000000000133e-01 3.062793951017737590e-02 4.845604315960391761e-02 3.487761216748853227e-02
1.403030303030302905e-01 3.012337828296195175e-02 4.955626422439866896e-02 3.356276949237735341e-02
1.406060606060605955e-01 3.150483602284533807e-02 4.886563254994062688e-02 2.911922086009688382e-02
1.409090909090909005e-01 3.283896152949095093e-02 5.457115774648958750e-02 3.240258080397714902e-02
1.412121212121212055e-01 2.751083479485180380e-02 4.181497412652598888e-02 3.483246681270085049e-02
1.415151515151515105e-01 2.606299096776625371e-02 4.501580465447791585e-02 3.368029076703159957e-02
1.418181818181818155e-01 2.884648192964400087e-02 5.256901311737952748e-02 3.237151402909694414e-02
1.421212121212121204e-01 2.630897173930006605e-02 4.953637564631155343e-02 3.360840814580601937e-02
1.424242424242424254e-01 2.510693716174266718e-02 4.904752731714483865e-02 3.092004439189019807e-02
1.427272727272727304e-01 2.922889382694678420e-02 4.306536426304756471e-02 3.183958686963617168e-02
1.430303030303030354e-01 2.730051081456318779e-02 4.297961541736537022e-02 3.094450700839434382e-02
1.433333333333333404e-01 2.622516255230202681e-02 4.720496882986369852e-02 3.013302859099174780e-02
1.436363636363636453e-01 2.698227942130154711e-02 4.762414524009088435e-02 3.277097295709921476e-02
1.439393939393939503e-01 2.747853472694519045e-02 4.621447211164434604e-02 3.453329142321833606e-02
1.442424242424242553e-01 2.608581442477227869e-02 4.299170253881883647e-02 2.810706818557176870e-02
1.445454545454545325e-01 2.656926967146036947e-02 4.109397620544147367e-02 3.012091605272698008e-02
1.448484848484848375e-01 2.730548575925693944e-02 4.389990793855096107e-02 3.239767614576327670e-02
1.451515151515151425e-01 2.691181845954466675e-02 4.852529152667525714e-02 2.915277203659732280e-02
1.454545454545454475e-01 2.567317741864212979e-02 4.497820042295986448e-02 2.927866005786082179e-02
1.457575757575757525e-01 2.743356568841245902e-02 4.538465765681640174e-02 3.181167743267886150e-02
1.460606060606060574e-01 2.495042309086839549e-02 4.564639571879972046e-02 3.267914646683267588e-02
1.463636363636363624e-01 2.599219632488217538e-02 4.072769457958284184e-02 2.896915310954887787e-02
1.466666666666666674e-01 2.569024954549203529e-02 4.213050096772141817e-02 2.770289407076685639e-02
1.469696969696969724e-01 2.539836941312175259e-02 4.372155903753613404e-02 3.279201350085050870e-02
1.472727272727272774e-01 2.600131803497032768e-02 4.693413792692872205e-02 3.041623704431441200e-02
1.475757575757575824e-01 2.511038635007761116e-02 4.382215531216605842e-02 2.926917614338241103e-02
1.478787878787878873e-01 2.880355752012845119e-02 4.835645502014011138e-02 3.100513135688097097e-02
1.481818181818181923e-01 2.232579661474278290e-02 4.003086287772807811e-02 3.087060067752240428e-02
1.484848484848484973e-01 2.703657965581129224e-02 4.526193116226555346e-02 3.331608096130982827e-02
1.487878787878787745e-01 2.680155845141969292e-02 4.811938583515031065e-02 3.343577153140340347e-02
1.490909090909090795e-01 2.538060495146778409e-02 4.401118383664201494e-02 2.940505271404015436e-02
1.493939393939393845e-01 2.213244879991943526e-02 4.420362146007065368e-02 3.050503119494468035e-02
1.496969696969696895e-01 2.449516342402187352e-02 3.773433157674348920e-02 2.507205450335295294e-02
1.499999999999999944e-01 2.609369011367557514e-02 4.667847086738659279e-02 2.776333985394999898e-02
1.503030303030302994e-01 2.430834100312845997e-02 4.647075247746246252e-02 2.980215387962051668e-02
1.506060606060606044e-01 2.384337912495765321e-02 3.186236999619413562e-02 2.539858767154224220e-02
1.509090909090909094e-01 2.479825522674616867e-02 3.946577343525542458e-02 2.630783614671095352e-02
1.512121212121212144e-01 2.311694586290126419e-02 4.064799164764672235e-02 2.739636189693369847e-02
1.515151515151515194e-01 2.300184488933761096e-02 4.267726088939391427e-02 2.736305665275823307e-02
1.518181818181818243e-01 2.176456328186577791e-02 4.272714401561661379e-02 2.929568352180265609e-02
1.521212121212121293e-01 2.616632432237696315e-02 3.855710741536886449e-02 2.948993495549307592e-02
1.524242424242424343e-01 2.529952848986178476e-02 3.967843590127496239e-02 2.835301669204298713e-02
1.527272727272727393e-01 2.533100887998677650e-02 4.387733198600887730e-02 2.615864424055590332e-02
1.530303030303030165e-01 2.290206183156972414e-02 3.980512566205531705e-02 3.068937013547796272e-02
1.533333333333333215e-01 2.385726831311920162e-02 3.997467025298840487e-02 2.798973221662692107e-02
1.536363636363636265e-01 2.437844117721335579e-02 4.215338049107407448e-02 2.610823930092331588e-02
1.539393939393939315e-01 2.483535778133510313e-02 3.919899622388911542e-02 2.812287361610942005e-02
1.542424242424242364e-01 2.534422105950022430e-02 3.598884909262647924e-02 2.626011304164705892e-02
1.545454545454545414e-01 2.187060160771810147e-02 4.421523388994653275e-02 2.649192309586288069e-02
1.548484848484848464e-01 2.285751891812121475e-02 4.006420277846856753e-02 2.742598726239953502e-02
1.551515151515151514e-01 2.451846480846154100e-02 3.853959804226622654e-02 2.694846602650921921e-02
1.554545454545454564e-01 2.188152332070357128e-02 4.178023562393523571e-02 2.504289202690163085e-02
1.557575757575757613e-01 2.330518970839728227e-02 3.644396581166964993e-02 2.566879465337363816e-02
1.560606060606060663e-01 2.524845176157265725e-02 3.872849866829466275e-02 2.822625705374266769e-02
1.563636363636363713e-01 2.518801407710224982e-02 4.271108223186634995e-02 2.570487271454135678e-02
1.566666666666666763e-01 2.370672836122520236e-02 3.756374780960512055e-02 2.958002721368511653e-02
1.569696969696969813e-01 2.048242364722557482e-02 4.466912264340164307e-02 2.950148037573081111e-02
1.572727272727272863e-01 2.159973934383337124e-02 3.540515214640546637e-02 2.548510593403989846e-02
1.575757575757575635e-01 2.474351716054007042e-02 4.018015479084324076e-02 2.746230377479309467e-02
1.578787878787878685e-01 2.201559684197481465e-02 3.659844933524394189e-02 2.626351096292579498e-02
1.581818181818181734e-01 2.171757433689180949e-02 3.464304345502313559e-02 2.567352429186009477e-02
1.584848484848484784e-01 2.077110196972346140e-02 3.660830896398734741e-02 2.509180259168296637e-02
1.587878787878787834e-01 2.050146088613229167e-02 3.820614099024834814e-02 2.747095572348496120e-02
1.590909090909090884e-01 2.115533215111840143e-02 3.435655533047415888e-02 2.781171626070538805e-02
1.593939393939393934e-01 1.897415566461630940e-02 3.237108137921691081e-02 2.577639470386897808e-02
1.596969696969696983e-01 1.985763062214277244e-02 3.950917849081414523e-02 2.676437783471445619e-02
1.600000000000000033e-01 1.998860935392112251e-02 3.609284457959481551e-02 2.589199793487594048e-02
1.603030303030303083e-01 2.120284134893198405e-02 3.317817365401461854e-02 2.697183684757371164e-02
1.606060606060606133e-01 2.137519132242656633e-02 3.577534099067512102e-02 2.458890966068836073e-02
1.609090909090909183e-01 2.077402868973871747e-02 3.313206355736350583e-02 2.774104609466085392e-02
1.612121212121212233e-01 1.974806904308073000e-02 3.707599504130820733e-02 2.626847847814652373e-02
1.615151515151515282e-01 2.219844636729057311e-02 3.910151983697141009e-02 2.616110540092776715e-02
1.618181818181818055e-01 1.973934585611411552e-02 3.939318372980335492e-02 2.667688037659445011e-02
1.621212121212121104e-01 2.056581008572203745e-02 3.824566524508832971e-02 2.872530441709232954e-02
1.624242424242424154e-01 2.058303011621339870e-02 3.320492346609620060e-02 2.361359223432305671e-02
1.627272727272727204e-01 2.053897355897868135e-02 3.280357948345628133e-02 2.778835934376054292e-02
1.630303030303030254e-01 2.000646440323285147e-02 2.945118148670904101e-02 2.565407903995716582e-02
1.633333333333333304e-01 1.792304580657395202e-02 3.283374855942497450e-02 2.066294664346278454e-02
1.636363636363636354e-01 1.975048082650800868e-02 3.296935220030812463e-02 2.611760419255242452e-02
1.639393939393939403e-01 1.873491410853769107e-02 3.313959446555615751e-02 2.495004525491623451e-02
1.642424242424242453e-01 2.083452922321696321e-02 3.457103406617261648e-02 2.391912413789958752e-02
1.645454545454545503e-01 2.158473459474353692e-02 3.944759960023695722e-02 2.425953275184089541e-02
1.648484848484848553e-01 1.968017733994972818e-02 3.847473737298370833e-02 2.426987417377858211e-02
1.651515151515151603e-01 1.866385208713637958e-02 3.337791019372961937e-02 2.180718224618820311e-02
1.654545454545454652e-01 1.971401066157235302e-02 3.445630361901579758e-02 2.455320642207494547e-02
1.657575757575757702e-01 1.854725202546859270e-02 3.459527539712618088e-02 2.668519417067863331e-02
1.660606060606060475e-01 1.968512045769716182e-02 3.085460994989556657e-02 2.660890932567742950e-02
1.663636363636363524e-01 2.142956682019737935e-02 3.395051792624310255e-02 2.247529719562115988e-02
1.666666666666666574e-01 2.058368199939649909e-02 3.390914969538218887e-02 2.243557048396960588e-02
1.669696969696969624e-01 1.925685518170681260e-02 3.294168050407613596e-02 2.340108068574751204e-02
1.672727272727272674e-01 1.999672563523517688e-02 3.368097527050083889e-02 2.224592854361131730e-02
1.675757575757575724e-01 2.155789278326102412e-02 3.546990793135848530e-02 2.401181168510697558e-02
1.678787878787878773e-01 2.262529336081775880e-02 3.681414724430179253e-02 2.398976043826965207e-02
1.681818181818181823e-01 1.783529223245854112e-02 3.587284743904748524e-02 2.504248324646977594e-02
1.684848484848484873e-01 1.854431621610327235e-02 3.408737522175071116e-02 2.392175975816607930e-02
1.687878787878787923e-01 1.705736881707364122e-02 3.064662909016969972e-02 2.326646185878794570e-02
1.690909090909090973e-01 1.812180367943277276e-02 3.227662047604031026e-02 2.379033155928647961e-02
1.693939393939394022e-01 1.892802535791488980e-02 3.356117721219356587e-02 2.365405271880214461e-02
1.696969696969697072e-01 1.873453181637237119e-02 3.270810816284488998e-02 2.373530951294024194e-02
1.700000000000000122e-01 1.877791768077118409e-02 3.358077592074323880e-02 2.140813604502680989e-02
1.703030303030302894e-01 2.034691072890353059e-02 3.167007060682115738e-02 2.102193642288156111e-02
1.706060606060605944e-01 1.867173739721603859e-02 3.220338126168602322e-02 2.375743276093212134e-02
1.709090909090908994e-01 1.496255144624583991e-02 3.056639895312374816e-02 2.525810162811670256e-02
1.712121212121212044e-01 1.715640411337082324e-02 3.501672851712781670e-02 2.553160725444842544e-02
1.715151515151515094e-01 1.627364758056486574e-02 3.370707648903117915e-02 2.313808888731324134e-02
1.718181818181818143e-01 1.711465209994410264e-02 2.939451998240578956e-02 1.993506225128763992e-02
1.721212121212121193e-01 1.862790813186381358e-02 3.167383234447127688e-02 2.139426838963219557e-02
1.724242424242424243e-01 2.000751763408636572e-02 3.439562364144824191e-02 2.087450656564580898e-02
1.727272727272727293e-01 1.792877989490963830e-02 3.062156525398546103e-02 2.611952651305815207e-02
1.730303030303030343e-01 1.471320503311334023e-02 3.310831564900133805e-02 2.310293067754505547e-02
1.733333333333333393e-01 1.758351316193003042e-02 3.154553248426550383e-02 2.264334589150739097e-02
1.736363636363636442e-01 1.784754456710055392e-02 3.080221446296320387e-02 2.092686720045750307e-02
1.739393939393939492e-01 1.813673953525775026e-02 2.883304310405510745e-02 2.114864772664257556e-02
1.742424242424242542e-01 1.799900092976823573e-02 2.976667967019399827e-02 2.161942714070742844e-02
1.745454545454545592e-01 1.782594058891589020e-02 3.030987619594843752e-02 2.470994699632162936e-02
1.748484848484848364e-01 1.872584475988701633e-02 2.751434808793895223e-02 2.020964467023230252e-02
1.751515151515151414e-01 1.854758097995211352e-02 2.770038580493862021e-02 2.136465030228667378e-02
1.754545454545454464e-01 1.775211154602404640e-02 3.701712045191858647e-02 2.204330050849746120e-02
1.757575757575757514e-01 1.680855940898744877e-02 3.001188187502171548e-02 2.254130791147641866e-02
1.760606060606060563e-01 1.666266747453277672e-02 3.386199301542283657e-02 2.025055679156871971e-02
1.763636363636363613e-01 1.859366687436705620e-02 3.127088128204864870e-02 2.303585531313976850e-02
1.766666666666666663e-01 1.761741806739285793e-02 3.119295105453000205e-02 2.159198221383375194e-02
1.769696969696969713e-01 1.701995026160571176e-02 3.099279750642367284e-02 2.300863213371319438e-02
1.772727272727272763e-01 1.820893318896658897e-02 3.358746652302587593e-02 2.147670598954411203e-02
1.775757575757575812e-01 1.652957001195709888e-02 2.809265637253685957e-02 2.049970883807649899e-02
1.778787878787878862e-01 1.716159574979090469e-02 2.824394021988184053e-02 2.304040358903728866e-02
1.781818181818181912e-01 1.628390622382315175e-02 3.538315336225197200e-02 2.217913431288229958e-02
1.784848484848484962e-01 1.702137571640259528e-02 2.953676969472630864e-02 2.292604336557468522e-02
1.787878787878788012e-01 1.620955313043671159e-02 2.953427423466759710e-02 2.369980144780973325e-02
1.790909090909090784e-01 1.340297568675590835e-02 2.930082956485669660e-02 2.121031196693292167e-02
1.793939393939393834e-01 1.528312320281569395e-02 2.745220970622196111e-02 2.211491246720491063e-02
1.796969696969696884e-01 1.490685386167189819e-02 2.820847972412337396e-02 2.207661388906706837e-02
1.799999999999999933e-01 1.571970066009872186e-02 3.094533362350353894e-02 2.074124392793670613e-02
1.803030303030302983e-01 1.683102266077977915e-02 2.918704740021929936e-02 2.256946549113629519e-02
1.806060606060606033e-01 1.655223356664934503e-02 2.681503940702253952e-02 2.290495001140994968e-02
1.809090909090909083e-01 1.679960486148786639e-02 2.936296145194055435e-02 2.257979675286721222e-02
1.812121212121212133e-01 1.512615945930595451e-02 2.866520934007400767e-02 1.933569942661531385e-02
1.815151515151515182e-01 1.562075743596193916e-02 2.791415068273580061e-02 2.158900396174943948e-02
1.818181818181818232e-01 1.667253691268895735e-02 2.915763320778594000e-02 2.024284540022785323e-02
1.821212121212121282e-01 1.507353296168944742e-02 2.801272369911463056e-02 2.191843861280279998e-02
1.824242424242424332e-01 1.668270016686744170e-02 2.963597796828459224e-02 2.069829681958253523e-02
1.827272727272727382e-01 1.553530891662377802e-02 2.881027334864477707e-02 1.939091861657550944e-02
1.830303030303030432e-01 1.343804720389317822e-02 2.752015545864226406e-02 1.930752713236354862e-02
1.833333333333333204e-01 1.583464130259763791e-02 2.756516142846185055e-02 1.992665510202523693e-02
1.836363636363636254e-01 1.633208217329193065e-02 2.748720009156210148e-02 1.967726924927186774e-02
1.839393939393939303e-01 1.474829334470710400e-02 2.786751736366692433e-02 2.299019669743085012e-02
1.842424242424242353e-01 1.522822111207464829e-02 2.525499071662151013e-02 1.746325699073540683e-02
1.845454545454545403e-01 1.557106486988544050e-02 2.782097692010169002e-02 2.069688660156174947e-02
1.848484848484848453e-01 1.587483858814682514e-02 2.681470892787654256e-02 2.088248505157116672e-02
1.851515151515151503e-01 1.521683761023948783e-02 2.651096832220163624e-02 1.883241393643181327e-02
1.854545454545454553e-01 1.535552369116398481e-02 2.718781138365657796e-02 2.123361702553160785e-02
1.857575757575757602e-01 1.403611614889986071e-02 2.666425925043804795e-02 1.991083135244711352e-02
1.860606060606060652e-01 1.393799346537242037e-02 2.521154044694780966e-02 1.928294832213187093e-02
1.863636363636363702e-01 1.457026075733152369e-02 2.866062617614060712e-02 2.205819995680287360e-02
1.866666666666666752e-01 1.568007232483938432e-02 3.071621116725296863e-02 1.961353588441066068e-02
1.869696969696969802e-01 1.404737702922189552e-02 2.808442896784993023e-02 1.686443050255294687e-02
1.872727272727272851e-01 1.513122831237264515e-02 2.443604122896662553e-02 1.842063634986946044e-02
1.875757575757575624e-01 1.400386206079006629e-02 2.443262522678701226e-02 1.974242071853536673e-02
1.878787878787878673e-01 1.450596709518668821e-02 2.286209302883970493e-02 1.999374198169085251e-02
1.881818181818181723e-01 1.576613770639937254e-02 2.807356579363153373e-02 2.045534993032918983e-02
1.884848484848484773e-01 1.497452636045820684e-02 2.914889248105085456e-02 1.853395692132689399e-02
1.887878787878787823e-01 1.308412886005132919e-02 2.233945132790417926e-02 2.028409373546700631e-02
1.890909090909090873e-01 1.455527891040992242e-02 2.610224184876194439e-02 2.201330455591295199e-02
1.893939393939393923e-01 1.311766784274258531e-02 2.531726381002757584e-02 1.795032090079196757e-02
1.896969696969696972e-01 1.326706750306540922e-02 2.679974114646699324e-02 1.815776816453179912e-02
1.900000000000000022e-01 1.506547809097273823e-02 2.434002956767871220e-02 1.975742994828659851e-02
1.903030303030303072e-01 1.340294641776362122e-02 2.463177248902907734e-02 1.987640743645249439e-02
1.906060606060606122e-01 1.286903612607395199e-02 2.270908707383338665e-02 1.918564710031332721e-02
1.909090909090909172e-01 1.342193646404000323e-02 2.221149440702425287e-02 1.730378727829682411e-02
1.912121212121212221e-01 1.334030914536747485e-02 2.533940447871062263e-02 1.802890367670583610e-02
1.915151515151515271e-01 1.297488161013076423e-02 2.598871804758229667e-02 1.750906073580018804e-02
1.918181818181818044e-01 1.407518258452383070e-02 2.725122187190770137e-02 1.706393521417594664e-02
1.921212121212121093e-01 1.452367743735127892e-02 2.392237219254107067e-02 1.882181416094426754e-02
1.924242424242424143e-01 1.224606977644362299e-02 2.688647123687725599e-02 1.796831749590042590e-02
1.927272727272727193e-01 1.342045986537556551e-02 2.400147239851653860e-02 1.696519658067298028e-02
1.930303030303030243e-01 1.536255615731067607e-02 2.456097191204800398e-02 1.822352054282520492e-02
1.933333333333333293e-01 1.251723366314195195e-02 2.419351366956011551e-02 1.744947634281650631e-02
1.936363636363636342e-01 1.249872469275923291e-02 2.336830379223580820e-02 1.669703815353740586e-02
1.939393939393939392e-01 1.318252799263376629e-02 2.225044956402937729e-02 2.018918648402062005e-02
1.942424242424242442e-01 1.431345037020765459e-02 2.338981999498863235e-02 1.871992372994247394e-02
1.945454545454545492e-01 1.279145617121888422e-02 2.380866010642299774e-02 1.845689159005144478e-02
1.948484848484848542e-01 1.358810188550401560e-02 2.498277819115232723e-02 1.852780192199322135e-02
1.951515151515151592e-01 1.258676628038558898e-02 2.266263919000177651e-02 1.773293617139050024e-02
1.954545454545454641e-01 1.316912692044307741e-02 2.314365943725733843e-02 1.731163888143977952e-02
1.957575757575757691e-01 1.363403408913070082e-02 2.269022962379894925e-02 1.880392392292307840e-02
1.960606060606060741e-01 1.311157681614051086e-02 2.593876340672220462e-02 1.822246535060470865e-02
1.963636363636363513e-01 1.338293269290122961e-02 2.388359434036066431e-02 2.005521882400322989e-02
1.966666666666666563e-01 1.301546913434120482e-02 2.456241851781506419e-02 1.757399097677967217e-02
1.969696969696969613e-01 1.175389192349615176e-02 2.422664643392834910e-02 1.623014898973803091e-02
1.972727272727272663e-01 1.262364981892263698e-02 2.519784100349624356e-02 1.680348386169896666e-02
1.975757575757575712e-01 1.251432424200381831e-02 2.608867261922158051e-02 1.839623528392335394e-02
1.978787878787878762e-01 1.202734717232399261e-02 2.345780348983676766e-02 1.902869743691350951e-02
1.981818181818181812e-01 1.312814188854825176e-02 2.245822771418009081e-02 1.801378698159784505e-02
1.984848484848484862e-01 1.250452906265765024e-02 2.254247320215093872e-02 1.846269062606036016e-02
1.987878787878787912e-01 1.231843355872035486e-02 2.294720728409362087e-02 1.907557115661173697e-02
1.990909090909090962e-01 1.376291664973026442e-02 2.377506694321777914e-02 1.688384376107310986e-02
1.993939393939394011e-01 1.424888551507324727e-02 2.459863124774618048e-02 1.689137805644171444e-02
1.996969696969697061e-01 1.337569466068484064e-02 2.406504252329526999e-02 1.626952337031345106e-02
2.000000000000000111e-01 1.421542093337545970e-02 2.284201669586942082e-02 1.623303553985085829e-02
2.003030303030303161e-01 1.213897418119001814e-02 2.193242249708445002e-02 1.723550240782460372e-02
2.006060606060605933e-01 1.207946697995980478e-02 2.161914424080327995e-02 1.759454021619766273e-02
2.009090909090908983e-01 1.227834127078385011e-02 2.071807619270606485e-02 1.749337654837888889e-02
2.012121212121212033e-01 1.137070399305662761e-02 2.229728890587705237e-02 1.826577787488396082e-02
2.015151515151515083e-01 1.312586466515824023e-02 2.149547941858781161e-02 1.490049990611006306e-02
2.018181818181818132e-01 1.127795119514001833e-02 1.959935746347461760e-02 1.585529268552959489e-02
2.021212121212121182e-01 1.104697945503556843e-02 2.426352755317150167e-02 1.934944398971579979e-02
2.024242424242424232e-01 1.143624835529226738e-02 2.180299456064129296e-02 1.638366027846675788e-02
2.027272727272727282e-01 1.273817463727393816e-02 2.200623876595789521e-02 1.716942418617536242e-02
2.030303030303030332e-01 1.056854788347269883e-02 1.989510575913865792e-02 1.662877249015611014e-02
2.033333333333333381e-01 1.156251189514105257e-02 2.355076978001800769e-02 1.449952120172350728e-02
2.036363636363636431e-01 1.318858563180730012e-02 2.211418924803279507e-02 1.567185022073374137e-02
2.039393939393939481e-01 1.191556591260051548e-02 2.008558977767083489e-02 1.584740762541684070e-02
2.042424242424242531e-01 9.920788001349784696e-03 2.396928002151739803e-02 1.573236637682167566e-02
2.045454545454545581e-01 1.210626353116857172e-02 2.046209798339236607e-02 1.514307490545688598e-02
2.048484848484848353e-01 1.399958225863845440e-02 2.111403767128144926e-02 1.644808678726569773e-02
2.051515151515151403e-01 1.116406635263854537e-02 2.266174760235660501e-02 1.706769132316802301e-02
2.054545454545454453e-01 1.208526901563192202e-02 2.277449969518354975e-02 1.695291019695579701e-02
2.057575757575757502e-01 1.228357714289881122e-02 2.226411992813578586e-02 1.686281214039474230e-02
2.060606060606060552e-01 1.273700909418010868e-02 2.175768677558590977e-02 1.517136436280443375e-02
2.063636363636363602e-01 1.287948048436519770e-02 2.120877828802306825e-02 1.662674308540616763e-02
2.066666666666666652e-01 1.173535247290565658e-02 1.941280534956668635e-02 1.708609500327407799e-02
2.069696969696969702e-01 1.172366591169843146e-02 2.090672611992256888e-02 1.562814311928367728e-02
2.072727272727272751e-01 1.113336401954205523e-02 2.143948477029474636e-02 1.641367343948206201e-02
2.075757575757575801e-01 1.319235376352503007e-02 2.139496509841703684e-02 1.489195291162488839e-02
2.078787878787878851e-01 1.240377770297265009e-02 2.012629428774095550e-02 1.582617247108706465e-02
2.081818181818181901e-01 1.047400988777840575e-02 2.055610286787168048e-02 1.371933154930041372e-02
2.084848484848484951e-01 1.156680677452453197e-02 1.948578981886217934e-02 1.414911636672146027e-02
2.087878787878788001e-01 1.146759567355427369e-02 1.961634768513981220e-02 1.589193308355005621e-02
2.090909090909090773e-01 1.224968704243445047e-02 1.968227915838309180e-02 1.563718473748621982e-02
2.093939393939393823e-01 1.014048502371634256e-02 2.103961248486547683e-02 1.505542303080032764e-02
2.096969696969696872e-01 1.237271046885944636e-02 2.079270705466562674e-02 1.645862519121096476e-02
2.099999999999999922e-01 1.109856209170803111e-02 1.998587793775124730e-02 1.532281935231794706e-02
2.103030303030302972e-01 1.119632352932444820e-02 2.025525058536577563e-02 1.503794826272999118e-02
2.106060606060606022e-01 1.351687583652816382e-02 2.110955099071871316e-02 1.487784222582313153e-02
2.109090909090909072e-01 1.067507079484750557e-02 2.132145419886425156e-02 1.559885191267888944e-02
2.112121212121212122e-01 1.230787434046196754e-02 2.134588392644995100e-02 1.489792091266772811e-02
2.115151515151515171e-01 1.226522974718025419e-02 2.034786316153346444e-02 1.707320796003919741e-02
2.118181818181818221e-01 1.084816178442230342e-02 2.252860437813708136e-02 1.472612044976412751e-02
2.121212121212121271e-01 1.096003297865612118e-02 2.222887371192987238e-02 1.708113028928852015e-02
2.124242424242424321e-01 1.161957147074958903e-02 2.078456953834170728e-02 1.579407764132807063e-02
2.127272727272727371e-01 1.021415464226640459e-02 1.976835786816126192e-02 1.720119586225699743e-02
2.130303030303030420e-01 1.018493217316092728e-02 1.979167165360314756e-02 1.646829914823873253e-02
2.133333333333333470e-01 1.187748292004314407e-02 1.901723313075705593e-02 1.653239248853427545e-02
2.136363636363636243e-01 1.160447527671810801e-02 2.195400464953200029e-02 1.544760796836774051e-02
2.139393939393939292e-01 1.214330961825969661e-02 1.952735594296816507e-02 1.475782786088266317e-02
2.142424242424242342e-01 1.036828733008668749e-02 2.005926497225256344e-02 1.504393295318237275e-02
2.145454545454545392e-01 1.184253021587763043e-02 2.002643839652127819e-02 1.549887200038865820e-02
2.148484848484848442e-01 1.292912103697981506e-02 2.034732615982436099e-02 1.594046893041808563e-02
2.151515151515151492e-01 1.121482244250568243e-02 1.925971474200514899e-02 1.515055548448925732e-02
2.154545454545454541e-01 1.025474655375092914e-02 2.065313461602916872e-02 1.488724878461647819e-02
2.157575757575757591e-01 1.053088966981790414e-02 1.828436244334544214e-02 1.676067660610325652e-02
2.160606060606060641e-01 1.080324385940197723e-02 1.947694511545966164e-02 1.527543499144944604e-02
2.163636363636363691e-01 1.020389375615860829e-02 1.930185675765656514e-02 1.499977805735274068e-02
2.166666666666666741e-01 1.120942423981717041e-02 1.833330593077600948e-02 1.576886336548034839e-02
2.169696969696969790e-01 1.079178514655907729e-02 1.688613681834592525e-02 1.784283727269612291e-02
2.172727272727272840e-01 1.169642200904469527e-02 1.990946427613047437e-02 1.467346532481045990e-02
2.175757575757575890e-01 1.074677729514233841e-02 2.048479496953708318e-02 1.389932915241325236e-02
2.178787878787878662e-01 1.047902272642299917e-02 1.918006594395398057e-02 1.408723834566012918e-02
2.181818181818181712e-01 9.933711518915316549e-03 1.947642239018034654e-02 1.372966510452491851e-02
2.184848484848484762e-01 1.042381000355873180e-02 2.209075550970374460e-02 1.436115685751745107e-02
2.187878787878787812e-01 1.041729735269630690e-02 1.708911519791292410e-02 1.528651204129139775e-02
2.190909090909090862e-01 1.006030291563689283e-02 1.723118306734348210e-02 1.402033183064228111e-02
2.193939393939393911e-01 1.080966542116874873e-02 1.873847120360551746e-02 1.480873051614028241e-02
2.196969696969696961e-01 1.007985642837229238e-02 1.781049652482787765e-02 1.463248426787955997e-02
2.200000000000000011e-01 1.245826621212684469e-02 1.737474042362621707e-02 1.511785852626195033e-02
2.203030303030303061e-01 1.205206350331643195e-02 2.020407349988662463e-02 1.521285236399766080e-02
2.206060606060606111e-01 1.034296104465758787e-02 2.008883494868082473e-02 1.403421484129746891e-02
2.209090909090909161e-01 9.397066064293189622e-03 1.762329776232710032e-02 1.356716735101904346e-02
2.212121212121212210e-01 9.709282695316139369e-03 1.939290989417484512e-02 1.485208501996113442e-02
2.215151515151515260e-01 1.054746783369160668e-02 2.112392789128640647e-02 1.457706269878971880e-02
2.218181818181818310e-01 9.310332939036245620e-03 1.820079651918483921e-02 1.490918018252325970e-02
2.221212121212121082e-01 9.389779174639751452e-03 1.896044539682810448e-02 1.318285906401305690e-02
2.224242424242424132e-01 9.843370991102919076e-03 1.800472243091516197e-02 1.470897761994397271e-02
2.227272727272727182e-01 9.687830843876629738e-03 1.642491080917555732e-02 1.479143931231615902e-02
2.230303030303030232e-01 9.356484020254777004e-03 1.949569594283947355e-02 1.327017048877544673e-02
2.233333333333333282e-01 9.650366530074276639e-03 2.053777292732798104e-02 1.408528553912270949e-02
2.236363636363636331e-01 1.030333168251927438e-02 1.879075147104935714e-02 1.468047542399388700e-02
2.239393939393939381e-01 9.584068678882791403e-03 2.042203664872217425e-02 1.471134921360926599e-02
2.242424242424242431e-01 9.318707512953664646e-03 1.829514593648928766e-02 1.505085539501612932e-02
2.245454545454545481e-01 9.249534329980895267e-03 1.902602527804699364e-02 1.474338029673015645e-02
2.248484848484848531e-01 9.674681392971729021e-03 1.991750076702253000e-02 1.545186107750282957e-02
2.251515151515151580e-01 1.027909544350386756e-02 1.900111767995936798e-02 1.632586375195963641e-02
2.254545454545454630e-01 9.886821579257203466e-03 1.826309154403120416e-02 1.237767081192443601e-02
2.257575757575757680e-01 8.449986636237886636e-03 1.785840554235311461e-02 1.370098681595679872e-02
2.260606060606060730e-01 9.010708533221674366e-03 1.950615708707316778e-02 1.474184656001482734e-02
2.263636363636363502e-01 1.041453303928002554e-02 1.955672211752835718e-02 1.487789243092358174e-02
2.266666666666666552e-01 1.000092468030438012e-02 1.910071878528276507e-02 1.283503058751137363e-02
2.269696969696969602e-01 9.670817310548680476e-03 1.742366262452859846e-02 1.251859703020572444e-02
2.272727272727272652e-01 9.697779465932131540e-03 2.006484399604236551e-02 1.468327401913867812e-02
2.275757575757575701e-01 8.845578822093391400e-03 1.803649878554085609e-02 1.414942688114584693e-02
2.278787878787878751e-01 9.641639618109676749e-03 1.707003909906867206e-02 1.419732711691675149e-02
2.281818181818181801e-01 9.743624488335742712e-03 1.724312064319893228e-02 1.258328372409488194e-02
2.284848484848484851e-01 9.233207241973857837e-03 1.898320439722623459e-02 1.504218007099636031e-02
2.287878787878787901e-01 9.843299012473126497e-03 1.851453698904268613e-02 1.387993514963497405e-02
2.290909090909090950e-01 9.397664660149950347e-03 1.856355646592532105e-02 1.191156047399894932e-02
2.293939393939394000e-01 8.683632167911785327e-03 1.857798341611820864e-02 1.371852671390107366e-02
2.296969696969697050e-01 9.253722223827124185e-03 1.829476846035550663e-02 1.484227309462696556e-02
2.300000000000000100e-01 8.630988425193985084e-03 1.855905822930578944e-02 1.427145030511442481e-02
2.303030303030303150e-01 9.980553362030141623e-03 1.829357475519460471e-02 1.296506548394222962e-02
2.306060606060605922e-01 9.631477473246181226e-03 1.903521158842384417e-02 1.425303396055601496e-02
2.309090909090908972e-01 9.381609022857045205e-03 1.889494702501251511e-02 1.373859662508740073e-02
2.312121212121212022e-01 1.008630473206422601e-02 1.927067312917845471e-02 1.337756096941139158e-02
2.315151515151515071e-01 1.005809873315956574e-02 1.814022920012822032e-02 1.315286005803205892e-02
2.318181818181818121e-01 9.467680392454663404e-03 1.857047268055406208e-02 1.339279552330436239e-02
2.321212121212121171e-01 9.350902928653214569e-03 1.663658753509343613e-02 1.504339533872356069e-02
2.324242424242424221e-01 9.802286869450413040e-03 1.535363437820240658e-02 1.279115869322142683e-02
2.327272727272727271e-01 1.007268075284219536e-02 1.577975328761469301e-02 1.448322885698390301e-02
2.330303030303030321e-01 9.936519081250738336e-03 1.825558486156637211e-02 1.215129431314257956e-02
2.333333333333333370e-01 8.001631525078697904e-03 1.904278338019300618e-02 1.324667122943833791e-02
2.336363636363636420e-01 8.821863407784640357e-03 1.890872134705010726e-02 1.458835235950221333e-02
2.339393939393939470e-01 1.048847369860256111e-02 1.745782011481926063e-02 1.429992119591062122e-02
2.342424242424242520e-01 9.708850887372427046e-03 1.738466386949664641e-02 1.497527959953547268e-02
2.345454545454545570e-01 9.973885099077137162e-03 1.628070523941258646e-02 1.286397473548736743e-02
2.348484848484848619e-01 9.032985027328318747e-03 1.877312861410653302e-02 1.461745287457141135e-02
2.351515151515151392e-01 8.948612686873233524e-03 1.695211831134630850e-02 1.459257560177328224e-02
2.354545454545454441e-01 9.843598015287016723e-03 1.635033027046650309e-02 1.431709938626671980e-02
2.357575757575757491e-01 9.983745264156688309e-03 1.834621582993574765e-02 1.257548951765054615e-02
2.360606060606060541e-01 9.659324851737895873e-03 1.953758169945887455e-02 1.442557601185558668e-02
2.363636363636363591e-01 9.500656611603956400e-03 1.766089072480366701e-02 1.481557226060534541e-02
2.366666666666666641e-01 9.736612571546683637e-03 1.742201727110035889e-02 1.359414632305871139e-02
2.369696969696969691e-01 9.425476770151788170e-03 1.827427182309564885e-02 1.361761502520178121e-02
2.372727272727272740e-01 8.943655679051655191e-03 1.654447786237936077e-02 1.440184044660493094e-02
2.375757575757575790e-01 8.945746491778103562e-03 1.687033468408111886e-02 1.292154829579880183e-02
2.378787878787878840e-01 9.040587944381128088e-03 1.774199738783305627e-02 1.266639550427371350e-02
2.381818181818181890e-01 8.161624659539672144e-03 1.997587775321884793e-02 1.408864724706600929e-02
2.384848484848484940e-01 8.879061567115867012e-03 1.768239902285733897e-02 1.309342159763212700e-02
2.387878787878787989e-01 9.127288763463060894e-03 1.658204697480057319e-02 1.358303299873771068e-02
2.390909090909091039e-01 8.849262723267605629e-03 1.802879864292766809e-02 1.356508865362927516e-02
2.393939393939393812e-01 9.098747851847673040e-03 1.700674687700460055e-02 1.359438916188313896e-02
2.396969696969696861e-01 1.039971106828559838e-02 1.888622181009047551e-02 1.383556047076771496e-02
2.399999999999999911e-01 9.770240194323884589e-03 1.875393664010210557e-02 1.390636381350328528e-02
2.403030303030302961e-01 9.964403426281786061e-03 1.870015729509965502e-02 1.364585197754338355e-02
2.406060606060606011e-01 9.694088294252570237e-03 1.745911837073445619e-02 1.444182151295506783e-02
2.409090909090909061e-01 9.067520669725770421e-03 1.724049034575339881e-02 1.407042141027028959e-02
2.412121212121212110e-01 9.003643783915960333e-03 1.872826759167385557e-02 1.192645502342505777e-02
2.415151515151515160e-01 9.938558503441200301e-03 1.689779746969660712e-02 1.356913769214791905e-02
2.418181818181818210e-01 8.944846917696570865e-03 1.602306636554528749e-02 1.304165474275384602e-02
2.421212121212121260e-01 8.499414789310462751e-03 1.807767149076529301e-02 1.534917957235899105e-02
2.424242424242424310e-01 9.321803768853859085e-03 1.693867049304363659e-02 1.333696465075005951e-02
2.427272727272727360e-01 7.828926373070161510e-03 1.708779613505668343e-02 1.273177192421663662e-02
2.430303030303030409e-01 9.543614333091379742e-03 1.557257436024252033e-02 1.316949761337136288e-02
2.433333333333333459e-01 8.680989291349279838e-03 1.415476573073516132e-02 1.315514160747186662e-02
2.436363636363636231e-01 8.665908264229443825e-03 1.805140671700075292e-02 1.262361745772856876e-02
2.439393939393939281e-01 9.328761505617034003e-03 1.791147907118737295e-02 1.347253427781395542e-02
2.442424242424242331e-01 1.073107131656243426e-02 1.967150918698814741e-02 1.325199873584904410e-02
2.445454545454545381e-01 9.492701310914447924e-03 1.878860694910489473e-02 1.357082878312559915e-02
2.448484848484848431e-01 9.509683811318621338e-03 1.642386533428159129e-02 1.250119534890423677e-02
2.451515151515151480e-01 9.580736241732706188e-03 1.784009391549478546e-02 1.327185352786767851e-02
2.454545454545454530e-01 8.603166065403998822e-03 1.596005709490404614e-02 1.313231169756772822e-02
2.457575757575757580e-01 8.977109590544816650e-03 1.488293187486964576e-02 1.343339866812526609e-02
2.460606060606060630e-01 9.382915175738946317e-03 1.822536046290191419e-02 1.390758597853177132e-02
2.463636363636363680e-01 9.049259975926270821e-03 1.959074644692487474e-02 1.584643676089024511e-02
2.466666666666666730e-01 8.763098117128234610e-03 1.838649842719560293e-02 1.277390976727664496e-02
2.469696969696969779e-01 9.076621866413671705e-03 1.690944487838317439e-02 1.329343280858801685e-02
2.472727272727272829e-01 9.827668830780790857e-03 2.054621800661774259e-02 1.281023028926577684e-02
2.475757575757575879e-01 9.521509274091252348e-03 1.936797707399402421e-02 1.413038293627260321e-02
2.478787878787878651e-01 9.387492621386283459e-03 1.632802644275950510e-02 1.513692982502734888e-02
2.481818181818181701e-01 8.855420609273301213e-03 1.675785471839814564e-02 1.135963670753518603e-02
2.484848484848484751e-01 8.140101772182788478e-03 1.748184787660461703e-02 1.386748256869398815e-02
2.487878787878787801e-01 1.010437360314296075e-02 1.657543185055670651e-02 1.426822445516251481e-02
2.490909090909090851e-01 8.418010645310107509e-03 1.697707953294273764e-02 1.274944984847754467e-02
2.493939393939393900e-01 9.708337384296271064e-03 1.716299873150843591e-02 1.289678613959531830e-02
2.496969696969696950e-01 8.739067771357847056e-03 1.690213823947519026e-02 1.384961067709739903e-02
