z Tu Tv Tw
0.000000000000000000e+00 1.225986321946493263e-04 2.954538925972201410e-04 7.567443724387890229e-07
6.000000000000000000e+00 6.596009646634570659e-04 8.210856659812122791e-04 -8.936039585327005619e-05
1.200000000000000000e+01 1.264958205047605685e-03 1.430684806023623488e-03 -3.235559991477597011e-04
1.800000000000000000e+01 1.946436380962654825e-03 2.053604173913993122e-03 -5.409251484429950267e-04
2.400000000000000000e+01 2.457467607347712125e-03 2.381254422827055236e-03 -7.350584216999969927e-04
3.000000000000000000e+01 2.919964660288462514e-03 2.504412314855630848e-03 -8.647079174909731020e-04
3.600000000000000000e+01 3.459717543998317487e-03 2.592068048689327633e-03 -9.493571834394099948e-04
4.200000000000000000e+01 3.939731024344462346e-03 2.633938598658312324e-03 -9.821448610701738295e-04
4.800000000000000000e+01 4.224815220938535516e-03 2.561139942729505608e-03 -9.919724899682214134e-04
5.400000000000000000e+01 4.245550860463526664e-03 2.377569920595135663e-03 -9.589134586887112935e-04
6.000000000000000000e+01 4.044300501682323960e-03 2.067446391533417360e-03 -9.156648235333834755e-04
6.600000000000000000e+01 3.685259660297686077e-03 1.690328238640154352e-03 -8.484921281967395265e-04
7.200000000000000000e+01 3.200306507390814677e-03 1.324767595625678468e-03 -7.841447003035678133e-04
7.800000000000000000e+01 2.723762999271036808e-03 1.003552505737013685e-03 -7.089627704644688557e-04
8.400000000000000000e+01 2.295118134582264675e-03 7.187656994389044797e-04 -6.461508156377186729e-04
9.000000000000000000e+01 1.939163902995687814e-03 5.112411064709931072e-04 -5.866064744308939179e-04
9.600000000000000000e+01 1.664288082166933726e-03 3.434782926699085789e-04 -5.371206675310646926e-04
1.020000000000000000e+02 1.463182151378032442e-03 2.262543522573991998e-04 -4.894031898503950788e-04
1.080000000000000000e+02 1.293331891817979269e-03 1.407895193270974356e-04 -4.466027579484623390e-04
1.140000000000000000e+02 1.159980475224335703e-03 8.966178139231715074e-05 -4.057134435239531157e-04
1.200000000000000000e+02 1.044833477599820589e-03 5.781912970065832485e-05 -3.690248501718890206e-04
1.260000000000000000e+02 9.372945764819632687e-04 3.482120358435167865e-05 -3.348841433006153256e-04
1.320000000000000000e+02 8.332377268157528920e-04 1.385773755622494799e-05 -3.038981820274375394e-04
1.380000000000000000e+02 7.394950313086155920e-04 -2.581779404397366273e-06 -2.771875527414809776e-04
1.440000000000000000e+02 6.578320336692968558e-04 -1.815277032378617204e-05 -2.539234137048010224e-04
1.500000000000000000e+02 5.938572326406984158e-04 -3.087808348450380656e-05 -2.332586421597827820e-04
1.560000000000000000e+02 5.400397547716806728e-04 -3.556617744148979669e-05 -2.151579518334058761e-04
1.620000000000000000e+02 4.806479480418374790e-04 -4.157670525249841236e-05 -2.000719706514686414e-04
1.680000000000000000e+02 4.288754023753994955e-04 -4.495669362357830037e-05 -1.853111537371019758e-04
1.740000000000000000e+02 3.854578016331174908e-04 -4.504331386308422000e-05 -1.718203695989026897e-04
1.800000000000000000e+02 3.488492420944567119e-04 -4.505311637066142911e-05 -1.596865566989996179e-04
1.860000000000000000e+02 3.196352100292642966e-04 -4.658617113507261575e-05 -1.486886545689498071e-04
1.920000000000000000e+02 2.939070780030761019e-04 -4.610765629773823246e-05 -1.377619624675548171e-04
1.980000000000000000e+02 2.717214678826621889e-04 -4.836896460554953800e-05 -1.276461901306900589e-04
2.040000000000000000e+02 2.518499342710128828e-04 -5.296161899437947890e-05 -1.182608385687857361e-04
2.100000000000000000e+02 2.337734602815316927e-04 -5.162902977552903726e-05 -1.099016938356762541e-04
2.160000000000000000e+02 2.161520791249017803e-04 -4.929077366407454749e-05 -1.015733325930224975e-04
2.220000000000000000e+02 1.982988898331086638e-04 -4.625602459473157120e-05 -9.402613056202157281e-05
2.280000000000000000e+02 1.796971810157742668e-04 -4.394108443796085334e-05 -8.664916527011201164e-05
2.340000000000000000e+02 1.612573660545535761e-04 -4.099068643786267957e-05 -7.995842445920406795e-05
2.400000000000000000e+02 1.448692859690140649e-04 -3.798261191095662095e-05 -7.336087483037582731e-05
2.460000000000000000e+02 1.319871296167320833e-04 -3.446605166093376891e-05 -6.742311976356565005e-05
2.520000000000000000e+02 1.189847000413806150e-04 -3.298467340780461787e-05 -6.167066156229890426e-05
2.580000000000000000e+02 1.073777945853521444e-04 -3.077995279210199539e-05 -5.681108691216220905e-05
2.640000000000000000e+02 9.684387989497054527e-05 -2.836733783088902765e-05 -5.191242662290914648e-05
2.700000000000000000e+02 8.666767671227261895e-05 -2.493134484433312461e-05 -4.752300468221309861e-05
2.760000000000000000e+02 7.657574933685964318e-05 -2.160617870636087962e-05 -4.316167274717173420e-05
2.820000000000000000e+02 6.720572853207614221e-05 -1.902319638428480111e-05 -3.927410083104637667e-05
2.880000000000000000e+02 5.969660404582555099e-05 -1.741536309451703347e-05 -3.558328949277930493e-05
2.940000000000000000e+02 5.348942023829295121e-05 -1.552488085291088123e-05 -3.212378586056555688e-05
3.000000000000000000e+02 4.832908037718652573e-05 -1.401557942818954017e-05 -2.895150923920915517e-05
3.060000000000000000e+02 4.374901446499279955e-05 -1.285129840518948225e-05 -2.589832698876743804e-05
3.120000000000000000e+02 3.895853004308946576e-05 -1.182779647576808237e-05 -2.313995723373377588e-05
3.180000000000000000e+02 3.453891077222124531e-05 -1.084851356234821635e-05 -2.050824002218987188e-05
3.240000000000000000e+02 3.099537956827589573e-05 -9.512442017546618342e-06 -1.823822205522051507e-05
3.300000000000000000e+02 2.774264750011070814e-05 -8.165048417822618436e-06 -1.595562971790414952e-05
3.360000000000000000e+02 2.477075383009150718e-05 -7.468090637200930125e-06 -1.410019168085087975e-05
3.420000000000000000e+02 2.191510365453268669e-05 -6.642114083342676342e-06 -1.222628247564531481e-05
3.480000000000000000e+02 1.890575130972820247e-05 -6.046253946544766323e-06 -1.075206164605508841e-05
3.540000000000000000e+02 1.608392213245224327e-05 -5.545468563707345449e-06 -9.188009509180861475e-06
3.600000000000000000e+02 1.370102242647135480e-05 -5.067972626909522831e-06 -8.024535608862676367e-06
3.660000000000000000e+02 1.176135333023467012e-05 -4.259756497776834583e-06 -6.740206719483882591e-06
3.720000000000000000e+02 9.960232728519713240e-06 -3.498956345094939068e-06 -5.845533172999861228e-06
3.780000000000000000e+02 8.359911510251549123e-06 -2.861545517748709245e-06 -4.829957391070405000e-06
3.840000000000000000e+02 6.896641172647832844e-06 -2.396919405271091900e-06 -4.148011894413766363e-06
3.900000000000000000e+02 5.673042543480733121e-06 -2.039740596717365349e-06 -3.367213816970415855e-06
3.960000000000000000e+02 4.603276706950509489e-06 -1.720650422248581976e-06 -2.879964697675135770e-06
4.020000000000000000e+02 3.650409818044408730e-06 -1.396793406320284674e-06 -2.298517048609777434e-06
4.080000000000000000e+02 2.825906112786924586e-06 -1.089197736371261243e-06 -1.956419175926271837e-06
4.140000000000000000e+02 2.105489095049506470e-06 -8.542966626805536852e-07 -1.548995085765653170e-06
4.200000000000000000e+02 1.564775294809805838e-06 -5.902375600498999415e-07 -1.321535483617664088e-06
4.260000000000000000e+02 1.060490242991818426e-06 -4.801412680421890739e-07 -1.043134906801168661e-06
4.320000000000000000e+02 7.038769716928072506e-07 -3.022147371666505912e-07 -9.007628005723521993e-07
4.380000000000000000e+02 3.621883375330980709e-07 -3.292845247415243468e-07 -7.212684723501228309e-07
4.440000000000000000e+02 2.220197405904400476e-07 -1.856459928603726484e-07 -6.483948168240382770e-07
4.500000000000000000e+02 4.869045012583228221e-08 -2.680737408354616355e-07 -5.407912544284187925e-07
4.560000000000000000e+02 2.418116970375194842e-08 -1.185625104085374870e-07 -5.273083570007109226e-07
4.620000000000000000e+02 -8.539014193047477923e-08 -2.369145462694177764e-07 -4.677717177105744510e-07
4.680000000000000000e+02 -6.967293434172460657e-08 -4.570711698761442732e-08 -4.991795695995726146e-07
4.740000000000000000e+02 -1.595922072169742132e-07 -2.043199100398851506e-07 -4.731255912714393804e-07
4.800000000000000000e+02 -1.335878228474030024e-07 5.255168199482796146e-08 -5.475760594294332451e-07
4.860000000000000000e+02 -2.046842790946357234e-07 -1.597998780766829473e-07 -5.511955630394638052e-07
4.920000000000000000e+02 -1.549847484056954234e-07 1.307063112449213725e-07 -6.738563365496164095e-07
4.980000000000000000e+02 -1.804111005640152104e-07 -1.621165314872996571e-07 -6.982716804915911597e-07
5.040000000000000000e+02 -1.098020204267413655e-07 1.702636170762161657e-07 -8.999989034983779900e-07
5.100000000000000000e+02 -8.200093527648277386e-08 -1.591941478864100728e-07 -9.340344091573138831e-07
5.160000000000000000e+02 -1.236996198372253350e-07 3.264043091689927857e-07 -1.286342206905244305e-06
5.220000000000000000e+02 -1.318196650800018657e-07 6.932790762448348814e-08 -1.298921075169356901e-06
5.280000000000000000e+02 -1.208443880159393316e-07 3.472564737649008918e-07 -1.999432031413639341e-06
5.340000000000000000e+02 -6.622122319981826862e-07 7.037475981405804772e-07 -1.780514322185755604e-06
5.400000000000000000e+02 2.884722492808578022e-07 -2.804883096018784241e-07 -3.463548860523690993e-06
5.460000000000000000e+02 -2.303728953052086660e-07 7.591833557853533250e-07 -2.319175787182858858e-06
5.520000000000000000e+02 1.738600386283906056e-06 -1.951689910106324571e-06 -5.996517891599828807e-06
5.580000000000000000e+02 8.164934874002938188e-07 1.042616910353899579e-08 -3.526577374928763283e-06
5.640000000000000000e+02 2.363965823167291072e-06 -2.704478687076061848e-06 -9.593216981802465870e-06
5.700000000000000000e+02 -1.667504864713009609e-07 -1.972448305025409456e-06 -5.693824983174411824e-06
5.760000000000000000e+02 -1.728737007113068048e-06 -3.579780149379985229e-06 -1.572240859429962950e-05
5.820000000000000000e+02 -4.526040004395781448e-06 -3.005086372775167647e-06 -7.501446391284382966e-06
5.880000000000000000e+02 -6.754673974126035674e-06 -1.163384786254937337e-05 -2.660431863266770019e-05
5.940000000000000000e+02 -8.614461306399333993e-06 -9.321150109963128105e-06 -7.038817851270362660e-06
6.000000000000000000e+02 -1.183907620127229169e-05 -2.066945276492333645e-05 -4.129752685168996832e-05
6.060000000000000000e+02 -1.080395032420256034e-05 -1.561608040757391739e-05 -4.430791247994481170e-06
6.120000000000000000e+02 -1.157406033837560255e-06 -2.311076342906517419e-05 -5.517253164451432085e-05
6.180000000000000000e+02 -8.443317778323944386e-06 -6.135963354847717394e-06 1.662692339134519455e-06
6.240000000000000000e+02 -4.670233924503009256e-06 -1.502104405940372099e-05 -5.919479008285173199e-05
6.300000000000000000e+02 -8.617407456881664537e-07 1.071869553015858437e-07 3.040344981831944008e-05
6.360000000000000000e+02 3.162951060039631280e-05 -1.527239834300644350e-05 -5.735308588969108208e-05
6.420000000000000000e+02 -3.508829056231661862e-05 7.612573379182094660e-05 3.339348326791405147e-04
6.480000000000000000e+02 -1.204144488725546614e-04 9.257146544974830188e-05 7.575065550059679629e-04
6.540000000000000000e+02 2.460986983782504538e-04 -1.453604115437315248e-04 1.031027714592588776e-03
6.600000000000000000e+02 -3.594600562917093995e-06 1.613559890253668560e-04 5.359134808522840465e-04
6.660000000000000000e+02 2.206237730198040432e-04 -1.057206386525990645e-04 3.939537026375565911e-04
6.720000000000000000e+02 8.160569492332570007e-05 7.068259252486086693e-05 1.040904294564695193e-04
6.780000000000000000e+02 1.182751449682768865e-04 -9.797698083496016554e-05 3.117635674659643584e-04
6.840000000000000000e+02 3.695359777481144518e-05 5.060315623658198398e-05 1.043464699969392015e-04
6.900000000000000000e+02 1.280467202988916180e-04 -6.457398355121313693e-05 2.518801242478436835e-04
6.960000000000000000e+02 6.326981741807458689e-05 2.409693107265411665e-05 1.364067274518717928e-04
7.020000000000000000e+02 1.316403699425563859e-04 -4.227116285383090044e-05 2.027081508082219331e-04
7.080000000000000000e+02 5.539756145687988132e-05 3.169536411104445712e-05 1.426998777977932578e-04
7.140000000000000000e+02 1.469338884610237972e-04 -2.988136736977367101e-05 1.770870551944000288e-04
7.200000000000000000e+02 4.597229249112615396e-05 3.747823322697740634e-05 1.076370529259555557e-04
7.260000000000000000e+02 9.673128742233530085e-05 -3.582337598526237306e-05 1.729690875583379708e-04
7.320000000000000000e+02 8.969603009165893803e-06 5.251377260138951855e-05 1.806257646733906469e-04
7.380000000000000000e+02 1.132088612356824380e-04 -6.715644755241783389e-05 3.492196484633113733e-04
7.440000000000000000e+02 -2.258697257047970095e-07 2.967127261716768889e-05 5.676003041084309560e-04
7.500000000000000000e+02 -2.924491883031578071e-04 2.679416787555623908e-04 7.275303015131582944e-04
7.560000000000000000e+02 -3.747584753584760442e-05 -7.399661400422700671e-05 9.486061595851087496e-04
7.620000000000000000e+02 -6.812908169758885015e-05 3.514469804141526633e-05 1.027518122579069776e-04
7.680000000000000000e+02 -5.085340724032220966e-05 -3.290640037532739426e-05 2.779341741591843332e-04
7.740000000000000000e+02 -3.103292976704778694e-05 4.267459483285165390e-05 -5.080820242183148587e-05
7.800000000000000000e+02 -1.977314094796156624e-05 -5.188411874776192867e-05 1.767673346527049176e-04
7.860000000000000000e+02 -1.781178909184291277e-05 5.433765027072468251e-05 -2.986244407614679924e-05
7.920000000000000000e+02 5.811900126809632237e-06 -4.359672634905109671e-05 1.621007895355302533e-04
7.980000000000000000e+02 -8.796608691056917288e-06 3.829987934713017329e-05 3.390019408797680063e-05
8.040000000000000000e+02 1.037366755708717434e-05 -2.044155158041576124e-05 1.345624001379186929e-04
8.100000000000000000e+02 -3.695070841863526027e-05 2.974470846176018252e-05 1.785529688306341611e-04
8.160000000000000000e+02 2.790732953965289228e-05 -9.827035812759276937e-06 1.073788673711318286e-04
8.220000000000000000e+02 -7.386847087838077999e-05 2.209303242680107522e-05 2.563562332675141473e-04
8.280000000000000000e+02 1.959724559355890894e-07 2.263034386817253159e-05 9.869772268096995143e-05
8.340000000000000000e+02 -5.613196841833314332e-05 -7.452686168596756346e-06 3.063332726223460265e-04
8.400000000000000000e+02 -1.546090345251513906e-05 4.175222215986877823e-05 8.827550657628226920e-05
8.460000000000000000e+02 -3.110021015752409092e-05 -2.584378982184034566e-05 2.924179193655772140e-04
8.520000000000000000e+02 -1.559601592703074954e-06 1.616639312441066017e-05 1.078281311720093828e-04
8.580000000000000000e+02 -8.751844903133587837e-06 -3.772201958770438059e-06 2.688062305770260200e-04
8.640000000000000000e+02 2.074533648365104363e-05 2.200699674631323555e-06 1.277614422526496751e-04
8.700000000000000000e+02 1.286731806294483318e-05 3.944709676875391246e-06 2.161335833804625076e-04
8.760000000000000000e+02 -1.596065443879979268e-05 8.796588651205184626e-06 1.626421929556906294e-04
8.820000000000000000e+02 1.825694048446848753e-05 -1.522187479743024515e-05 1.862679401816216807e-04
8.880000000000000000e+02 -2.033317651768129383e-05 -2.103635910509638227e-06 2.119992158481409162e-04
8.940000000000000000e+02 -8.902285539363674060e-06 -1.106450362391342405e-05 2.165397272895428480e-04
9.000000000000000000e+02 -7.027376543760511051e-06 1.107261867452962118e-05 1.267342477770471809e-04
9.060000000000000000e+02 -2.276602045611753164e-05 1.187040854675842670e-05 2.417044059477953732e-04
9.120000000000000000e+02 1.482143831004805254e-05 1.116026033844264080e-06 1.155199977174872170e-04
9.180000000000000000e+02 -2.451507038448426002e-05 6.496889156119322855e-06 2.239330594710866641e-04
9.240000000000000000e+02 2.169899905467218614e-05 -1.276684571042778753e-05 1.381792878508776752e-04
9.300000000000000000e+02 6.022706866940552243e-06 -7.698964026337762911e-06 1.576443140974419547e-04
9.360000000000000000e+02 -1.741330742081572663e-05 -1.140843138548461861e-05 1.720553533045512831e-04
9.420000000000000000e+02 2.394432277128544093e-05 -7.851700777337101005e-07 1.427277586033462279e-04
9.480000000000000000e+02 -2.874508074986579199e-05 -9.206923550641476665e-06 2.131735930705033928e-04
9.540000000000000000e+02 5.264209148540430986e-05 -4.764297409406026604e-06 1.041760284459130513e-04
9.600000000000000000e+02 -8.657720827500270768e-06 -1.575453363138876718e-05 2.029992972253395137e-04
9.660000000000000000e+02 3.470089496740911113e-05 5.946341223295803669e-06 1.199931054496032471e-04
9.720000000000000000e+02 -3.354553895769641002e-06 7.831298991970925207e-06 2.025170946691645288e-04
9.780000000000000000e+02 2.714945879453125661e-05 -6.113771904165332742e-06 9.368947967605052479e-05
9.840000000000000000e+02 -2.180461599050431852e-05 2.489461912363140003e-05 2.216700056840358534e-04
9.900000000000000000e+02 1.264372205365589236e-05 -1.286447216206170281e-05 6.396186789485427059e-05
9.960000000000000000e+02 -1.292312668994099995e-05 -5.745332131334635246e-06 1.733285442064784834e-04
1.002000000000000000e+03 -1.376962498997045175e-05 2.248807364363756349e-05 7.334564388069657315e-05
1.008000000000000000e+03 4.853677827342152965e-05 -3.127284351945718585e-05 1.950464870084101508e-04
1.014000000000000000e+03 -3.649862244280939390e-05 9.306940186304472592e-05 7.918524295990052482e-05
1.020000000000000000e+03 1.105314603389388186e-04 -3.526272585071410373e-05 1.767523203730320222e-04
1.026000000000000000e+03 -2.449909360013862315e-05 8.986088617731411690e-05 3.020568465383086524e-05
1.032000000000000000e+03 6.865864317578597865e-05 -3.083404027605638517e-05 1.127221347522574304e-04
1.038000000000000000e+03 5.036114360063947797e-05 -8.388498169426839227e-06 -3.204896278469568659e-05
1.044000000000000000e+03 1.932741605460250959e-05 1.804960358917924080e-05 1.207470842642814938e-04
1.050000000000000000e+03 3.935913986553032468e-05 1.792616079026174828e-05 -8.749285722748254240e-05
