# z, uu, uv, uw, vv, vw, ww, tke
0.000000000000000000e+00 1.219307586294905654e+00 7.682166214494979828e-01 -6.999716496948069078e-02 1.181414543256791072e+00 -6.742719724350090815e-02 8.281256603730019483e-02 1.241767347794498377e+00
1.000000000000000000e+01 1.470866825695095859e+00 9.484110535187147972e-01 -1.076522641169228994e-01 1.416400161151529780e+00 -1.022393505856275253e-01 8.680949343371949234e-02 1.487038240140172496e+00
2.000000000000000000e+01 1.346349519631424130e+00 7.761327331823135722e-01 -1.676662874873487974e-01 1.273301239706873700e+00 -1.554355242539841586e-01 1.848045772609226423e-01 1.402227668299610430e+00
3.000000000000000000e+01 1.127044417228872497e+00 5.936385511926771663e-01 -1.715986718638662090e-01 1.062706343971368428e+00 -1.556893270332673496e-01 2.359113589616250450e-01 1.212831060080932888e+00
4.000000000000000000e+01 9.910101331594922680e-01 4.851433968258413998e-01 -1.764796515372889507e-01 9.234161094567995276e-01 -1.564973091948147488e-01 2.580231601796513230e-01 1.086224701397971559e+00
5.000000000000000000e+01 8.885700445002008285e-01 4.043358609401445647e-01 -1.754673801028983349e-01 8.165410069494302148e-01 -1.518847543538003608e-01 2.711486648079504680e-01 9.881298581287907279e-01
6.000000000000000000e+01 8.197754776171192193e-01 3.510759363356907858e-01 -1.746088124219894733e-01 7.455240597542921455e-01 -1.480548474501184597e-01 2.756899908197925630e-01 9.204947640956019361e-01
7.000000000000000000e+01 7.664395991004580022e-01 3.105057069353245325e-01 -1.729677048707850273e-01 6.872487265501241449e-01 -1.431844996267995218e-01 2.774050762056811115e-01 8.655467009281316848e-01
8.000000000000000000e+01 7.262379123685911431e-01 2.808988492326887632e-01 -1.711410455710006551e-01 6.428519160717828251e-01 -1.389843216003422699e-01 2.769943201449958647e-01 8.230420742926848332e-01
9.000000000000000000e+01 6.934250634929013390e-01 2.580016884180578174e-01 -1.690714299512778851e-01 6.070319202041828399e-01 -1.341727763933567574e-01 2.750081490897583469e-01 7.877325663934213740e-01
1.000000000000000000e+02 6.644247570382322277e-01 2.388528546952835840e-01 -1.669716187001401009e-01 5.774396033679392026e-01 -1.300099112997417372e-01 2.726305188401944024e-01 7.572474396231829719e-01
1.100000000000000000e+02 6.405626887203483832e-01 2.235723673268965872e-01 -1.646347089908635486e-01 5.529012173309924005e-01 -1.254135014343873700e-01 2.691119039800655699e-01 7.312879050157031768e-01
1.200000000000000000e+02 6.185553771121780064e-01 2.096477600634590044e-01 -1.622861107904081945e-01 5.312603884048294756e-01 -1.214770809828040476e-01 2.663677728771893793e-01 7.080917691970983752e-01
1.300000000000000000e+02 6.003564795253013564e-01 1.978623304531864358e-01 -1.597548909814102969e-01 5.111450190433409757e-01 -1.170755129085255530e-01 2.627571764916233343e-01 6.871293375301328332e-01
1.400000000000000000e+02 5.833625401055037019e-01 1.871066494816673309e-01 -1.572886457445328845e-01 4.930246204168655111e-01 -1.133242478147220983e-01 2.593743574444670186e-01 6.678807589834181435e-01
1.500000000000000000e+02 5.670369353366156995e-01 1.777111712133447319e-01 -1.545816112733602588e-01 4.772444706015520066e-01 -1.091681563055063447e-01 2.552455118205158024e-01 6.497634588793417265e-01
1.600000000000000000e+02 5.519251479967736129e-01 1.692159107441641441e-01 -1.520534067201439743e-01 4.613992563902550303e-01 -1.056845270462549030e-01 2.515253213089005402e-01 6.324248628479646195e-01
1.700000000000000000e+02 5.372982898000095986e-01 1.607648383205385334e-01 -1.492373039953239222e-01 4.471245614204052976e-01 -1.017459035177522564e-01 2.472802688998707588e-01 6.158515600601428552e-01
1.800000000000000000e+02 5.236962817088643973e-01 1.532013914019432488e-01 -1.466598940334622181e-01 4.327187447914204177e-01 -9.836772378104195746e-02 2.433658987519753680e-01 5.998904626261301054e-01
1.900000000000000000e+02 5.118722538494206997e-01 1.462522969629365677e-01 -1.436217248547913550e-01 4.195355361407565598e-01 -9.463212252379658851e-02 2.386462831944293206e-01 5.850270365923032623e-01
2.000000000000000000e+02 4.997785433451790715e-01 1.397488404424047093e-01 -1.409802688610037880e-01 4.071545063223977468e-01 -9.123195997205478525e-02 2.345748298431373224e-01 5.707539397553570426e-01
2.100000000000000000e+02 4.883399372620100820e-01 1.335464889737769667e-01 -1.379079490076154102e-01 3.948313356978491173e-01 -8.771838869299496133e-02 2.298773001176975805e-01 5.565242865387783899e-01
2.200000000000000000e+02 4.769769254912501477e-01 1.286808327705886990e-01 -1.350432746441994902e-01 3.832852165263661015e-01 -8.445164055528384117e-02 2.252490747186594588e-01 5.427556083681378540e-01
2.300000000000000000e+02 4.664331168074734024e-01 1.239741901464556512e-01 -1.319578129997523164e-01 3.708328036126870009e-01 -8.106064374526372740e-02 2.201772166413507870e-01 5.287215685307555812e-01
2.400000000000000000e+02 4.548122519637429195e-01 1.192377259893563635e-01 -1.290492970928175387e-01 3.595835750892323324e-01 -7.797826953165183650e-02 2.153424574896460331e-01 5.148691422713106425e-01
2.500000000000000000e+02 4.420326906850176596e-01 1.138568409914287038e-01 -1.258761418925203879e-01 3.487455898325877435e-01 -7.478242916473454294e-02 2.103476405553587891e-01 5.005629605364820822e-01
2.600000000000000000e+02 4.295197150096135563e-01 1.094451238411455751e-01 -1.227859762780487696e-01 3.383045546895421252e-01 -7.179864110786257636e-02 2.053802151101924711e-01 4.866022424046740902e-01
2.700000000000000000e+02 4.175011913755530268e-01 1.049724807730217369e-01 -1.196569516497619778e-01 3.282313552271339252e-01 -6.872125234769584090e-02 2.001949134103747363e-01 4.729637300065308581e-01
2.800000000000000000e+02 4.061088567673103999e-01 9.999848149978027290e-02 -1.165147421020674701e-01 3.181027041142316381e-01 -6.591712598866122930e-02 1.951905041663442586e-01 4.597010325239431205e-01
2.900000000000000000e+02 3.935132269039045005e-01 9.556813268893631086e-02 -1.133290183268929191e-01 3.088191298818385722e-01 -6.301178902547019400e-02 1.898890559120915422e-01 4.461107063489173630e-01
3.000000000000000000e+02 3.828160861098574563e-01 9.117774399333175572e-02 -1.101606130448093829e-01 2.998879889961846290e-01 -6.037091990912898942e-02 1.847760218006561650e-01 4.337400484533491252e-01
3.100000000000000000e+02 3.730202323171906698e-01 8.742525682943075305e-02 -1.069439372713227449e-01 2.912245021872117423e-01 -5.758884326743550497e-02 1.792028131614314679e-01 4.217237738329169816e-01
3.200000000000000000e+02 3.632612085816247505e-01 8.413396249293089713e-02 -1.037492456045054495e-01 2.823326821140790255e-01 -5.502607622118926151e-02 1.739232988716834238e-01 4.097585947836935860e-01
3.300000000000000000e+02 3.538169434392918200e-01 8.071950079889733676e-02 -1.005438449784971239e-01 2.728779213797143388e-01 -5.240051354018868124e-02 1.683242650026473830e-01 3.975095649108267848e-01
3.400000000000000000e+02 3.436764749290729393e-01 7.739781179506104170e-02 -9.735884051405876982e-02 2.644846545669480298e-01 -4.992629026532740405e-02 1.628168573741322900e-01 3.854889934350766434e-01
3.500000000000000000e+02 3.341869414507182556e-01 7.393546238953131733e-02 -9.411787574506044751e-02 2.559481800313307964e-01 -4.742187039918617508e-02 1.570970149332031607e-01 3.736160682076261064e-01
3.600000000000000000e+02 3.240657416465195229e-01 7.080903024589026151e-02 -9.090990288255119955e-02 2.474690462802749957e-01 -4.500907973305006554e-02 1.517030239215181597e-01 3.616189059241562975e-01
3.700000000000000000e+02 3.151789050155850425e-01 6.793380068089809043e-02 -8.761572253684300760e-02 2.390575230623408487e-01 -4.263846641048608943e-02 1.462461279870641007e-01 3.502412780324950514e-01
3.800000000000000000e+02 3.063668482448916874e-01 6.554102282413631908e-02 -8.444052006912967923e-02 2.307594891333714371e-01 -4.042354172008894020e-02 1.408156658041570808e-01 3.389710015912100749e-01
3.900000000000000000e+02 2.976216181743854272e-01 6.341792709832008712e-02 -8.120213382263123669e-02 2.229639638667936241e-01 -3.809265588014103948e-02 1.353817353535679002e-01 3.279836586973735035e-01
4.000000000000000000e+02 2.893210612152025685e-01 6.151477975319374902e-02 -7.800705869582738594e-02 2.154968757002022894e-01 -3.602796094078520445e-02 1.299849308418375982e-01 3.174014338786212419e-01
4.100000000000000000e+02 2.806412497592957744e-01 5.867724696710149845e-02 -7.481505174628061416e-02 2.081453499603950485e-01 -3.383863348085724282e-02 1.247465442962776283e-01 3.067665720079842395e-01
4.200000000000000000e+02 2.718537556394957644e-01 5.623852381247171350e-02 -7.167518472303897881e-02 2.014267856103054699e-01 -3.182501737426901567e-02 1.194362125624853638e-01 2.963583769061433060e-01
4.300000000000000000e+02 2.636451691678181608e-01 5.377204179845150589e-02 -6.842996262173950406e-02 1.938443514932275680e-01 -2.970894476790372080e-02 1.140916145962563577e-01 2.857905676286510710e-01
4.400000000000000000e+02 2.566636899268257554e-01 5.132381295369152496e-02 -6.528832015985933102e-02 1.861725912283930806e-01 -2.777103074609354322e-02 1.087200096864974902e-01 2.757781454208581562e-01
4.500000000000000000e+02 2.496163206806943369e-01 4.861628913013870540e-02 -6.212033697851082614e-02 1.785881276558340114e-01 -2.586811240183832170e-02 1.033197281785235844e-01 2.657620882575260080e-01
4.600000000000000000e+02 2.422577261258292702e-01 4.586490571818011702e-02 -5.894619484269875143e-02 1.714331450277411240e-01 -2.398005287340480851e-02 9.788541963635097320e-02 2.557881453949606976e-01
4.700000000000000000e+02 2.351689819384518154e-01 4.320704729504636771e-02 -5.582764138638722506e-02 1.647468112613223734e-01 -2.218226239555556173e-02 9.253807328359354989e-02 2.462269332416838763e-01
4.800000000000000000e+02 2.283090403401458468e-01 4.055081077930540456e-02 -5.267492169116105849e-02 1.581572408700866184e-01 -2.043583190426593796e-02 8.733045802477501507e-02 2.368983696175037401e-01
4.900000000000000000e+02 2.221865444621346775e-01 3.842536331817966028e-02 -4.958821601728528872e-02 1.517208362512199871e-01 -1.875383562453540945e-02 8.212921002539688708e-02 2.280182953693757897e-01
5.000000000000000000e+02 2.162466620873894074e-01 3.641483479115892319e-02 -4.649589792014438561e-02 1.456298998891368268e-01 -1.705408648328935947e-02 7.691871231873062542e-02 2.193976371476284437e-01
5.100000000000000000e+02 2.101714965259566803e-01 3.419715044110659130e-02 -4.346103234535667742e-02 1.387321525871973438e-01 -1.545711141017152082e-02 7.170695382951891572e-02 2.103053014713364699e-01
5.200000000000000000e+02 2.042395895626702984e-01 3.186932833509494023e-02 -4.044081428570513864e-02 1.319640726468584990e-01 -1.389063553965576465e-02 6.653329603286615990e-02 2.013684791211974856e-01
5.300000000000000000e+02 1.977020755015161391e-01 2.942709636951966468e-02 -3.741895402353901529e-02 1.258141446580720302e-01 -1.239420441021301181e-02 6.135665857027116504e-02 1.924364393649296567e-01
5.400000000000000000e+02 1.918505889970260336e-01 2.770006990754570950e-02 -3.444315688169377609e-02 1.200683141470978432e-01 -1.097411896317308788e-02 5.622511602434835526e-02 1.840720095842361126e-01
5.500000000000000000e+02 1.856693666816363608e-01 2.535850370310969992e-02 -3.153660184960026258e-02 1.140246426057369283e-01 -9.609515588774271422e-03 5.126938127945498969e-02 1.754816952834141186e-01
5.600000000000000000e+02 1.802902147670376598e-01 2.302181287093409828e-02 -2.860574669877000153e-02 1.080269599845956469e-01 -8.346697064471367625e-03 4.642587616931066058e-02 1.673715254604719871e-01
5.700000000000000000e+02 1.757415438566275467e-01 2.085599036820432947e-02 -2.574874145814252946e-02 1.019353334189696675e-01 -7.107236186773238651e-03 4.192160382729284707e-02 1.597992405514450098e-01
5.800000000000000000e+02 1.724447219869984227e-01 1.839363291796351427e-02 -2.297029722061972104e-02 9.623708671919273261e-02 -5.972954996099297600e-03 3.772979805741386028e-02 1.532058033818025078e-01
5.900000000000000000e+02 1.691613136370482273e-01 1.594142394519481101e-02 -2.023308853040412317e-02 9.004845501440268685e-02 -4.914468563919411129e-03 3.390961515648541202e-02 1.465596919039681700e-01
6.000000000000000000e+02 1.667819716313644340e-01 1.221677468457544290e-02 -1.755300081510634963e-02 8.332553825739691389e-02 -3.906690909176579497e-03 3.066892741345290593e-02 1.403882186511071217e-01
6.100000000000000000e+02 1.669901202372470750e-01 8.128687753458612233e-03 -1.496349312406403641e-02 7.593601662751206516e-02 -2.946703234816576509e-03 2.814906342653709578e-02 1.355376001456481128e-01
6.200000000000000000e+02 1.707218500811215900e-01 3.313426998787930792e-03 -1.240676825311767817e-02 6.803498793799989119e-02 -2.089663404578207158e-03 2.677487321332113618e-02 1.327658556162213122e-01
6.300000000000000000e+02 1.821532982124422495e-01 -3.027135074426483448e-03 -1.001967414525348904e-02 5.916740518897270484e-02 -1.327152070014169872e-03 2.687810889257504637e-02 1.340994061469950038e-01
6.400000000000000000e+02 2.041249223987551265e-01 -1.317853856498989520e-02 -7.791160009494488628e-03 5.018548918386583207e-02 -7.436065045408821184e-04 2.936706439615880543e-02 1.418387379893898959e-01
6.500000000000000000e+02 2.392463459695929606e-01 -2.824382357255191683e-02 -5.875508872030654924e-03 4.237592980792582315e-02 -3.699294785505189429e-04 3.522727634307833144e-02 1.584247760602985611e-01
6.600000000000000000e+02 2.711101217377657191e-01 -4.730073299463840447e-02 -3.940649700888345687e-03 3.792723398417346264e-02 -2.354970678640477268e-04 4.553122547068387538e-02 1.772842905963115390e-01
6.700000000000000000e+02 2.459590169486863820e-01 -5.653105717317299939e-02 -2.597469362804724884e-03 3.583532114844196342e-02 -2.679452905786944717e-04 5.917459628610504535e-02 1.704844671916166954e-01
6.800000000000000000e+02 1.645763996020536135e-01 -4.579630871326046543e-02 -1.928427605352588938e-03 3.210976122698550733e-02 -1.908364680470630485e-04 7.244021553088850207e-02 1.345631881799638219e-01
6.900000000000000000e+02 8.242104197926898579e-02 -2.597432668532209318e-02 -1.092933308442626400e-03 2.679949429636794070e-02 -1.959269494569185709e-04 8.162558814530909701e-02 9.542306221047300308e-02
7.000000000000000000e+02 3.328491601394589772e-02 -9.596794484110783216e-03 -4.674300210748135137e-04 2.211418590273134949e-02 -2.041959157993292532e-04 8.529866181205891795e-02 7.034888186436807911e-02
7.100000000000000000e+02 1.623232784103731050e-02 -3.922196845684055634e-04 -3.153644038514246848e-04 1.853730861814889899e-02 -1.261006834563995231e-04 8.372125353856262053e-02 5.924544499887441501e-02
7.200000000000000000e+02 1.886019951739368108e-02 2.477423511778964558e-03 -2.225894356369283655e-04 1.584862872149592553e-02 -3.607289530185980582e-05 7.810415287552750774e-02 5.640649055720856064e-02
7.300000000000000000e+02 2.778408438173683367e-02 1.894221886752103573e-03 -1.424363683795642826e-04 1.372290815216539901e-02 3.287036080971735816e-05 7.010898847801039224e-02 5.580799050595631333e-02
7.400000000000000000e+02 3.476576675444106174e-02 5.702766811735159079e-04 -6.740272687399936132e-05 1.195076482459638510e-02 7.789527924203598717e-05 6.126522157642914218e-02 5.399087657773329885e-02
7.500000000000000000e+02 3.737668337573286231e-02 -1.957284783163700664e-04 -3.821413960727801227e-05 1.049491397924533394e-02 1.026095139622495566e-04 5.258770942884780086e-02 5.022965339191300116e-02
7.600000000000000000e+02 3.649002967219235061e-02 -2.752969077079981904e-04 -2.251009705277516872e-05 9.333348442055444324e-03 1.089501212205942640e-04 4.470169924604951162e-02 4.526253868014865067e-02
7.700000000000000000e+02 3.384515821806647479e-02 -1.483512853896229511e-05 -1.966046195216968791e-05 8.371158610420662005e-03 1.010066045628947427e-04 3.778226227094058642e-02 3.999928954971386508e-02
7.800000000000000000e+02 3.081575280084556528e-02 2.588947316830498874e-04 -1.393814889351756913e-05 7.506504716779032610e-03 8.774737629436574215e-05 3.189240293081721522e-02 3.510733022422090482e-02
7.900000000000000000e+02 2.805794755610084915e-02 4.005235370002992764e-04 -1.243041543482819695e-05 6.685353892157586304e-03 7.626137532182717283e-05 2.686586597193378265e-02 3.080458371009611035e-02
8.000000000000000000e+02 2.569238725662272710e-02 4.117912065493385611e-04 -8.299916492757837880e-06 5.919001902395489186e-03 6.575183322540807771e-05 2.264030395390953868e-02 2.712584655646387705e-02
8.100000000000000000e+02 2.358317248194549340e-02 3.581469518263034261e-04 -8.165854676487935390e-06 5.233398170266450461e-03 5.919178089959834486e-05 1.902347966337115601e-02 2.392002515779154820e-02
8.200000000000000000e+02 2.160409376890945476e-02 3.048440609658840039e-04 -6.568960929303287091e-06 4.651396206742670209e-03 5.180929541095002000e-05 1.599324868978838077e-02 2.112436933272025114e-02
8.300000000000000000e+02 1.972791210277822366e-02 2.841680516754522276e-04 -6.587851096473502970e-06 4.168538916377371832e-03 4.639047860591648980e-05 1.338973124033249543e-02 1.864309112974404589e-02
8.400000000000000000e+02 1.801956107134760829e-02 2.952543757157599386e-04 -5.771373631740839665e-06 3.774681942068238739e-03 4.044922768323252273e-05 1.122243919755921276e-02 1.650834110548753120e-02
8.500000000000000000e+02 1.654318584934452718e-02 3.200055470806134465e-04 -5.744556371392041836e-06 3.449176536759311889e-03 3.599934708502314245e-05 9.344548289161458063e-03 1.466845533763264792e-02
8.600000000000000000e+02 1.532302733263224415e-02 3.425904246289064570e-04 -4.891314471265968930e-06 3.181676423536630716e-03 3.166078360228718883e-05 7.784649899443030728e-03 1.314467682780595323e-02
8.700000000000000000e+02 1.432406267121547234e-02 3.567637592541160799e-04 -4.484359782694891230e-06 2.959630536334003671e-03 2.851111251830267744e-05 6.411148857637270423e-03 1.184742103259337279e-02
8.800000000000000000e+02 1.349783358677219929e-02 3.652793789940290145e-04 -4.733000845541841720e-06 2.778775512413214546e-03 2.529329775110176904e-05 5.274522809199282472e-03 1.077556595419234750e-02
8.900000000000000000e+02 1.279698030866216474e-02 3.719522322942268150e-04 -2.823214252726083371e-06 2.629434328552700609e-03 2.287154272292275353e-05 4.259465939548214009e-03 9.842940288381538810e-03
9.000000000000000000e+02 1.219283630532690642e-02 3.744743225174204508e-04 -5.374511284205503555e-06 2.508836451238837927e-03 1.985682251772904425e-05 3.430574031252596901e-03 9.066123393909171491e-03
9.100000000000000000e+02 1.168708932046569338e-02 3.902290421136853896e-04 -7.699716034504804408e-07 2.413415912775136209e-03 1.813727854352381678e-05 2.683489410501733573e-03 8.391997321871281362e-03
9.200000000000000000e+02 1.123050706141931476e-02 3.791079016460159341e-04 -6.939269364826450081e-06 2.335058775918201750e-03 1.458198602814680355e-05 2.086723346942177208e-03 7.826144592139847728e-03
9.300000000000000000e+02 1.090852862603142008e-02 4.044508963869958718e-04 1.879546732811754948e-06 2.275375102381123164e-03 1.391698657802799627e-05 1.548243742989217605e-03 7.366073735700880316e-03
9.400000000000000000e+02 1.056746035581058660e-02 3.926340442854836955e-04 -8.383881163165692204e-06 2.235930384814482051e-03 1.065591827921040959e-05 1.131499230484475692e-03 6.967444985554772929e-03
9.500000000000000000e+02 1.032990006524451589e-02 3.967657062755335952e-04 4.789306267932254633e-06 2.189711025798493551e-03 9.843201282061099280e-06 7.621372603825720283e-04 6.640874175712791275e-03
9.600000000000000000e+02 1.018522083323889632e-02 4.109096336133433169e-04 -9.884666458351097353e-06 2.182832401686889048e-03 7.348063210581800839e-06 4.934024694024419276e-04 6.430727852164114244e-03
9.700000000000000000e+02 9.954555335443822373e-03 3.953878131908083928e-04 9.231665094713908872e-06 2.151563668748283746e-03 5.986171120460468942e-06 2.663655301696948364e-04 6.186242267180901318e-03
9.800000000000000000e+02 9.962252580396634832e-03 4.121085541298626065e-04 -1.392195243470319903e-05 2.168510921558001146e-03 3.735541184977877896e-06 1.250722591236197489e-04 6.127917880539128677e-03
9.900000000000000000e+02 9.797201468959428755e-03 3.975118483832701800e-04 1.596606627962124242e-05 2.151203779655475132e-03 2.099863628961097993e-06 2.848412631057973952e-05 5.988444687462742000e-03
1.000000000000000000e+03 9.907672397211197274e-03 4.087105533143386375e-04 -1.987597055848311887e-05 2.170367837921821641e-03 -5.115009321735656009e-08 1.162796661432367512e-06 6.039601515897225457e-03
