 z u v w u_mag
0.000000000000000000e+00 3.996253798001796476e+00 4.186258756834039474e+00 -8.612504937426245996e-03 5.787476217873793516e+00
6.000000000000000000e+00 5.238848716945335049e+00 5.430050652884460760e+00 6.852424107262571409e-03 7.545265596892324567e+00
1.200000000000000000e+01 6.156237423018411370e+00 6.290558515278987350e+00 -5.406109455024908465e-03 8.801727947894139703e+00
1.800000000000000000e+01 6.886450520523092145e+00 6.924227478630417210e+00 4.206390636317720692e-03 9.765661505558929534e+00
2.400000000000000000e+01 7.440836905590628270e+00 7.362643631645378051e+00 -3.377188008697512480e-03 1.046778804273408170e+01
3.000000000000000000e+01 7.882540349143890346e+00 7.684945305162819373e+00 2.768821599377085593e-03 1.100876170900245299e+01
3.600000000000000000e+01 8.250101225683357242e+00 7.938730170595932556e+00 -2.191990338515589255e-03 1.144934984007274537e+01
4.200000000000000000e+01 8.571117279454359306e+00 8.148259480118733578e+00 1.851811546716630383e-03 1.182616537186555306e+01
4.800000000000000000e+01 8.862193228175062387e+00 8.326062845964242953e+00 -1.467759239413860385e-03 1.215984348101468449e+01
5.400000000000000000e+01 9.134281462904588977e+00 8.481110819321980188e+00 1.266412192955230533e-03 1.246452326312493142e+01
6.000000000000000000e+01 9.391855389179028180e+00 8.617858244005343948e+00 -1.006822427734294480e-03 1.274654578223894319e+01
6.600000000000000000e+01 9.642912802743767386e+00 8.742300821631539876e+00 8.803062813388072561e-04 1.301589765449000069e+01
7.200000000000000000e+01 9.886537466716571743e+00 8.855028151773971956e+00 -6.938278668046526281e-04 1.327234520086398284e+01
7.800000000000000000e+01 1.012542535372962327e+01 8.958028468623680851e+00 6.210677266113689412e-04 1.351926451491900316e+01
8.400000000000000000e+01 1.036164156757904387e+01 9.053006309445981614e+00 -4.854129574384490596e-04 1.375938005323918745e+01
9.000000000000000000e+01 1.059455649118693188e+01 9.139131295017632439e+00 4.395067588503584629e-04 1.399172427778963801e+01
9.600000000000000000e+01 1.082326977987436756e+01 9.216699936268646809e+00 -3.431404738158962651e-04 1.421586179452028809e+01
1.020000000000000000e+02 1.104864301256722570e+01 9.286447817063766763e+00 3.201930009035672351e-04 1.443297008867968678e+01
1.080000000000000000e+02 1.126965010204893325e+01 9.346704763626231482e+00 -2.480367526883045146e-04 1.464123981848965705e+01
1.140000000000000000e+02 1.148938954253956801e+01 9.400099614438321538e+00 2.347775818991984823e-04 1.484479521167946459e+01
1.200000000000000000e+02 1.170372110323950210e+01 9.445965716709967097e+00 -1.765707285798896146e-04 1.504005837803999057e+01
1.260000000000000000e+02 1.191221909653047994e+01 9.486017563362761251e+00 1.678486927044083293e-04 1.522778687283038579e+01
1.320000000000000000e+02 1.211666908821690569e+01 9.520134611807369751e+00 -1.245542812376111621e-04 1.540930345070138152e+01
1.380000000000000000e+02 1.231708745276837114e+01 9.547167744998288796e+00 1.242012339262776259e-04 1.558393580857242000e+01
1.440000000000000000e+02 1.251423850544127347e+01 9.569222182227319351e+00 -9.046033882957866363e-05 1.575360842956570018e+01
1.500000000000000000e+02 1.270540217383759796e+01 9.585945292795237549e+00 8.954320559026725614e-05 1.591595399476381800e+01
1.560000000000000000e+02 1.289117661493414424e+01 9.598679123113132761e+00 -6.115723101103964061e-05 1.607224550054077028e+01
1.620000000000000000e+02 1.307461627384141067e+01 9.607673213828789471e+00 6.331485215836710190e-05 1.622507242806424799e+01
1.680000000000000000e+02 1.325502061859448766e+01 9.612299163404291136e+00 -3.992326318967064303e-05 1.637351113255008883e+01
1.740000000000000000e+02 1.343013290979614460e+01 9.612640328746390850e+00 4.172097840675029228e-05 1.651579014356781272e+01
1.800000000000000000e+02 1.360024416789118895e+01 9.609110552979323927e+00 -2.056780747951655495e-05 1.665237661855087836e+01
1.860000000000000000e+02 1.376546675194581049e+01 9.602244200114226302e+00 2.148811265094984589e-05 1.678365778303449929e+01
1.920000000000000000e+02 1.392672496902190638e+01 9.592113966455515950e+00 -4.982650120457863730e-06 1.691042041784514538e+01
1.980000000000000000e+02 1.408294981099233567e+01 9.578619381426127788e+00 8.245058066147091698e-06 1.703171819380620278e+01
2.040000000000000000e+02 1.423508765803924980e+01 9.563400625844698411e+00 6.943540134566048183e-06 1.714923765543285938e+01
2.100000000000000000e+02 1.438151556914766616e+01 9.545398827372505224e+00 -2.672635416638163705e-06 1.726101471059127235e+01
2.160000000000000000e+02 1.452134744648865272e+01 9.524626873690531070e+00 1.966402182723920781e-05 1.736629058679650939e+01
2.220000000000000000e+02 1.465395885156042866e+01 9.502225648944387260e+00 -1.545198202859646033e-05 1.746513104179071263e+01
2.280000000000000000e+02 1.477872682237532587e+01 9.478797240426953152e+00 3.397723939287902484e-05 1.755728804846226510e+01
2.340000000000000000e+02 1.489793020986955341e+01 9.455501202564166263e+00 -3.292052329803500085e-05 1.764524943238037835e+01
2.400000000000000000e+02 1.500951341431479058e+01 9.430610898524035335e+00 5.072530486064771231e-05 1.772630573064870063e+01
2.460000000000000000e+02 1.511808276014360608e+01 9.406365656233889538e+00 -5.328750435384107338e-05 1.780550873196740014e+01
2.520000000000000000e+02 1.522184022776917622e+01 9.381380302824162243e+00 6.982516128656329106e-05 1.788056812047158317e+01
2.580000000000000000e+02 1.532024748060925035e+01 9.354893895273095339e+00 -7.302715971580831834e-05 1.795059950709905650e+01
2.640000000000000000e+02 1.541534469823747422e+01 9.327752062447238757e+00 9.021464132887269908e-05 1.801776375447590439e+01
2.700000000000000000e+02 1.550606675126156553e+01 9.300174192235378001e+00 -9.589270587524261174e-05 1.808124293597361643e+01
2.760000000000000000e+02 1.559278586053714122e+01 9.273926286114937412e+00 1.135133494172250215e-04 1.814223469327155058e+01
2.820000000000000000e+02 1.567669713815354982e+01 9.247145908820126436e+00 -1.224509147746320422e-04 1.820078406650094394e+01
2.880000000000000000e+02 1.575694777145241687e+01 9.219887612743198346e+00 1.414602751698733959e-04 1.825616966079976322e+01
2.940000000000000000e+02 1.583443763731659892e+01 9.192913752307571684e+00 -1.536685578904442432e-04 1.830953518173107852e+01
3.000000000000000000e+02 1.590801256489679538e+01 9.165874759548856332e+00 1.744496629742674134e-04 1.835968746746746305e+01
3.060000000000000000e+02 1.597724266900575252e+01 9.138482571912108554e+00 -1.880677211450195005e-04 1.840608994482013472e+01
3.120000000000000000e+02 1.604107183259555924e+01 9.111082917965704908e+00 2.108519096410574562e-04 1.844797597355860930e+01
3.180000000000000000e+02 1.610180807211943232e+01 9.085422181663847851e+00 -2.270339408759499517e-04 1.848818864740362855e+01
3.240000000000000000e+02 1.616078497636738120e+01 9.061963563814069644e+00 2.520296185954830738e-04 1.852809096339378314e+01
3.300000000000000000e+02 1.621640105111405461e+01 9.039436231089842622e+00 -2.713540229014231803e-04 1.856564220543274857e+01
3.360000000000000000e+02 1.626906939840592159e+01 9.017773527785729826e+00 2.982747230704464649e-04 1.860115207662011727e+01
3.420000000000000000e+02 1.631927695335813056e+01 8.996646063150890882e+00 -3.214233868192452976e-04 1.863487163275688374e+01
3.480000000000000000e+02 1.636614669582974457e+01 8.975676274601607219e+00 3.508750204438438876e-04 1.866583837867933227e+01
3.540000000000000000e+02 1.641009233580222570e+01 8.955019722201944532e+00 -3.775129501735455164e-04 1.869447803061365931e+01
3.600000000000000000e+02 1.645305615890060125e+01 8.934802608117252021e+00 4.099344469740353485e-04 1.872254669594930121e+01
3.660000000000000000e+02 1.649419442386838952e+01 8.915194143382715097e+00 -4.404495475496335473e-04 1.874937696299726042e+01
3.720000000000000000e+02 1.653280624605319460e+01 8.896667179674908610e+00 4.765758785737867712e-04 1.877456709228111364e+01
3.780000000000000000e+02 1.656988477748994271e+01 8.879131879014853013e+00 -5.116434475750492820e-04 1.879893786164552694e+01
3.840000000000000000e+02 1.660597146309612526e+01 8.862251753837846024e+00 5.518230580196026910e-04 1.882279986309352182e+01
3.900000000000000000e+02 1.664056514431568345e+01 8.845681876156310963e+00 -5.914353446252511521e-04 1.884554314755003190e+01
3.960000000000000000e+02 1.667354840478395772e+01 8.829544373535586743e+00 6.360426119284538380e-04 1.886711611920215503e+01
4.020000000000000000e+02 1.670418790839678280e+01 8.813879530225440462e+00 -6.807835423068755304e-04 1.888688345163972571e+01
4.080000000000000000e+02 1.673296538044615644e+01 8.798735754314916946e+00 7.302946937681627487e-04 1.890528713960197038e+01
4.140000000000000000e+02 1.676003016226975717e+01 8.784298315743631846e+00 -7.806750886528145703e-04 1.892253969607732245e+01
4.200000000000000000e+02 1.678608555555453918e+01 8.770865198707809895e+00 8.358398566364724823e-04 1.893939664590529404e+01
4.260000000000000000e+02 1.681155998646750760e+01 8.758400874878097042e+00 -8.926842355430729273e-04 1.895621628544435922e+01
4.320000000000000000e+02 1.683523324550079536e+01 8.746365805967426965e+00 9.543673049283053897e-04 1.897166292534812015e+01
4.380000000000000000e+02 1.685718287703542018e+01 8.734668524076063534e+00 -1.018068078062320941e-03 1.898575913182730446e+01
4.440000000000000000e+02 1.687788178028407415e+01 8.723449665491958882e+00 1.086860644433445449e-03 1.899898598970174035e+01
4.500000000000000000e+02 1.689814924324452861e+01 8.713034437883923289e+00 -1.157833630514966666e-03 1.901221760614199141e+01
4.560000000000000000e+02 1.691740123413597985e+01 8.702998893444030770e+00 1.233624538255047743e-03 1.902473799498597629e+01
4.620000000000000000e+02 1.693615817597751771e+01 8.693423926175935179e+00 -1.312272385032893117e-03 1.903704480858300485e+01
4.680000000000000000e+02 1.695406039414834609e+01 8.684357802312799635e+00 1.395945497917550938e-03 1.904883818598091239e+01
4.740000000000000000e+02 1.697109633056277644e+01 8.675690290060970256e+00 -1.483053828243666595e-03 1.906005547918861964e+01
4.800000000000000000e+02 1.698728166594816358e+01 8.667689895725059657e+00 1.575365212856725096e-03 1.907083084211300061e+01
4.860000000000000000e+02 1.700256936604205649e+01 8.660033804023067106e+00 -1.671683856009489617e-03 1.908097359487772238e+01
4.920000000000000000e+02 1.701663995129962359e+01 8.652631850363276200e+00 1.773262507454881343e-03 1.909015652933593543e+01
4.980000000000000000e+02 1.703038730259920541e+01 8.645756860755229312e+00 -1.879094611739471352e-03 1.909929859714290501e+01
5.040000000000000000e+02 1.704348670121144238e+01 8.639422745747802779e+00 1.990497418598218080e-03 1.910811524656986649e+01
5.100000000000000000e+02 1.705657189569906507e+01 8.633638632368937138e+00 -2.106504222506530490e-03 1.911717461616241565e+01
5.160000000000000000e+02 1.706952941456463790e+01 8.628488584042862897e+00 2.228188454301019417e-03 1.912641248756465728e+01
5.220000000000000000e+02 1.708212564047066451e+01 8.623767802909124924e+00 -2.354840400624351373e-03 1.913552698674877561e+01
5.280000000000000000e+02 1.709450784702768900e+01 8.619693478919845830e+00 2.487224165545522721e-03 1.914474654804572040e+01
5.340000000000000000e+02 1.710658066916185760e+01 8.616415975049752873e+00 -2.624675406043796601e-03 1.915405266084845337e+01
5.400000000000000000e+02 1.711839021397583949e+01 8.613925456131070746e+00 2.767715461049297717e-03 1.916348097141997542e+01
5.460000000000000000e+02 1.712875852805339960e+01 8.611419391858962769e+00 -2.915754965803373476e-03 1.917161759363235518e+01
5.520000000000000000e+02 1.713919887985479917e+01 8.610093631224588151e+00 3.069431937097740187e-03 1.918035088321072834e+01
5.580000000000000000e+02 1.714831144007396091e+01 8.607839144243801144e+00 -3.227979625770773051e-03 1.918748264882081500e+01
5.640000000000000000e+02 1.715786763820374716e+01 8.607868057963976582e+00 3.391762447141911160e-03 1.919603672369607850e+01
5.700000000000000000e+02 1.716571817673013456e+01 8.605093238086489293e+00 -3.560341864235977774e-03 1.920181040514459880e+01
5.760000000000000000e+02 1.717333307292134137e+01 8.606229229079289667e+00 3.733983932621823265e-03 1.920912710977749427e+01
5.820000000000000000e+02 1.718029840967965782e+01 8.603206347141790999e+00 -3.912721471929127802e-03 1.921400083810062398e+01
5.880000000000000000e+02 1.718691308081179159e+01 8.604918214807486976e+00 4.096509465447761844e-03 1.922068197313235061e+01
5.940000000000000000e+02 1.719348547476454669e+01 8.602900400671698478e+00 -4.285509418437504110e-03 1.922565620311586798e+01
6.000000000000000000e+02 1.719752420215593247e+01 8.604082922417321200e+00 4.478726328806623136e-03 1.922979723446302813e+01
6.060000000000000000e+02 1.720404884284969782e+01 8.605171459267653589e+00 -4.676559592823020112e-03 1.923611952293815008e+01
6.120000000000000000e+02 1.720511474717295641e+01 8.605144735739784778e+00 4.875848520966051015e-03 1.923706092833095127e+01
6.180000000000000000e+02 1.721116214728098015e+01 8.609266767077748739e+00 -5.080987969345247650e-03 1.924431351187008943e+01
6.240000000000000000e+02 1.721051705479834837e+01 8.607297787470484352e+00 5.276774300569666079e-03 1.924285582599542721e+01
6.300000000000000000e+02 1.721745184043583166e+01 8.609047182587197256e+00 -5.507767285842660523e-03 1.924984082025719445e+01
6.360000000000000000e+02 1.721465433174763149e+01 8.607223052658723006e+00 5.636346551568660948e-03 1.924652291215688038e+01
6.420000000000000000e+02 1.721788638724633458e+01 8.603136594407457594e+00 -6.035714084922707071e-03 1.924758705230346223e+01
6.480000000000000000e+02 1.722442710938759447e+01 8.583909775103748530e+00 5.865183598316957986e-03 1.924485465453316024e+01
6.540000000000000000e+02 1.721137378408718988e+01 8.612592977813086748e+00 -6.617199079061606044e-03 1.924599150795725322e+01
6.600000000000000000e+02 1.725395613957031316e+01 8.559778703983662140e+00 6.229353035893106169e-03 1.926055172450227460e+01
6.660000000000000000e+02 1.720995707223639926e+01 8.613818634501607008e+00 -6.860399558143927441e-03 1.924527321087931142e+01
6.720000000000000000e+02 1.726787963836021689e+01 8.552778302291248025e+00 6.833632029360091689e-03 1.926991776296842573e+01
6.780000000000000000e+02 1.721009861391572926e+01 8.614839342980538106e+00 -7.016378898817207492e-03 1.924585670827989503e+01
6.840000000000000000e+02 1.727184498025603077e+01 8.546770908967173952e+00 7.280338346572805958e-03 1.927080628815746977e+01
6.900000000000000000e+02 1.720940078098529114e+01 8.617492644783615319e+00 -7.356979380541020172e-03 1.924642067628738218e+01
6.960000000000000000e+02 1.727293040867567342e+01 8.542515025470759582e+00 7.594185654517508592e-03 1.926989220351277154e+01
7.020000000000000000e+02 1.721086229465081630e+01 8.621654038658400410e+00 -7.760017793282046085e-03 1.924959115164849521e+01
7.080000000000000000e+02 1.727211703852822211e+01 8.537201321733231651e+00 7.906196068873185684e-03 1.926680814012421550e+01
7.140000000000000000e+02 1.721222398909812057e+01 8.626735974102576421e+00 -8.169386972593220206e-03 1.925308533603494610e+01
7.200000000000000000e+02 1.726942891902283961e+01 8.531489818851092366e+00 8.267201979599623704e-03 1.926186808346923485e+01
7.260000000000000000e+02 1.721484844522276347e+01 8.632923976065644212e+00 -8.502449187722162932e-03 1.925820489194566321e+01
7.320000000000000000e+02 1.726662372670622503e+01 8.524373529205167443e+00 8.802142293009931201e-03 1.925620202591302998e+01
7.380000000000000000e+02 1.721660263829380710e+01 8.643296586661403325e+00 -8.676561581197258025e-03 1.926442466238270157e+01
7.440000000000000000e+02 1.726879699109251476e+01 8.510436958797157558e+00 9.394714766213622253e-03 1.925198626141967750e+01
7.500000000000000000e+02 1.721649130211874734e+01 8.659475760076281503e+00 -9.033133571803695153e-03 1.927158983563061412e+01
7.560000000000000000e+02 1.727077883836384586e+01 8.508430087034660971e+00 9.683568892967880232e-03 1.925287713566831016e+01
7.620000000000000000e+02 1.721363251429050223e+01 8.653958298658718462e+00 -9.622703047742193691e-03 1.926655732528199394e+01
7.680000000000000000e+02 1.727713320155531562e+01 8.533261431777592776e+00 9.948092341145894912e-03 1.926956100413004336e+01
7.740000000000000000e+02 1.721416608909370893e+01 8.642027302821052359e+00 -1.010998163365299345e-02 1.926167833438553245e+01
7.800000000000000000e+02 1.727093411866785289e+01 8.542653072974495387e+00 1.033299463857708517e-02 1.926816528959994557e+01
7.860000000000000000e+02 1.721527955529857223e+01 8.639411812003993774e+00 -1.053853723220225629e-02 1.926150040067600955e+01
7.920000000000000000e+02 1.726318991434665406e+01 8.536511301074829916e+00 1.074895280049345710e-02 1.925850115539017438e+01
7.980000000000000000e+02 1.721738527315394407e+01 8.640406242729911312e+00 -1.096236359121570934e-02 1.926382869154103972e+01
8.040000000000000000e+02 1.725878117701430270e+01 8.528276533820939420e+00 1.117598286484379477e-02 1.925090006352890271e+01
8.100000000000000000e+02 1.722163232529513266e+01 8.641425482515865397e+00 -1.139680194637178109e-02 1.926808200638090085e+01
8.160000000000000000e+02 1.725796840425131151e+01 8.525443665771163637e+00 1.161945886031890383e-02 1.924891680464639521e+01
8.220000000000000000e+02 1.722384903074399176e+01 8.641308406405190823e+00 -1.185199665258691859e-02 1.927001107623694054e+01
8.280000000000000000e+02 1.726035924420596857e+01 8.527415191549849283e+00 1.208858154231374875e-02 1.925193385667853718e+01
8.340000000000000000e+02 1.722291933959151677e+01 8.638056806210213878e+00 -1.233470272498935968e-02 1.926772244221618990e+01
8.400000000000000000e+02 1.726364328338222975e+01 8.531597766905880675e+00 1.258617367827230202e-02 1.925673124608404763e+01
8.460000000000000000e+02 1.722095181362175964e+01 8.633195656859397715e+00 -1.284464640657358159e-02 1.926378502791286351e+01
8.520000000000000000e+02 1.726598276470791760e+01 8.535231559031977611e+00 1.310835176549978408e-02 1.926043899879678989e+01
8.580000000000000000e+02 1.721953153679380932e+01 8.628454936882150150e+00 -1.337579738689140610e-02 1.926039147723633960e+01
8.640000000000000000e+02 1.726703539673205867e+01 8.537663308591710631e+00 1.364718410882855698e-02 1.926246070491787066e+01
8.700000000000000000e+02 1.721908532425205252e+01 8.624368776776851320e+00 -1.391946274311615071e-02 1.925816268373385043e+01
8.760000000000000000e+02 1.726728812180780537e+01 8.539017834985562772e+00 1.419376485513825295e-02 1.926328804048486276e+01
8.820000000000000000e+02 1.721941856368269441e+01 8.621124060919907350e+00 -1.446694777181199362e-02 1.925700820578446226e+01
8.880000000000000000e+02 1.726725875221476159e+01 8.539083439161089473e+00 1.474014224614566930e-02 1.926329120552056295e+01
8.940000000000000000e+02 1.722020902884753468e+01 8.618923422674612311e+00 -1.501085264701848901e-02 1.925673038936850290e+01
9.000000000000000000e+02 1.726721485840734260e+01 8.537608986259984434e+00 1.527955251830819851e-02 1.926259872481892543e+01
9.060000000000000000e+02 1.722110730926143063e+01 8.617890826329707821e+00 -1.554478514399031640e-02 1.925707197088852141e+01
9.120000000000000000e+02 1.726733996071089550e+01 8.534746361100987500e+00 1.580571816239109001e-02 1.926144269227558681e+01
9.180000000000000000e+02 1.722162836285765053e+01 8.618137997349338164e+00 -1.606212664377529645e-02 1.925764897389221275e+01
9.240000000000000000e+02 1.726786332116521550e+01 8.530831042041297607e+00 1.631148597621948082e-02 1.926017777723957281e+01
9.300000000000000000e+02 1.722138255657098327e+01 8.619773617909103791e+00 -1.655473943459431080e-02 1.925816160600919957e+01
9.360000000000000000e+02 1.726912160189432655e+01 8.526556579229534805e+00 1.678792974366787732e-02 1.925941353817402302e+01
9.420000000000000000e+02 1.722017125131192827e+01 8.622422216631500547e+00 -1.701284862521927968e-02 1.925826451795147065e+01
9.480000000000000000e+02 1.727146380550156124e+01 8.522448043120446570e+00 1.722471354472756080e-02 1.925969572249766060e+01
9.540000000000000000e+02 1.721766437810828876e+01 8.625595074242857763e+00 -1.742546356307315622e-02 1.925744429224091192e+01
9.600000000000000000e+02 1.727547126836651969e+01 8.518362737677573904e+00 1.761022753656967671e-02 1.926148284517380560e+01
9.660000000000000000e+02 1.721295681797978006e+01 8.628419272781755467e+00 -1.777950464206688383e-02 1.925450123153891369e+01
9.720000000000000000e+02 1.728086131166983819e+01 8.515726202812926360e+00 1.792977199463062846e-02 1.926515200851438436e+01
9.780000000000000000e+02 1.720724905236174962e+01 8.630139824561856798e+00 -1.805908719659673686e-02 1.925017037514534124e+01
9.840000000000000000e+02 1.728493685888334142e+01 8.513356102053478480e+00 1.816616057416951119e-02 1.926776075067741445e+01
9.900000000000000000e+02 1.720256974656649263e+01 8.632574672739814048e+00 -1.824914827688550040e-02 1.924707989273506570e+01
9.960000000000000000e+02 1.728779266030696604e+01 8.510632408742946353e+00 1.830800352710654916e-02 1.926911970603489266e+01
1.002000000000000000e+03 1.719914163758104664e+01 8.636439190224843188e+00 -1.834257148377101132e-02 1.924574995696333701e+01
1.008000000000000000e+03 1.728996148424265300e+01 8.507956025813317780e+00 1.835332610271945761e-02 1.926988377516445894e+01
1.014000000000000000e+03 1.719628150231277175e+01 8.641134688070696512e+00 -1.834178966428621702e-02 1.924530183253593663e+01
1.020000000000000000e+03 1.729213317006152195e+01 8.505886117760146803e+00 1.830752449034867349e-02 1.927091859214032610e+01
1.026000000000000000e+03 1.719296728915389494e+01 8.645503621341209310e+00 -1.825535603250108552e-02 1.924430280188304820e+01
1.032000000000000000e+03 1.729454696332893349e+01 8.504823073981921056e+00 1.817990018573730632e-02 1.927261530502012832e+01
1.038000000000000000e+03 1.718903879477808516e+01 8.648673301902016775e+00 -1.809131513606316785e-02 1.924221743633259507e+01
1.044000000000000000e+03 1.729567979107785902e+01 8.505532739391920671e+00 1.800138410437554862e-02 1.927394486518513617e+01
1.050000000000000000e+03 1.718594458586078488e+01 8.666060738039183420e+00 -1.788225536927218889e-02 1.924727564614584452e+01
