# z, TI
0.000000000000000000e+00 4.859648697098975512e-02
6.000000000000000000e+00 5.249967183109412183e-02
1.200000000000000000e+01 5.337620450085773377e-02
1.800000000000000000e+01 5.212784092890322685e-02
2.400000000000000000e+01 4.942387140409657681e-02
3.000000000000000000e+01 4.639879605046039884e-02
3.600000000000000000e+01 4.354007224351134214e-02
4.200000000000000000e+01 4.097897143090226818e-02
4.800000000000000000e+01 3.865775286924299364e-02
5.400000000000000000e+01 3.665058103331705203e-02
6.000000000000000000e+01 3.486885776594611519e-02
6.600000000000000000e+01 3.319558305500128897e-02
7.200000000000000000e+01 3.169629413816196783e-02
7.800000000000000000e+01 3.029649301643657852e-02
8.400000000000000000e+01 2.894063958238871428e-02
9.000000000000000000e+01 2.764876212057291310e-02
9.600000000000000000e+01 2.644612395523092754e-02
1.020000000000000000e+02 2.530984483668664506e-02
1.080000000000000000e+02 2.426349675179650944e-02
1.140000000000000000e+02 2.324821168960397935e-02
1.200000000000000000e+02 2.228773995716518824e-02
1.260000000000000000e+02 2.137426759111492325e-02
1.320000000000000000e+02 2.051847375746908286e-02
1.380000000000000000e+02 1.972732196526158499e-02
1.440000000000000000e+02 1.890821858755373577e-02
1.500000000000000000e+02 1.808735161652540516e-02
1.560000000000000000e+02 1.734053762282631098e-02
1.620000000000000000e+02 1.661567868872838860e-02
1.680000000000000000e+02 1.586914681576270109e-02
1.740000000000000000e+02 1.515354588604274529e-02
1.800000000000000000e+02 1.448489885695635783e-02
1.860000000000000000e+02 1.387191367961940376e-02
1.920000000000000000e+02 1.327711670469039658e-02
1.980000000000000000e+02 1.266505604173478843e-02
2.040000000000000000e+02 1.206596369078133911e-02
2.100000000000000000e+02 1.153509795816807550e-02
2.160000000000000000e+02 1.103659395930324180e-02
2.220000000000000000e+02 1.056187995501703739e-02
2.280000000000000000e+02 1.010556981051909456e-02
2.340000000000000000e+02 9.707580622894822903e-03
2.400000000000000000e+02 9.387239739228069729e-03
2.460000000000000000e+02 9.063237486508328444e-03
2.520000000000000000e+02 8.740004453981804408e-03
2.580000000000000000e+02 8.419065851384500976e-03
2.640000000000000000e+02 8.116194006484573481e-03
2.700000000000000000e+02 7.821913884225203256e-03
2.760000000000000000e+02 7.517911280956581302e-03
2.820000000000000000e+02 7.233335290384097435e-03
2.880000000000000000e+02 6.952508276171075197e-03
2.940000000000000000e+02 6.667273258831999706e-03
3.000000000000000000e+02 6.426497937443271212e-03
3.060000000000000000e+02 6.212780538279958145e-03
3.120000000000000000e+02 6.008826212747310318e-03
3.180000000000000000e+02 5.822593687582538688e-03
3.240000000000000000e+02 5.653879821898650376e-03
3.300000000000000000e+02 5.478531901038778337e-03
3.360000000000000000e+02 5.285802198164058115e-03
3.420000000000000000e+02 5.120464177002937399e-03
3.480000000000000000e+02 4.983825081835441088e-03
3.540000000000000000e+02 4.840563184473058340e-03
3.600000000000000000e+02 4.712541534055872221e-03
3.660000000000000000e+02 4.587661010196798089e-03
3.720000000000000000e+02 4.494316189667140436e-03
3.780000000000000000e+02 4.411066994119028362e-03
3.840000000000000000e+02 4.320549350083266113e-03
3.900000000000000000e+02 4.222318429170810079e-03
3.960000000000000000e+02 4.136527023856871425e-03
4.020000000000000000e+02 4.059004461372190189e-03
4.080000000000000000e+02 3.983900154309909757e-03
4.140000000000000000e+02 3.901457678260384591e-03
4.200000000000000000e+02 3.808970608222889218e-03
4.260000000000000000e+02 3.710613298528380594e-03
4.320000000000000000e+02 3.602675952743990533e-03
4.380000000000000000e+02 3.517438748926309759e-03
4.440000000000000000e+02 3.438958277673361506e-03
4.500000000000000000e+02 3.363101128887740175e-03
4.560000000000000000e+02 3.295172859668919676e-03
4.620000000000000000e+02 3.214648334871104442e-03
4.680000000000000000e+02 3.127160254788597261e-03
4.740000000000000000e+02 3.054926924560079447e-03
4.800000000000000000e+02 2.988242333840645127e-03
4.860000000000000000e+02 2.902274576300728753e-03
4.920000000000000000e+02 2.822155065910966158e-03
4.980000000000000000e+02 2.749888208115070561e-03
5.040000000000000000e+02 2.677578275186127260e-03
5.100000000000000000e+02 2.591957378251262979e-03
5.160000000000000000e+02 2.483416378078606192e-03
5.220000000000000000e+02 2.378018073111502501e-03
5.280000000000000000e+02 2.278650177759431860e-03
5.340000000000000000e+02 2.186883729583581192e-03
5.400000000000000000e+02 2.079453044061900600e-03
5.460000000000000000e+02 1.971460712377157230e-03
5.520000000000000000e+02 1.857094819246024207e-03
5.580000000000000000e+02 1.761358024739569095e-03
5.640000000000000000e+02 1.669250512646955212e-03
5.700000000000000000e+02 1.622179286784318801e-03
5.760000000000000000e+02 1.557298728793195426e-03
5.820000000000000000e+02 1.583245156571864683e-03
5.880000000000000000e+02 1.529364519622142043e-03
5.940000000000000000e+02 1.629010241968979755e-03
6.000000000000000000e+02 1.574475238561755079e-03
6.060000000000000000e+02 1.715499000666641108e-03
6.120000000000000000e+02 1.697767144126182976e-03
6.180000000000000000e+02 1.887944312568901658e-03
6.240000000000000000e+02 1.840366593444791535e-03
6.300000000000000000e+02 2.050899492619211173e-03
6.360000000000000000e+02 2.085422874006002091e-03
6.420000000000000000e+02 2.242043581200316594e-03
6.480000000000000000e+02 2.342413251549950361e-03
6.540000000000000000e+02 2.454725038909581335e-03
6.600000000000000000e+02 2.548330652947092354e-03
6.660000000000000000e+02 2.709902814578567503e-03
6.720000000000000000e+02 2.789339651723453904e-03
6.780000000000000000e+02 2.899782349575148396e-03
6.840000000000000000e+02 2.958151727189279288e-03
6.900000000000000000e+02 3.096553992613918730e-03
6.960000000000000000e+02 3.133927891506720770e-03
7.020000000000000000e+02 3.265215196301468267e-03
7.080000000000000000e+02 3.255531758640601604e-03
7.140000000000000000e+02 3.372260159907131127e-03
7.200000000000000000e+02 3.361266621689714806e-03
7.260000000000000000e+02 3.468471381695425581e-03
7.320000000000000000e+02 3.483050969682553559e-03
7.380000000000000000e+02 3.575366222045329133e-03
7.440000000000000000e+02 3.576597562371620562e-03
7.500000000000000000e+02 3.651930894754745402e-03
7.560000000000000000e+02 3.720461305575697986e-03
7.620000000000000000e+02 3.871861350507201267e-03
7.680000000000000000e+02 3.882080097221721985e-03
7.740000000000000000e+02 4.049000406506342992e-03
7.800000000000000000e+02 3.990054954197030240e-03
7.860000000000000000e+02 4.122711481487822092e-03
7.920000000000000000e+02 4.024380291607468352e-03
7.980000000000000000e+02 4.148234239262139390e-03
8.040000000000000000e+02 4.054598942023445764e-03
8.100000000000000000e+02 4.150791914436606327e-03
8.160000000000000000e+02 4.102912191870222193e-03
8.220000000000000000e+02 4.133382528604794166e-03
8.280000000000000000e+02 4.132317719243303739e-03
8.340000000000000000e+02 4.120217964669169869e-03
8.400000000000000000e+02 4.133474572458530061e-03
8.460000000000000000e+02 4.106030995748852393e-03
8.520000000000000000e+02 4.118135412166851195e-03
8.580000000000000000e+02 4.084986991584550232e-03
8.640000000000000000e+02 4.097064227557700201e-03
8.700000000000000000e+02 4.054198285876787697e-03
8.760000000000000000e+02 4.073489443908812069e-03
8.820000000000000000e+02 4.013427011249310478e-03
8.880000000000000000e+02 4.045383669965939982e-03
8.940000000000000000e+02 3.964618985878626614e-03
9.000000000000000000e+02 4.008788003318171367e-03
9.060000000000000000e+02 3.909454255800596557e-03
9.120000000000000000e+02 3.961950370155105892e-03
9.180000000000000000e+02 3.849021443013840235e-03
9.240000000000000000e+02 3.906379389995064642e-03
9.300000000000000000e+02 3.788205764177625910e-03
9.360000000000000000e+02 3.843293263637922053e-03
9.420000000000000000e+02 3.735468806273161552e-03
9.480000000000000000e+02 3.772863340547675127e-03
9.540000000000000000e+02 3.693800350139924554e-03
9.600000000000000000e+02 3.702354852640173024e-03
9.660000000000000000e+02 3.646959745113531604e-03
9.720000000000000000e+02 3.633760305851511854e-03
9.780000000000000000e+02 3.583348228102490544e-03
9.840000000000000000e+02 3.562522850136149236e-03
9.900000000000000000e+02 3.521579448691384336e-03
9.960000000000000000e+02 3.486471474547407114e-03
1.002000000000000000e+03 3.463230354398956230e-03
1.008000000000000000e+03 3.410645285384408722e-03
1.014000000000000000e+03 3.404610012305754260e-03
1.020000000000000000e+03 3.343682177298819020e-03
1.026000000000000000e+03 3.356673528477470241e-03
1.032000000000000000e+03 3.296495797407166320e-03
1.038000000000000000e+03 3.342864648865455802e-03
1.044000000000000000e+03 3.290162123363153147e-03
1.050000000000000000e+03 3.286705628235525676e-03
