 z T
0.000000000000000000e+00 2.957619037360200878e+02
6.000000000000000000e+00 2.959960540214250386e+02
1.200000000000000000e+01 2.962009942186116973e+02
1.800000000000000000e+01 2.964120907353349708e+02
2.400000000000000000e+01 2.966243204017598600e+02
3.000000000000000000e+01 2.968311739804817080e+02
3.600000000000000000e+01 2.970284715403674909e+02
4.200000000000000000e+01 2.972146100861458535e+02
4.800000000000000000e+01 2.973892924092977523e+02
5.400000000000000000e+01 2.975530072494236151e+02
6.000000000000000000e+01 2.977066211521758987e+02
6.600000000000000000e+01 2.978508524411147960e+02
7.200000000000000000e+01 2.979860506599107453e+02
7.800000000000000000e+01 2.981123110785735548e+02
8.400000000000000000e+01 2.982299905176274137e+02
9.000000000000000000e+01 2.983398110007227615e+02
9.600000000000000000e+01 2.984422954187886035e+02
1.020000000000000000e+02 2.985381086165603506e+02
1.080000000000000000e+02 2.986279628856861450e+02
1.140000000000000000e+02 2.987122335649009415e+02
1.200000000000000000e+02 2.987913652743634998e+02
1.260000000000000000e+02 2.988656735324493070e+02
1.320000000000000000e+02 2.989355142322012284e+02
1.380000000000000000e+02 2.990013132814341361e+02
1.440000000000000000e+02 2.990634386936441729e+02
1.500000000000000000e+02 2.991222747609420480e+02
1.560000000000000000e+02 2.991779926347272749e+02
1.620000000000000000e+02 2.992307983616801152e+02
1.680000000000000000e+02 2.992808717999645864e+02
1.740000000000000000e+02 2.993283655527979477e+02
1.800000000000000000e+02 2.993734676012612113e+02
1.860000000000000000e+02 2.994164247390428386e+02
1.920000000000000000e+02 2.994573439153128334e+02
1.980000000000000000e+02 2.994962273366605245e+02
2.040000000000000000e+02 2.995330127256149808e+02
2.100000000000000000e+02 2.995677213682133697e+02
2.160000000000000000e+02 2.996002691280962154e+02
2.220000000000000000e+02 2.996304915922684700e+02
2.280000000000000000e+02 2.996584165180238983e+02
2.340000000000000000e+02 2.996841658554344576e+02
2.400000000000000000e+02 2.997079469271901075e+02
2.460000000000000000e+02 2.997300117097711905e+02
2.520000000000000000e+02 2.997506036653151114e+02
2.580000000000000000e+02 2.997698010593773006e+02
2.640000000000000000e+02 2.997876292521701771e+02
2.700000000000000000e+02 2.998041806700269376e+02
2.760000000000000000e+02 2.998195519635503388e+02
2.820000000000000000e+02 2.998338462299055323e+02
2.880000000000000000e+02 2.998472018177587302e+02
2.940000000000000000e+02 2.998596972685136279e+02
3.000000000000000000e+02 2.998713597194519593e+02
3.060000000000000000e+02 2.998821774635769088e+02
3.120000000000000000e+02 2.998921570700531447e+02
3.180000000000000000e+02 2.999013015376934845e+02
3.240000000000000000e+02 2.999096498813336780e+02
3.300000000000000000e+02 2.999172646388068415e+02
3.360000000000000000e+02 2.999242251198620579e+02
3.420000000000000000e+02 2.999306115278381526e+02
3.480000000000000000e+02 2.999365032553949959e+02
3.540000000000000000e+02 2.999419538048792901e+02
3.600000000000000000e+02 2.999469764443391000e+02
3.660000000000000000e+02 2.999515903709032614e+02
3.720000000000000000e+02 2.999558302187624577e+02
3.780000000000000000e+02 2.999597394766029765e+02
3.840000000000000000e+02 2.999633347405384711e+02
3.900000000000000000e+02 2.999666240591297424e+02
3.960000000000000000e+02 2.999696363902779694e+02
4.020000000000000000e+02 2.999724025749272869e+02
4.080000000000000000e+02 2.999749467194537829e+02
4.140000000000000000e+02 2.999772836678702106e+02
4.200000000000000000e+02 2.999794238811966238e+02
4.260000000000000000e+02 2.999813839065382695e+02
4.320000000000000000e+02 2.999831801918981569e+02
4.380000000000000000e+02 2.999848298423576125e+02
4.440000000000000000e+02 2.999863413774383503e+02
4.500000000000000000e+02 2.999877175988406748e+02
4.560000000000000000e+02 2.999889717312339030e+02
4.620000000000000000e+02 2.999901189772437533e+02
4.680000000000000000e+02 2.999911748310587427e+02
4.740000000000000000e+02 2.999921452119566538e+02
4.800000000000000000e+02 2.999930378111573646e+02
4.860000000000000000e+02 2.999938553725365296e+02
4.920000000000000000e+02 2.999946048691029432e+02
4.980000000000000000e+02 2.999952968766148160e+02
5.040000000000000000e+02 2.999959394777068269e+02
5.100000000000000000e+02 2.999965323588865544e+02
5.160000000000000000e+02 2.999970805263907323e+02
5.220000000000000000e+02 2.999975910248599575e+02
5.280000000000000000e+02 2.999980723649379115e+02
5.340000000000000000e+02 2.999985219147518478e+02
5.400000000000000000e+02 2.999989437214327381e+02
5.460000000000000000e+02 2.999993342677484520e+02
5.520000000000000000e+02 2.999997031237192573e+02
5.580000000000000000e+02 3.000000461623803290e+02
5.640000000000000000e+02 3.000003756230103704e+02
5.700000000000000000e+02 3.000006855084785116e+02
5.760000000000000000e+02 3.000009948651896252e+02
5.820000000000000000e+02 3.000012865485542761e+02
5.880000000000000000e+02 3.000015987928594541e+02
5.940000000000000000e+02 3.000019114800387570e+02
6.000000000000000000e+02 3.000022890755402045e+02
6.060000000000000000e+02 3.000027147661688787e+02
6.120000000000000000e+02 3.000033405827049364e+02
6.180000000000000000e+02 3.000043221082662512e+02
6.240000000000000000e+02 3.000065475340418288e+02
6.300000000000000000e+02 3.000123172250106904e+02
6.360000000000000000e+02 3.000292830576216261e+02
6.420000000000000000e+02 3.000748985925807801e+02
6.480000000000000000e+02 3.001815839558555012e+02
6.540000000000000000e+02 3.003866334599771903e+02
6.600000000000000000e+02 3.007133726385824843e+02
6.660000000000000000e+02 3.011490366170671109e+02
6.720000000000000000e+02 3.016547703088729691e+02
6.780000000000000000e+02 3.021830996576106259e+02
6.840000000000000000e+02 3.027025355966624147e+02
6.900000000000000000e+02 3.032022089551733757e+02
6.960000000000000000e+02 3.036845036915872242e+02
7.020000000000000000e+02 3.041594078550435825e+02
7.080000000000000000e+02 3.046361931931228355e+02
7.140000000000000000e+02 3.051256746741350980e+02
7.200000000000000000e+02 3.056326268763554026e+02
7.260000000000000000e+02 3.061544094653787624e+02
7.320000000000000000e+02 3.066691790655309546e+02
7.380000000000000000e+02 3.071386500193194706e+02
7.440000000000000000e+02 3.075179081013284872e+02
7.500000000000000000e+02 3.077819997304226263e+02
7.560000000000000000e+02 3.079378949614500129e+02
7.620000000000000000e+02 3.080180589734159184e+02
7.680000000000000000e+02 3.080566541907577971e+02
7.740000000000000000e+02 3.080782332759090423e+02
7.800000000000000000e+02 3.080926549857225609e+02
7.860000000000000000e+02 3.081060255004606461e+02
7.920000000000000000e+02 3.081178656778205891e+02
7.980000000000000000e+02 3.081311899262533984e+02
8.040000000000000000e+02 3.081431777792502658e+02
8.100000000000000000e+02 3.081573629853505167e+02
8.160000000000000000e+02 3.081698335782863865e+02
8.220000000000000000e+02 3.081849344891802502e+02
8.280000000000000000e+02 3.081980074098208320e+02
8.340000000000000000e+02 3.082137036309752034e+02
8.400000000000000000e+02 3.082272340838384252e+02
8.460000000000000000e+02 3.082430932928202196e+02
8.520000000000000000e+02 3.082568307519642872e+02
8.580000000000000000e+02 3.082724997669066624e+02
8.640000000000000000e+02 3.082862396544705348e+02
8.700000000000000000e+02 3.083015378159322495e+02
8.760000000000000000e+02 3.083151916981114482e+02
8.820000000000000000e+02 3.083300954855274085e+02
8.880000000000000000e+02 3.083436848997026232e+02
8.940000000000000000e+02 3.083582501817201091e+02
9.000000000000000000e+02 3.083718674754538824e+02
9.060000000000000000e+02 3.083861991324816358e+02
9.120000000000000000e+02 3.083999949334676103e+02
9.180000000000000000e+02 3.084142252490624401e+02
9.240000000000000000e+02 3.084283847506574148e+02
9.300000000000000000e+02 3.084426357537015519e+02
9.360000000000000000e+02 3.084573185988297155e+02
9.420000000000000000e+02 3.084716700359945207e+02
9.480000000000000000e+02 3.084869638227310134e+02
9.540000000000000000e+02 3.085014378698632527e+02
9.600000000000000000e+02 3.085173297355323143e+02
9.660000000000000000e+02 3.085318027131261829e+02
9.720000000000000000e+02 3.085481119429612704e+02
9.780000000000000000e+02 3.085623405089266384e+02
9.840000000000000000e+02 3.085788078174022644e+02
9.900000000000000000e+02 3.085928183402584750e+02
9.960000000000000000e+02 3.086092939422324548e+02
1.002000000000000000e+03 3.086232867120005494e+02
1.008000000000000000e+03 3.086396986577880739e+02
1.014000000000000000e+03 3.086538729349999812e+02
1.020000000000000000e+03 3.086703043132215498e+02
1.026000000000000000e+03 3.086850348761296345e+02
1.032000000000000000e+03 3.087019963789234112e+02
1.038000000000000000e+03 3.087178746514193222e+02
1.044000000000000000e+03 3.087335187074929195e+02
1.050000000000000000e+03 3.087463293343797659e+02
