# z, uu, uv, uw, vv, vw, ww, tke
0.000000000000000000e+00 1.661724787145168358e+00 -6.866783606601175594e-01 -2.574783060700654158e-02 1.720135806610814333e+00 2.656380280600496510e-02 3.443321712972061133e-02 1.708146905442851748e+00
7.500000000000000000e+00 2.758483371996852007e+00 -1.075812808584878155e+00 -1.534730856072503424e-01 2.853290161507778144e+00 1.565077683603595393e-01 7.038453900646325645e-02 2.841079036255546697e+00
1.500000000000000000e+01 2.741450628386409516e+00 -7.856944932470371068e-01 -2.563938732567712098e-01 2.816718584508670187e+00 2.629359761530605799e-01 2.173587969197481040e-01 2.887764004907413806e+00
2.250000000000000000e+01 2.451436378596151489e+00 -4.560393243511040029e-01 -2.679659462459640373e-01 2.512067038513263295e+00 2.748615886489429450e-01 3.248238145765035556e-01 2.644163615842959114e+00
3.000000000000000000e+01 2.243372517662792109e+00 -2.638069677859283813e-01 -2.794019913389628740e-01 2.296501444150087501e+00 2.876676789355738229e-01 4.101946472889675399e-01 2.475034304550923991e+00
3.750000000000000000e+01 2.067482618394673732e+00 -1.202561082584642227e-01 -2.792444209529602595e-01 2.120459051715966936e+00 2.874814357646975349e-01 4.704191732687274530e-01 2.329180421689684088e+00
4.500000000000000000e+01 1.943131348952931159e+00 -3.133794515463658031e-02 -2.803778586374712778e-01 1.996876867125481958e+00 2.895477626131766069e-01 5.135534038649011146e-01 2.226780809971657060e+00
5.250000000000000000e+01 1.835440375311770289e+00 3.784282237434752338e-02 -2.785828721188200463e-01 1.891577328614139297e+00 2.874391090200199006e-01 5.470676945179104855e-01 2.137042699221909814e+00
6.000000000000000000e+01 1.751293097498756390e+00 8.279029096220624773e-02 -2.777925230100855569e-01 1.809030729164013973e+00 2.872464967019878190e-01 5.715501632639714558e-01 2.065936994963371021e+00
6.750000000000000000e+01 1.675628725244831640e+00 1.183525933737757940e-01 -2.758241311439299515e-01 1.735685703801047142e+00 2.849780351394626821e-01 5.933261021378951616e-01 2.002320265591886805e+00
7.500000000000000000e+01 1.612592422829268957e+00 1.414575218825016578e-01 -2.745919369718510805e-01 1.674013880516907360e+00 2.839824875650963643e-01 6.099672435831229311e-01 1.948286773464649624e+00
8.250000000000000000e+01 1.553097839603502672e+00 1.602106497971568233e-01 -2.726301619202582960e-01 1.616377009593407132e+00 2.817246147838094461e-01 6.265675757865637463e-01 1.898021212491736831e+00
9.000000000000000000e+01 1.501789737746274334e+00 1.721758749791268139e-01 -2.711632169514935908e-01 1.566205750814660291e+00 2.802357798794745114e-01 6.399562886633752834e-01 1.853975888612154899e+00
9.750000000000000000e+01 1.452974342280037412e+00 1.813054991376495395e-01 -2.692731517164712041e-01 1.518101264539795325e+00 2.780296504162726445e-01 6.540049191812540297e-01 1.812540263000543383e+00
1.050000000000000000e+02 1.409748525570406530e+00 1.867737636672250900e-01 -2.677247102203470508e-01 1.474993581531806264e+00 2.763958616870516583e-01 6.655152717639220006e-01 1.775128689433067342e+00
1.125000000000000000e+02 1.368752803740106883e+00 1.905775887666106561e-01 -2.659028773500288212e-01 1.433567421409670306e+00 2.742229193640457474e-01 6.779311199196753623e-01 1.740125672534726053e+00
1.200000000000000000e+02 1.331678511970319390e+00 1.920600256160499286e-01 -2.643280832113751311e-01 1.396696734484837776e+00 2.724856564067402731e-01 6.882098859729480766e-01 1.708292566214052677e+00
1.275000000000000000e+02 1.295923154279569278e+00 1.922694405361838887e-01 -2.625708290558331770e-01 1.361807803229342806e+00 2.703645961378631224e-01 6.993707302627248934e-01 1.678550843885818544e+00
1.350000000000000000e+02 1.264003482166428771e+00 1.908954536559535065e-01 -2.609802799987860911e-01 1.329192367787475071e+00 2.685476385974862046e-01 7.086675894712942680e-01 1.650931719712599000e+00
1.425000000000000000e+02 1.232445168891606047e+00 1.897884852728106142e-01 -2.592441434667934197e-01 1.298578727506076058e+00 2.664595113465424991e-01 7.190333867128815282e-01 1.625028641555281705e+00
1.500000000000000000e+02 1.203161871945330086e+00 1.875214373265486067e-01 -2.576352137935648545e-01 1.270198200801619715e+00 2.645684157229311606e-01 7.280160021977563067e-01 1.600688037472353109e+00
1.575000000000000000e+02 1.174259293706279017e+00 1.851904940633501695e-01 -2.559333837057321537e-01 1.241825894643099337e+00 2.625014781019562871e-01 7.379008187932759588e-01 1.576993003571327323e+00
1.650000000000000000e+02 1.147338385163450214e+00 1.817665750243018796e-01 -2.543694927913128234e-01 1.214694275991926586e+00 2.605818671149983667e-01 7.466929538611540851e-01 1.554362807508265387e+00
1.725000000000000000e+02 1.120516899962200608e+00 1.781034105657336997e-01 -2.526756952194745831e-01 1.188721753177810481e+00 2.585099440980097585e-01 7.561780593945727214e-01 1.532708356267291849e+00
1.800000000000000000e+02 1.095479458288272978e+00 1.737119947658628816e-01 -2.511098904123167386e-01 1.164213876911183165e+00 2.565634802257552027e-01 7.646154590023755970e-01 1.512154397100915926e+00
1.875000000000000000e+02 1.071440289924528555e+00 1.691279171286362570e-01 -2.494341979549450639e-01 1.140382254618738767e+00 2.545146424933110163e-01 7.735406617007732910e-01 1.492681603122020251e+00
1.950000000000000000e+02 1.048670387834020667e+00 1.640302140169476453e-01 -2.478945920014642146e-01 1.117472192748567794e+00 2.525765917483751011e-01 7.814485445074649261e-01 1.473795562545026749e+00
2.025000000000000000e+02 1.026883281808066206e+00 1.589018300844587950e-01 -2.462390468222578066e-01 1.095060956432721166e+00 2.505315713833221047e-01 7.897666769587097235e-01 1.455855457599748437e+00
2.100000000000000000e+02 1.006209430660306436e+00 1.531763554318087694e-01 -2.446944169773391797e-01 1.073975658524979782e+00 2.485679005369940686e-01 7.973795713542790597e-01 1.438782330269782417e+00
2.175000000000000000e+02 9.861272950639713430e-01 1.475008701241763698e-01 -2.430489475838687186e-01 1.053531402107056758e+00 2.465376490493504102e-01 8.056394089733422970e-01 1.422649053072185144e+00
2.250000000000000000e+02 9.664729393883580988e-01 1.412113081991261954e-01 -2.414972019152929195e-01 1.033514959678636380e+00 2.445701574970578773e-01 8.133270084698218660e-01 1.406657453768408228e+00
2.325000000000000000e+02 9.482318829276624728e-01 1.353023330715654171e-01 -2.398631310135741490e-01 1.013534083320054568e+00 2.425459472316315868e-01 8.214528584896056973e-01 1.391609412368661314e+00
2.400000000000000000e+02 9.315732184066860544e-01 1.291836894336330366e-01 -2.382851573573606385e-01 9.943187153453831861e-01 2.405796492228202688e-01 8.290176791221891550e-01 1.377454806437129253e+00
2.475000000000000000e+02 9.155640065962852292e-01 1.234386584851715901e-01 -2.366628262239834357e-01 9.757121557845702675e-01 2.385747628840938495e-01 8.369457875087616960e-01 1.364110974944808596e+00
2.550000000000000000e+02 9.005858161645481363e-01 1.176942829958729092e-01 -2.350929025765138569e-01 9.581389424495965201e-01 2.365888200827109822e-01 8.443963747885981919e-01 1.351560566701371480e+00
2.625000000000000000e+02 8.860276136651671353e-01 1.121769138380780545e-01 -2.334914214664709220e-01 9.407344271070953168e-01 2.345964569869233018e-01 8.521445306621242555e-01 1.339453285717193243e+00
2.700000000000000000e+02 8.720802847516512246e-01 1.065114710935482906e-01 -2.319335259842780494e-01 9.240873107138694031e-01 2.326142100419398562e-01 8.594268863007470394e-01 1.327797240883133778e+00
2.775000000000000000e+02 8.578029551280500486e-01 1.006441818552616663e-01 -2.303474869597567365e-01 9.078829136849644321e-01 2.306153302311292064e-01 8.669724605163914299e-01 1.316329164664702844e+00
2.850000000000000000e+02 8.442707771795028293e-01 9.464302220061877879e-02 -2.288091776783121589e-01 8.921903888495736901e-01 2.286309232527425628e-01 8.740201748272363735e-01 1.305240670428156502e+00
2.925000000000000000e+02 8.310998154747689659e-01 8.886460534320309024e-02 -2.272548814667705308e-01 8.767505311423253733e-01 2.266374492454610867e-01 8.811797995163005437e-01 1.294515073066697441e+00
3.000000000000000000e+02 8.186549418030407699e-01 8.339781976914234507e-02 -2.257192706257689641e-01 8.615137635058781607e-01 2.246459309348081135e-01 8.878363699737926718e-01 1.284002537641355746e+00
3.075000000000000000e+02 8.065379306306895701e-01 7.812038655753980598e-02 -2.241846696227319524e-01 8.468063616522218950e-01 2.226455091000006103e-01 8.945223884628364930e-01 1.273933340372873868e+00
3.150000000000000000e+02 7.947803472865837549e-01 7.293508528604136787e-02 -2.226359301449460926e-01 8.331716297265709947e-01 2.206590727441345712e-01 9.006868037492029577e-01 1.264319390381178909e+00
3.225000000000000000e+02 7.838229500519828807e-01 6.784282128017379843e-02 -2.211040604824302258e-01 8.195321909524071469e-01 2.186669981513819083e-01 9.068543136533373517e-01 1.255104727328863579e+00
3.300000000000000000e+02 7.734033005756685286e-01 6.252087009441445464e-02 -2.195645423650893491e-01 8.059649134399206050e-01 2.166986189674860730e-01 9.126504298380317959e-01 1.246009321926810465e+00
3.375000000000000000e+02 7.637521531487188042e-01 5.734618587503478859e-02 -2.180222065076637128e-01 7.926898608120861445e-01 2.147195808049923438e-01 9.184653191100417002e-01 1.237453666535423435e+00
3.450000000000000000e+02 7.548860744755435670e-01 5.235529573387816271e-02 -2.164617974207329043e-01 7.803594288900139730e-01 2.127487603634744540e-01 9.239688496819399299e-01 1.229607176523748624e+00
3.525000000000000000e+02 7.465026910719749775e-01 4.752596843982947322e-02 -2.148945012491564610e-01 7.687177460954683905e-01 2.107975069593830963e-01 9.294563097711822097e-01 1.222338373469312733e+00
3.600000000000000000e+02 7.382475915803872191e-01 4.289478478598007100e-02 -2.132996156957496503e-01 7.577730498782964119e-01 2.088375555307840914e-01 9.345507671681673179e-01 1.215285704313425530e+00
3.675000000000000000e+02 7.304951095711811337e-01 3.845085849198011385e-02 -2.117109061541118664e-01 7.470142044810087478e-01 2.068823012450085042e-01 9.394882947857672306e-01 1.208498804418978612e+00
3.750000000000000000e+02 7.228873637807694541e-01 3.411779782192590066e-02 -2.100959243145004707e-01 7.364425656640716245e-01 2.049388608776924192e-01 9.440356630305859476e-01 1.201682796237713458e+00
3.825000000000000000e+02 7.155931838247810983e-01 2.998905745932998329e-02 -2.084577586543975847e-01 7.264505498282006757e-01 2.029786020187367424e-01 9.485312550691975542e-01 1.195287494361089831e+00
3.900000000000000000e+02 7.084678485770228296e-01 2.602269297836745654e-02 -2.068212693193407503e-01 7.170253618476810642e-01 2.010231234592013139e-01 9.527417654866254804e-01 1.189117487955664743e+00
3.975000000000000000e+02 7.011615952121669215e-01 2.224538825599202060e-02 -2.051724704097016849e-01 7.081314941741061464e-01 1.990588515099564748e-01 9.568743127953414085e-01 1.183083701090807072e+00
4.050000000000000000e+02 6.939885003903690786e-01 1.871911474322369984e-02 -2.035102539390925558e-01 7.000039169073368761e-01 1.971056995734929429e-01 9.606179031298186510e-01 1.177305160213762303e+00
4.125000000000000000e+02 6.869076524316671817e-01 1.548593876542340639e-02 -2.018333775397666285e-01 6.922868428429816978e-01 1.951401667444948029e-01 9.641371704720311797e-01 1.171665832873340030e+00
4.200000000000000000e+02 6.801261420249826717e-01 1.224451298752797859e-02 -2.001550722136650751e-01 6.847413654095415581e-01 1.931874550309823357e-01 9.672757122539411556e-01 1.166071609844232748e+00
4.275000000000000000e+02 6.736122284259208337e-01 9.108272071736986733e-03 -1.984398547593092532e-01 6.774719100243637993e-01 1.912105112540558038e-01 9.702050137447375544e-01 1.160644576097511038e+00
4.350000000000000000e+02 6.675547758820105093e-01 6.073115311442230969e-03 -1.967393550062844498e-01 6.703720816211972133e-01 1.892761358912722347e-01 9.729083269857872196e-01 1.155417592244497360e+00
4.425000000000000000e+02 6.620546366115664938e-01 3.393401431684314479e-03 -1.950079630635901951e-01 6.635825383098751251e-01 1.872944421659270553e-01 9.753813299280292837e-01 1.150509252424735562e+00
4.500000000000000000e+02 6.571601856229362104e-01 9.161406231586028109e-04 -1.933008882269759976e-01 6.569859464667472393e-01 1.853678679008177177e-01 9.775265334517349025e-01 1.145836332770709287e+00
4.575000000000000000e+02 6.528827333570619285e-01 -1.354039878097512478e-03 -1.915627569803406705e-01 6.506906641322997009e-01 1.833982439005697185e-01 9.793436994743220936e-01 1.141458548481841806e+00
4.650000000000000000e+02 6.488932111782329537e-01 -3.425065102649615945e-03 -1.898365855549559444e-01 6.446118745022529906e-01 1.814848363197149317e-01 9.807788124511338523e-01 1.137141949065809898e+00
4.725000000000000000e+02 6.452487439349242626e-01 -5.298572429656031764e-03 -1.880888964345164005e-01 6.390242574135118758e-01 1.795257197793492521e-01 9.819571920323556524e-01 1.133115096690396006e+00
4.800000000000000000e+02 6.421765976278037691e-01 -7.036714168883333870e-03 -1.863463553842317211e-01 6.341009681727103331e-01 1.776288411698161429e-01 9.827648884776195581e-01 1.129521227139066886e+00
4.875000000000000000e+02 6.393531337353119959e-01 -8.695143654170902139e-03 -1.845786231081975315e-01 6.293692430062728382e-01 1.756739150803587335e-01 9.832893069300449040e-01 1.126005841835814980e+00
4.950000000000000000e+02 6.366088522922156434e-01 -1.024800523862292624e-02 -1.828196939194113024e-01 6.246747213191389259e-01 1.737808626301354242e-01 9.834682089248742987e-01 1.122375891268114323e+00
5.025000000000000000e+02 6.339051072486346916e-01 -1.174211513960786435e-02 -1.810227024847567145e-01 6.200350903167334282e-01 1.718396796769796064e-01 9.834556398020064538e-01 1.118697918683687398e+00
5.100000000000000000e+02 6.312547805166492942e-01 -1.330210614298343690e-02 -1.792492487901072573e-01 6.158658390091088508e-01 1.699479525089449272e-01 9.831897431295372192e-01 1.115155181327647682e+00
5.175000000000000000e+02 6.288976218391276740e-01 -1.475053527223811091e-02 -1.774384505721374738e-01 6.121930436058654612e-01 1.680274267512605335e-01 9.827192879161844585e-01 1.111904976680588852e+00
5.250000000000000000e+02 6.269925267938717406e-01 -1.606140746986140996e-02 -1.756255693201812795e-01 6.088834777708455048e-01 1.661256545802487772e-01 9.819695847429078528e-01 1.108922794653812494e+00
5.325000000000000000e+02 6.253357439641755722e-01 -1.682082921718605975e-02 -1.737830495892405680e-01 6.056965166987399174e-01 1.642228218726382305e-01 9.809098001665932376e-01 1.105971030414754530e+00
5.400000000000000000e+02 6.238207648233913272e-01 -1.703622785120891686e-02 -1.719213165174969526e-01 6.028118223788536678e-01 1.623196301969308808e-01 9.795465831249906552e-01 1.103089585163617770e+00
5.475000000000000000e+02 6.227331622626164354e-01 -1.712323432224792039e-02 -1.700325256900946103e-01 6.005027501393782607e-01 1.604352763558330452e-01 9.778238648300643376e-01 1.100529888616029517e+00
5.550000000000000000e+02 6.220712247211930279e-01 -1.701288824438308700e-02 -1.681397247144074680e-01 5.988084025685701528e-01 1.585587842575862383e-01 9.757295416305492575e-01 1.098304584460156219e+00
5.625000000000000000e+02 6.216132395623393814e-01 -1.634937245837790598e-02 -1.662239183904004325e-01 5.975742400227431750e-01 1.566854526475036369e-01 9.732212245568870879e-01 1.096204352070984767e+00
5.700000000000000000e+02 6.215276463692837039e-01 -1.520771300778990011e-02 -1.643363580615918307e-01 5.969034896885807573e-01 1.548313907689677915e-01 9.702992002330971255e-01 1.094365168145480682e+00
5.775000000000000000e+02 6.219559930476704634e-01 -1.386078301999532983e-02 -1.623973037542185138e-01 5.965365008547413028e-01 1.529477023124343471e-01 9.668958803675826719e-01 1.092694187134997108e+00
5.850000000000000000e+02 6.227269045906367317e-01 -1.219703640505639258e-02 -1.604774862360699161e-01 5.961971090267423889e-01 1.510802832549603958e-01 9.631829342469795385e-01 1.091053473932179330e+00
5.925000000000000000e+02 6.234452819022909820e-01 -1.007276864271580523e-02 -1.585106303316030918e-01 5.960306651655475907e-01 1.491787201705282728e-01 9.591723111331944551e-01 1.089324129100516458e+00
6.000000000000000000e+02 6.241548316156285692e-01 -7.840046400461318440e-03 -1.565672201312982015e-01 5.956542978296253121e-01 1.472982766340686922e-01 9.548366354146899937e-01 1.087322882429971882e+00
6.075000000000000000e+02 6.251720550177143343e-01 -5.573037612088095789e-03 -1.545867723239625902e-01 5.951802167424425916e-01 1.453857714700672321e-01 9.501800827385832315e-01 1.085266177249370134e+00
6.150000000000000000e+02 6.266818879065487735e-01 -3.244371982789013599e-03 -1.526228954222553225e-01 5.950860819659268275e-01 1.434988427896419783e-01 9.452084424918689720e-01 1.083488206182172231e+00
6.225000000000000000e+02 6.285320134768499489e-01 -8.089742569773406217e-04 -1.506408902243842052e-01 5.951164463895894929e-01 1.415870578236331223e-01 9.399025360572915710e-01 1.081775497961865451e+00
6.300000000000000000e+02 6.306560171761542710e-01 1.742786413453458827e-03 -1.486499989186833570e-01 5.954608691917152585e-01 1.396896616102355493e-01 9.342555008472918088e-01 1.080186193607580725e+00
6.375000000000000000e+02 6.332134353136199545e-01 4.611733859433669001e-03 -1.466222666053561274e-01 5.959517366870034083e-01 1.377805072598856373e-01 9.283144526148818798e-01 1.078739812307752732e+00
6.450000000000000000e+02 6.361216651230462427e-01 7.734345845419886983e-03 -1.446132013228682012e-01 5.966631461130971203e-01 1.358962853632043333e-01 9.221222069255486931e-01 1.077453509080845917e+00
6.525000000000000000e+02 6.390751162921478601e-01 1.121470842754740231e-02 -1.425798538890382661e-01 5.978470532190511832e-01 1.340027274465636076e-01 9.156676877307549089e-01 1.076294928620977087e+00
6.600000000000000000e+02 6.423278679108656020e-01 1.509259595928346895e-02 -1.405511956222563197e-01 5.995445193949594520e-01 1.321427824383863137e-01 9.088913473538242638e-01 1.075381867329824548e+00
6.675000000000000000e+02 6.458248001633200008e-01 1.912682572929901709e-02 -1.384667166091072821e-01 6.016389806117257155e-01 1.302658994897870348e-01 9.017929525713318517e-01 1.074628366673188840e+00
6.750000000000000000e+02 6.500658036183751820e-01 2.321057631425960457e-02 -1.364112529703909726e-01 6.041498811149853543e-01 1.284242507493400520e-01 8.943481704993009318e-01 1.074281927616330679e+00
6.825000000000000000e+02 6.549635703231462269e-01 2.742817498560785189e-02 -1.342946218749344611e-01 6.068054867508636541e-01 1.265657436174751349e-01 8.865837909257301419e-01 1.074176423999869900e+00
6.900000000000000000e+02 6.599904973267153308e-01 3.180277550603321374e-02 -1.321826020652278055e-01 6.096435640656145960e-01 1.247284766513356569e-01 8.784894195634976866e-01 1.074061740477913807e+00
6.975000000000000000e+02 6.652325414878987875e-01 3.635678304333632427e-02 -1.300319904647766478e-01 6.125166632762801822e-01 1.228866331407919427e-01 8.700759299467423213e-01 1.073912567355460590e+00
7.050000000000000000e+02 6.709774632457102816e-01 4.120201459178492870e-02 -1.278746998916986399e-01 6.155040697163820518e-01 1.210621495709631734e-01 8.613358886302517892e-01 1.073908710796172006e+00
7.125000000000000000e+02 6.770178604355555629e-01 4.619472737297999204e-02 -1.257236896148871408e-01 6.187346139998554095e-01 1.192575734302310647e-01 8.523470266269715934e-01 1.074049750531191227e+00
7.200000000000000000e+02 6.831344190762912438e-01 5.149191265318696364e-02 -1.235552409624334075e-01 6.224747867904782961e-01 1.174577475920175196e-01 8.431058076732919071e-01 1.074357506770030612e+00
7.275000000000000000e+02 6.892682459193106848e-01 5.692397759426744142e-02 -1.213844928581062077e-01 6.262895830533016239e-01 1.156835948196893726e-01 8.336501552225288325e-01 1.074603992097570515e+00
7.350000000000000000e+02 6.956545076413631623e-01 6.219932324989981692e-02 -1.192118150544217298e-01 6.300722417330675285e-01 1.139164107484619548e-01 8.239621900246291153e-01 1.074844469699529848e+00
7.425000000000000000e+02 7.023722700081067583e-01 6.748322837134912433e-02 -1.170193353814926035e-01 6.339954031930515876e-01 1.121426240780550448e-01 8.141174910707125179e-01 1.075242582135935487e+00
7.500000000000000000e+02 7.096727606634941621e-01 7.278598253404086615e-02 -1.148360089500897463e-01 6.378067308854581396e-01 1.104000838662741735e-01 8.040578384539343038e-01 1.075768665001443303e+00
7.575000000000000000e+02 7.172463616713095069e-01 7.842651242699194558e-02 -1.126375658360417448e-01 6.416619390017698210e-01 1.086426493524802472e-01 7.937607739745098367e-01 1.076334537323794471e+00
7.650000000000000000e+02 7.249237636876245672e-01 8.416835036452058327e-02 -1.104537042310950040e-01 6.459732378663586294e-01 1.068992600434024720e-01 7.831354013440482431e-01 1.077016201449015664e+00
7.725000000000000000e+02 7.327119742505461275e-01 8.990471573331187960e-02 -1.082505830331540464e-01 6.503727514689492395e-01 1.051500547330950219e-01 7.722496055731776776e-01 1.077667165646336578e+00
7.800000000000000000e+02 7.407669216590891947e-01 9.557212581432097953e-02 -1.060560281574420283e-01 6.545083489558464196e-01 1.034467092661584958e-01 7.611250714946341533e-01 1.078200171054784828e+00
7.875000000000000000e+02 7.490606047620399499e-01 1.014963680959476144e-01 -1.038375537497781137e-01 6.586701894703181903e-01 1.017270895481896947e-01 7.497397821832508802e-01 1.078735288207804510e+00
7.950000000000000000e+02 7.578231416601739490e-01 1.076081891073362162e-01 -1.016404567782069057e-01 6.625330210981509316e-01 1.000509531136958702e-01 7.380878217719434309e-01 1.079221992265134267e+00
8.025000000000000000e+02 7.666428451685273204e-01 1.136404984730679663e-01 -9.943393635379969842e-02 6.660645939129075099e-01 9.835920565147895922e-02 7.261668882686370674e-01 1.079437163675035949e+00
8.100000000000000000e+02 7.753232676415617863e-01 1.192429258780524637e-01 -9.722201625755658161e-02 6.695020692323142564e-01 9.669100942607956883e-02 7.139857879520068451e-01 1.079405562412941499e+00
8.175000000000000000e+02 7.841982766118618109e-01 1.244686972227340011e-01 -9.503369514958640019e-02 6.732510355523653178e-01 9.502020261734192563e-02 7.015396437941546770e-01 1.079494477979190847e+00
8.250000000000000000e+02 7.928082676031559251e-01 1.293387928166002676e-01 -9.280897064574408772e-02 6.770233135829111237e-01 9.336160527518642949e-02 6.888700298126979593e-01 1.079350805499382560e+00
8.325000000000000000e+02 8.013600053812089952e-01 1.339323187690027173e-01 -9.063235181144091435e-02 6.805443489132225743e-01 9.170451711284532959e-02 6.760644090838489051e-01 1.078984381689140237e+00
8.400000000000000000e+02 8.099197888862731398e-01 1.383537174853370078e-01 -8.842039980592009130e-02 6.836775261800810410e-01 9.009749869257073496e-02 6.630923837281232913e-01 1.078344849397238736e+00
8.475000000000000000e+02 8.183349061628329979e-01 1.425961885316821831e-01 -8.622644888706915145e-02 6.866075228562864563e-01 8.844869493362932100e-02 6.500417548105449361e-01 1.077492091914832306e+00
8.550000000000000000e+02 8.266215518284197872e-01 1.469556904215350290e-01 -8.402998854672036333e-02 6.897308604107135199e-01 8.688595947117457030e-02 6.368634839512042900e-01 1.076607948095168910e+00
8.625000000000000000e+02 8.348704706694058952e-01 1.515430812998666554e-01 -8.185693069631408414e-02 6.930116191961898098e-01 8.529885343462807745e-02 6.235705355711186337e-01 1.075726312718357169e+00
8.700000000000000000e+02 8.433436294466171157e-01 1.560066408482171374e-01 -7.965572724968791873e-02 6.960970398595228703e-01 8.376132857135210052e-02 6.100833702805389391e-01 1.074762019793339407e+00
8.775000000000000000e+02 8.517730106377512378e-01 1.604185685970464237e-01 -7.750193460664030198e-02 6.990912250248929594e-01 8.222760632200661057e-02 5.964470551710041590e-01 1.073655645416824234e+00
8.850000000000000000e+02 8.596817968798943221e-01 1.645337139479193800e-01 -7.530257568694648240e-02 7.020463785214323682e-01 8.071782755992289171e-02 5.826356701648576220e-01 1.072181922783092212e+00
8.925000000000000000e+02 8.675307592917672617e-01 1.683625330055660563e-01 -7.316594594846091704e-02 7.049266860403408108e-01 7.921611979280565596e-02 5.686971058073244656e-01 1.070577275569716269e+00
9.000000000000000000e+02 8.750371789559862057e-01 1.717856002114741265e-01 -7.099073527477646472e-02 7.074081966094241114e-01 7.776131048528343859e-02 5.546491892535004853e-01 1.068547282409455290e+00
9.075000000000000000e+02 8.823815730242986488e-01 1.748861481429032638e-01 -6.884631454539877349e-02 7.097515674046676049e-01 7.625598420412339762e-02 5.404935144185620821e-01 1.066313327423764168e+00
9.150000000000000000e+02 8.898221508178214556e-01 1.777143904411375430e-01 -6.667536218804488712e-02 7.119281441989846471e-01 7.482527367295377374e-02 5.262106981697750596e-01 1.063980496593290637e+00
9.225000000000000000e+02 8.965852173280669524e-01 1.801267740607754853e-01 -6.454588736053744336e-02 7.136263278229282303e-01 7.334649326703261696e-02 5.118688306757046558e-01 1.061040187913349975e+00
9.300000000000000000e+02 9.025703103787418025e-01 1.819214363807737656e-01 -6.240371831707276773e-02 7.147508486846902986e-01 7.194525796875843315e-02 4.974031339871585189e-01 1.057362146525295366e+00
9.375000000000000000e+02 9.080227271377705467e-01 1.829081116165638399e-01 -6.029042059747891785e-02 7.156643882672565349e-01 7.050355052319190463e-02 4.828867407940540812e-01 1.053286928099540720e+00
9.450000000000000000e+02 9.129169376136858638e-01 1.832421471983214645e-01 -5.814903546147737884e-02 7.160679801493138319e-01 6.910366452797898906e-02 4.681954459355176512e-01 1.048590181849258673e+00
9.525000000000000000e+02 9.167704859024452535e-01 1.832539427039470981e-01 -5.606350815872679361e-02 7.158481635117726061e-01 6.767124102695569465e-02 4.534450390966739408e-01 1.043031844255445817e+00
9.600000000000000000e+02 9.199344780173912550e-01 1.827072908989646194e-01 -5.394580569509078993e-02 7.151247924290159430e-01 6.627182819362098520e-02 4.385910045302924831e-01 1.036825137488349702e+00
9.675000000000000000e+02 9.222799779881375448e-01 1.816130961669374377e-01 -5.189687055675490379e-02 7.131754408417938507e-01 6.484604484645657696e-02 4.236832376718360216e-01 1.029569328250883764e+00
9.750000000000000000e+02 9.235133477541744851e-01 1.797634889047861895e-01 -4.981370861527371213e-02 7.110898262111545742e-01 6.347330928684974394e-02 4.086672287894911326e-01 1.021635201377410151e+00
9.825000000000000000e+02 9.229159939525805045e-01 1.776392989488634055e-01 -4.777224970847851471e-02 7.094508168348307997e-01 6.205981698038247341e-02 3.935793187367413459e-01 1.012973064762076270e+00
9.900000000000000000e+02 9.209454791117642758e-01 1.747145933201026680e-01 -4.570380725374807024e-02 7.074116633014913003e-01 6.069413301417459633e-02 3.784400062345214533e-01 1.003398574323888681e+00
9.975000000000000000e+02 9.173811996164248361e-01 1.711419480326910603e-01 -4.369670985851080436e-02 7.047136697543499029e-01 5.928826026229813001e-02 3.632671945439690520e-01 9.926810319573717845e-01
1.005000000000000000e+03 9.125708560029466287e-01 1.673184095261566751e-01 -4.164861773950183366e-02 7.017726734804403677e-01 5.795005366172142902e-02 3.480476377854453962e-01 9.811955836344161686e-01
1.012500000000000000e+03 9.061299210139742710e-01 1.633677389863755214e-01 -3.965723376113221982e-02 6.982967817351444229e-01 5.655273397716899936e-02 3.329366835217204001e-01 9.686816931354195193e-01
1.020000000000000000e+03 8.981856757373433142e-01 1.587015355508230308e-01 -3.765634763882783759e-02 6.938577016423704835e-01 5.519422103927135864e-02 3.178038603082914415e-01 9.549236188440026751e-01
1.027500000000000000e+03 8.887381007284534951e-01 1.536702539317838512e-01 -3.567848275065357150e-02 6.887675610476171606e-01 5.378588609674659488e-02 3.028213379885024148e-01 9.401634998822865352e-01
1.035000000000000000e+03 8.769832294059483058e-01 1.481516012503273638e-01 -3.369539494120613737e-02 6.833732051943709473e-01 5.240051951820021148e-02 2.879838723635577691e-01 9.241701534819385389e-01
1.042500000000000000e+03 8.628122660063709537e-01 1.417907571976380066e-01 -3.176348926714882975e-02 6.773714822054562879e-01 5.096267695542699983e-02 2.732953909464870823e-01 9.067395695791571342e-01
1.050000000000000000e+03 8.461496390780490762e-01 1.347384853189596277e-01 -2.980460399223614984e-02 6.711515860529408961e-01 4.957638770580151399e-02 2.588514885936123444e-01 8.880763568623012416e-01
1.057500000000000000e+03 8.261308626778827158e-01 1.272989657826834875e-01 -2.788305510163711920e-02 6.645338196905253847e-01 4.811489055729117198e-02 2.446608262521760835e-01 8.676627543102921614e-01
1.065000000000000000e+03 8.030196877217983253e-01 1.202148499805044124e-01 -2.593241840277379917e-02 6.578677291528595150e-01 4.669795627675967647e-02 2.309060832303654887e-01 8.458967500525117478e-01
1.072500000000000000e+03 7.765564732338618992e-01 1.132999848004748872e-01 -2.404511295352424610e-02 6.520678462834664790e-01 4.525407508521498562e-02 2.176466289851037017e-01 8.231354742512160261e-01
1.080000000000000000e+03 7.465743415986063614e-01 1.067370580578544670e-01 -2.212785880083236942e-02 6.483474793535920488e-01 4.379851992904051222e-02 2.050503635782980894e-01 7.999860922652481943e-01
1.087500000000000000e+03 7.129713399357083814e-01 1.007231238071651935e-01 -2.024329064047788659e-02 6.477975264293240887e-01 4.228461344929945048e-02 1.932162304499263072e-01 7.769925484074793332e-01
1.095000000000000000e+03 6.747416765664157046e-01 9.591377666907413557e-02 -1.839969475192788223e-02 6.525430991708078832e-01 4.076447791007839494e-02 1.824143503088361540e-01 7.548495630230298570e-01
1.102500000000000000e+03 6.332278969076307051e-01 9.220081564721961664e-02 -1.657164650297433123e-02 6.645118952570796544e-01 3.912584540517376891e-02 1.728418570518547581e-01 7.352908246082825450e-01
1.110000000000000000e+03 5.883848239119005008e-01 8.961429384363023276e-02 -1.479800753323951348e-02 6.859484325292397600e-01 3.747355909318526163e-02 1.646983847137434287e-01 7.195158205774419002e-01
1.117500000000000000e+03 5.405722636570619022e-01 8.804483870375427734e-02 -1.304289878851387467e-02 7.198840087745784766e-01 3.572375101675710068e-02 1.581396843060628166e-01 7.092979783688515560e-01
1.125000000000000000e+03 4.919291580167906575e-01 8.702032278128855880e-02 -1.140543601135087133e-02 7.695332978422272374e-01 3.389989298853069571e-02 1.534911969265438658e-01 7.074768263927808665e-01
1.132500000000000000e+03 4.437020010269439596e-01 8.663591922587660088e-02 -9.828130871363378179e-03 8.377103182767412504e-01 3.197856397815118656e-02 1.508552989880338202e-01 7.161338091458595567e-01
1.140000000000000000e+03 3.969097326368226097e-01 8.705037984067838519e-02 -8.311734511522686497e-03 9.238960737252804867e-01 2.994431171672863948e-02 1.505076826280677682e-01 7.356567444950854462e-01
1.147500000000000000e+03 3.525543184702477628e-01 8.786793115774518825e-02 -6.887837988686229193e-03 1.025177378491405555e+00 2.775694242836579048e-02 1.524907846448219917e-01 7.651112408032376688e-01
1.155000000000000000e+03 3.120482865099589720e-01 8.904880970199025025e-02 -5.559016436378146249e-03 1.132580925538072769e+00 2.540995043663046848e-02 1.568592615324616302e-01 8.007442367902466440e-01
1.162500000000000000e+03 2.752504556185625950e-01 8.869633286728663413e-02 -4.334812091157189823e-03 1.233486352770422956e+00 2.294333918770878264e-02 1.635585918678075235e-01 8.361477001283965649e-01
1.170000000000000000e+03 2.420823355011146871e-01 8.670508182929974328e-02 -3.256242301901399183e-03 1.310956763642857181e+00 2.033350077596374900e-02 1.722957505868106809e-01 8.626674248653911636e-01
1.177500000000000000e+03 2.121341240427720987e-01 8.197565733007158850e-02 -2.316280968409030472e-03 1.347878192277454978e+00 1.766354347433110247e-02 1.826320151595785257e-01 8.713221657399028430e-01
1.185000000000000000e+03 1.849028709137491844e-01 7.602683329762618958e-02 -1.507953687465326664e-03 1.332515433491527235e+00 1.500872386169185141e-02 1.938835371310568823e-01 8.556509207681666229e-01
1.192500000000000000e+03 1.606016368193308175e-01 6.892687719004583768e-02 -8.511653118918482584e-04 1.259067643573703377e+00 1.236077978617948839e-02 2.051287607003293156e-01 8.123990205466817827e-01
1.200000000000000000e+03 1.390949755930528942e-01 6.136276149178593320e-02 -3.556026235446590501e-04 1.129673378776390846e+00 9.869406228441634371e-03 2.153439665085881694e-01 7.420561604390158994e-01
1.207500000000000000e+03 1.202050264013262842e-01 5.315702517223756113e-02 8.605933755954632176e-06 9.612283076014075389e-01 7.629662610297419968e-03 2.235052258418459559e-01 6.524692799222898687e-01
1.215000000000000000e+03 1.041317595781503513e-01 4.389703207741867813e-02 2.557883650195299130e-04 7.787727348992291576e-01 5.648530701750755292e-03 2.287634788472145408e-01 5.558339866622969971e-01
1.222500000000000000e+03 9.062690820931271207e-02 3.428974061882656549e-02 4.123658084974585300e-04 6.070765824248798292e-01 3.976766431847288466e-03 2.305192266611355012e-01 4.641113586476640629e-01
1.230000000000000000e+03 7.961066025564680904e-02 2.521126372689884779e-02 5.003359720522384787e-04 4.615094317639621968e-01 2.597339950457778612e-03 2.286499986585060484e-01 3.848850453390575410e-01
1.237500000000000000e+03 7.078687843091280296e-02 1.784090033435895006e-02 5.542574549594899520e-04 3.483492873353433161e-01 1.550545224180856132e-03 2.234034276021337473e-01 3.212697966841949193e-01
1.245000000000000000e+03 6.381215929444289392e-02 1.283370022146356100e-02 5.721513086633980274e-04 2.670782290957874894e-01 8.129944162765981959e-04 2.153253767739995439e-01 2.731078825821149358e-01
1.252500000000000000e+03 5.816460463296501543e-02 9.983172870184795974e-03 5.816782496831710263e-04 2.121343221513596333e-01 3.415674713984568679e-04 2.051452165002545236e-01 2.377220716422895896e-01
1.260000000000000000e+03 5.342361244016085448e-02 8.864321585035190090e-03 5.772992320697618212e-04 1.768140257480701194e-01 5.426108630670897304e-05 1.936525361451457428e-01 2.119450871666883618e-01
1.267500000000000000e+03 4.930060500380790273e-02 8.672831883459431249e-03 5.758880986322969771e-04 1.544993698588265907e-01 -8.731471734871505425e-05 1.815580041559224644e-01 1.926789895092784755e-01
1.275000000000000000e+03 4.553431012086996132e-02 8.654252362493834727e-03 5.689658849027278602e-04 1.400711084751136981e-01 -1.473203209616013643e-04 1.694326470688387321e-01 1.775190328324112166e-01
1.282500000000000000e+03 4.197098359722548078e-02 8.446452227422563547e-03 5.600235432560706503e-04 1.299057598387067525e-01 -1.428992925128963801e-04 1.576830356542779921e-01 1.647798895451051127e-01
1.290000000000000000e+03 3.858794942539792855e-02 7.947365672883120388e-03 5.429124987620853387e-04 1.214822279524099546e-01 -1.110790246482282808e-04 1.465881783515888270e-01 1.533291778646983516e-01
1.297500000000000000e+03 3.543753410921365865e-02 7.237073794348410083e-03 5.206261553778553835e-04 1.133248857893086048e-01 -6.383913008429306527e-05 1.362914723922207805e-01 1.425269461453715358e-01
1.305000000000000000e+03 3.255924023971645820e-02 6.506682953275329077e-03 4.949548539791462191e-04 1.048987620907965990e-01 -2.739431582898723284e-05 1.268488550150866923e-01 1.321534286727998886e-01
1.312500000000000000e+03 2.997043840865090333e-02 5.870512631637588193e-03 4.663026100967171601e-04 9.638175323854143717e-02 7.109937407777402295e-08 1.182446344822940532e-01 1.222984130647431916e-01
1.320000000000000000e+03 2.766200520111560326e-02 5.385082993539527796e-03 4.402619749701961621e-04 8.840577427696771906e-02 8.375116087811528809e-06 1.104263105458231781e-01 1.132470450119532485e-01
1.327500000000000000e+03 2.561598939651843140e-02 5.056538074392291117e-03 4.150095538099075844e-04 8.151245860202895044e-02 1.399260259977632971e-05 1.033059761441853935e-01 1.052172120713663894e-01
1.335000000000000000e+03 2.379291714180775327e-02 4.856007963480122799e-03 3.921167460692167391e-04 7.580508538213603931e-02 1.226780621786971108e-05 9.679540872467316814e-02 9.819670562430848904e-02
1.342500000000000000e+03 2.215625830941369417e-02 4.734895735557147559e-03 3.710212223378152839e-04 7.106262569368285154e-02 1.308172236230222311e-05 9.080933183130486530e-02 9.201410791720071591e-02
1.350000000000000000e+03 2.067503417419202377e-02 4.653284798058613704e-03 3.518483356519502272e-04 6.699367902799947816e-02 1.182456263251364016e-05 8.528321636563927777e-02 8.647596478391539332e-02
1.357500000000000000e+03 1.932600651013280033e-02 4.580893761193026090e-03 3.341350746102572612e-04 6.336882179071147425e-02 1.192037080276171471e-05 8.016204258649139991e-02 8.142843544366784592e-02
1.365000000000000000e+03 1.809026596630852052e-02 4.501758916686992608e-03 3.173078957181348254e-04 6.003946737591522864e-02 1.189452670265005277e-05 7.540606029601656934e-02 7.676789681912016272e-02
1.372500000000000000e+03 1.695453254592208317e-02 4.410128079490733578e-03 3.018559053600037255e-04 5.692502034036189124e-02 1.153832135011490581e-05 7.097961128436340583e-02 7.242958208532368491e-02
1.380000000000000000e+03 1.590874486999121692e-02 4.307306429868121463e-03 2.869662331916858402e-04 5.399048173705997544e-02 1.116499262774335980e-05 6.685595167773791814e-02 6.837758914239455699e-02
1.387500000000000000e+03 1.494487230228288069e-02 4.197555409133862589e-03 2.734096340990606507e-04 5.122482461883046123e-02 1.067402595813408969e-05 6.300833517278281448e-02 6.458901604694808340e-02
1.395000000000000000e+03 1.405597336148182996e-02 4.085511571314251120e-03 2.602590689843992913e-04 4.862412413870573907e-02 1.017144512750524038e-05 5.941609966253166841e-02 6.104809858135962219e-02
1.402500000000000000e+03 1.323585857810190801e-02 3.974615603725363891e-03 2.483514024321820958e-04 4.618359625906801047e-02 9.830545574583725646e-06 5.605706187032069576e-02 5.773825835374531146e-02
1.410000000000000000e+03 1.247845605006933124e-02 3.866621977550516870e-03 2.366437390906756281e-04 4.389477647825424517e-02 9.422657113741259046e-06 5.291472272254468118e-02 5.464397762543413140e-02
1.417500000000000000e+03 1.177827634719086185e-02 3.762031354536348512e-03 2.259951028138672225e-04 4.174661818755984882e-02 9.223128412096983565e-06 4.997032332850596253e-02 5.174760893162833747e-02
1.425000000000000000e+03 1.113011154886167468e-02 3.660767456236281494e-03 2.152939792215646743e-04 3.972804622836986072e-02 8.813061507487664580e-06 4.721102461168805164e-02 4.903459119445979786e-02
1.432500000000000000e+03 1.052953942839696122e-02 3.562678560877593180e-03 2.055076512162656822e-04 3.782893843485975183e-02 8.669240487909393158e-06 4.462081301460924659e-02 4.648964543893298329e-02
1.440000000000000000e+03 9.972295700399523913e-03 3.467694203387236638e-03 1.954861876714900884e-04 3.604077826854287098e-02 8.233291941847287800e-06 4.218985507133993229e-02 4.410146452014115925e-02
1.447500000000000000e+03 9.454753299553125129e-03 3.375753507536573966e-03 1.863399109715235227e-04 3.435592000018974912e-02 8.199226739446583619e-06 3.990414250763490989e-02 4.185740790368889380e-02
1.455000000000000000e+03 8.973290829496070875e-03 3.286832138415923203e-03 1.768678757946510333e-04 3.276776369222625385e-02 7.795788286916870851e-06 3.775626995891284698e-02 3.974866224031758932e-02
1.462500000000000000e+03 8.524889944222544674e-03 3.200759996032401591e-03 1.683348541760070979e-04 3.126981804916333096e-02 7.938000277970733753e-06 3.573367529491616734e-02 3.776419164415101976e-02
1.470000000000000000e+03 8.106562325145793418e-03 3.117431351386184841e-03 1.594302957578635496e-04 2.985638905442825758e-02 7.584308801696589323e-06 3.383098671618289810e-02 3.589696904787847281e-02
1.477500000000000000e+03 7.715912477832159375e-03 3.036575073691811458e-03 1.515975714842039321e-04 2.852168416432348738e-02 7.919727252248641363e-06 3.203669317314961767e-02 3.413714490765262788e-02
1.485000000000000000e+03 7.350621713532609625e-03 2.958072217239774305e-03 1.433209447419837575e-04 2.726083555154415472e-02 7.586829259042982138e-06 3.034717063866725767e-02 3.247931395187200754e-02
1.492500000000000000e+03 7.008886683170260576e-03 2.881680808898066330e-03 1.362749961897764253e-04 2.606882526692115912e-02 8.108182452574169769e-06 2.875166051669544517e-02 3.091468623339343330e-02
1.500000000000000000e+03 6.688942254138421917e-03 2.807353817286110595e-03 1.286379676691630828e-04 2.494167359918557370e-02 7.756218725970961080e-06 2.724806150913581040e-02 2.943933868122990127e-02
1.507500000000000000e+03 6.389424289322460405e-03 2.734952033338228575e-03 1.224028142078140971e-04 2.387513752538652362e-02 8.453554906344514080e-06 2.582614342244975159e-02 2.804535261857936737e-02
1.515000000000000000e+03 6.108904972663421230e-03 2.664542088646271525e-03 1.153557655035616176e-04 2.286602497832397607e-02 8.038951056013466913e-06 2.448515281984965999e-02 2.673004138541852648e-02
1.522500000000000000e+03 5.846287954974398529e-03 2.596065710505912616e-03 1.099091025350723051e-04 2.191070241270136332e-02 8.900961723387217883e-06 2.321522206269567568e-02 2.548610621518571789e-02
1.530000000000000000e+03 5.600339627080235146e-03 2.529702052879161979e-03 1.033729033699611917e-04 2.100657225922859805e-02 8.373720297600942150e-06 2.201681165006397559e-02 2.431186176818640396e-02
1.537500000000000000e+03 5.370115318829256357e-03 2.465374769404317379e-03 9.868219849623989992e-05 2.015036148269964272e-02 9.382287619685320831e-06 2.088028863116376393e-02 2.320038271634633151e-02
1.545000000000000000e+03 5.154540957688258547e-03 2.403322260018814042e-03 9.258560383420378443e-05 1.933992519300143167e-02 8.676364117605796922e-06 1.980722069178256217e-02 2.215084342123612576e-02
1.552500000000000000e+03 4.952735920082625316e-03 2.343314625438354306e-03 8.862281948898085822e-05 1.857211848545786345e-02 9.804247063762792366e-06 1.878809791076166760e-02 2.115647615815107602e-02
1.560000000000000000e+03 4.763811626250355133e-03 2.285644933982499283e-03 8.290574936272381663e-05 1.784533472719942657e-02 8.852259718117803358e-06 1.782550768556503615e-02 2.021732701950740979e-02
1.567500000000000000e+03 4.586883059813564624e-03 2.229818947306269183e-03 7.964262208242599815e-05 1.715627796512218459e-02 1.006078390392648552e-05 1.690995754299652251e-02 1.932655928396613543e-02
1.575000000000000000e+03 4.421301645869003122e-03 2.176260704170069216e-03 7.423995099272409539e-05 1.650425565158954860e-02 8.841407157325230351e-06 1.604498261187136884e-02 1.848526995466496028e-02
1.582500000000000000e+03 4.266096799045182054e-03 2.124234354417606392e-03 7.165457721320510505e-05 1.588534715006580458e-02 1.006717005603556326e-05 1.522100737357156598e-02 1.768622566134127674e-02
1.590000000000000000e+03 4.121006819808268988e-03 2.074334791592154833e-03 6.649250651555020544e-05 1.530021432835010353e-02 8.618373739837292138e-06 1.444245809265894999e-02 1.693183962040866256e-02
1.597500000000000000e+03 3.984825059935782898e-03 2.025665593126274068e-03 6.458144508273581453e-05 1.474409987868711795e-02 9.795820679258595380e-06 1.369959348740192734e-02 1.621425921301241496e-02
1.605000000000000000e+03 3.857868692117685187e-03 1.979024428405749478e-03 5.960059420660163929e-05 1.421883155383414470e-02 8.144508806992046345e-06 1.299767652115262420e-02 1.553718838355222683e-02
1.612500000000000000e+03 3.738548056621220257e-03 1.933385963389373840e-03 5.833723342932179150e-05 1.371904282385330229e-02 9.288705687481547214e-06 1.232675924649892334e-02 1.489217506348672337e-02
1.620000000000000000e+03 3.627875059185470350e-03 1.889817513160711856e-03 5.351656404860839181e-05 1.324767654341107818e-02 7.402853496751074875e-06 1.169286683328260058e-02 1.428420921793957521e-02
1.627500000000000000e+03 3.523750700627768882e-03 1.846934830676137630e-03 5.283282954621843825e-05 1.279834353051512857e-02 8.601658359023531833e-06 1.108585528850530161e-02 1.370397475982410018e-02
1.635000000000000000e+03 3.427895892969812924e-03 1.806368255424850144e-03 4.817523082761891268e-05 1.237590040416627554e-02 6.387891592280284326e-06 1.051241195775320762e-02 1.315810412744464891e-02
1.642500000000000000e+03 3.337685630988023941e-03 1.765906959238608930e-03 4.794641813676497015e-05 1.197159027898772252e-02 7.800250799601279490e-06 9.962251510855928832e-03 1.263576371041583851e-02
1.650000000000000000e+03 3.255381003690577257e-03 1.728276031884885735e-03 4.347383883520399087e-05 1.159346027803559095e-02 5.127471217275295577e-06 9.442599234269793973e-03 1.214572025799798109e-02
1.657500000000000000e+03 3.177989316363210356e-03 1.689900745278733081e-03 4.354688394134286438e-05 1.122934963250997974e-02 6.887935030066475952e-06 8.943112338631237224e-03 1.167522564375221387e-02
1.665000000000000000e+03 3.108086054762263656e-03 1.654855352143863546e-03 3.925463485481691734e-05 1.089116081652649615e-02 3.689850396438900369e-06 8.471396523436829432e-03 1.123532169736279548e-02
1.672500000000000000e+03 3.042507124944305186e-03 1.618316905794247836e-03 3.948477112555588941e-05 1.056253858050502058e-02 5.901936208627910854e-06 8.017175910932840960e-03 1.081111080819108228e-02
1.680000000000000000e+03 2.983951506612719969e-03 1.585458311933214811e-03 3.537096009459269702e-05 1.026069115753711243e-02 2.114686433772209521e-06 7.588243598942824748e-03 1.041644313154632857e-02
1.687500000000000000e+03 2.929266611350028141e-03 1.550498489781972555e-03 3.561685580368464504e-05 9.963063841949209437e-03 4.839342309055013559e-06 7.174535233896064089e-03 1.003343284359765018e-02
1.695000000000000000e+03 2.881125310614354122e-03 1.519640308563496855e-03 3.169673158458575412e-05 9.694666570390095620e-03 5.158113587652462126e-07 6.783830525062471174e-03 9.679811203033459807e-03
1.702500000000000000e+03 2.836623802092531638e-03 1.486027252041826436e-03 3.184910585654722118e-05 9.423799519115379220e-03 3.633326425738941424e-06 6.406443716165807593e-03 9.333433518686859443e-03
1.710000000000000000e+03 2.798078100276440213e-03 1.457210519908864023e-03 2.812874518248709258e-05 9.186444770008022828e-03 -9.491935682402455601e-07 6.049927406748113572e-03 9.017225138516288957e-03
1.717500000000000000e+03 2.763177591156868156e-03 1.424887986131781817e-03 2.814628809392540900e-05 8.939111225759664020e-03 2.267819279473595463e-06 5.705174220818978910e-03 8.703731518867755326e-03
1.725000000000000000e+03 2.733656506599430915e-03 1.398385359651898360e-03 2.463379096997711360e-05 8.730072587197440157e-03 -2.261660636619535377e-06 5.379259508217974599e-03 8.421494301007423702e-03
1.732500000000000000e+03 2.707820795172470509e-03 1.367488514730922635e-03 2.449911247086544608e-05 8.504685826597540091e-03 8.633935326177554271e-07 5.063924886073357078e-03 8.138215753921684489e-03
1.740000000000000000e+03 2.687029550225739170e-03 1.343431636325216443e-03 2.126473957040916102e-05 8.320067967053052654e-03 -3.424827286394691835e-06 4.765432367757698427e-03 7.886264942518244475e-03
1.747500000000000000e+03 2.669600309616708845e-03 1.314548048424572313e-03 2.093340794483069473e-05 8.116864571580742482e-03 -5.245652171952089655e-07 4.476760101198251803e-03 7.631612491197850914e-03
1.755000000000000000e+03 2.657573997639647856e-03 1.292905240988929342e-03 1.808628402838250826e-05 7.952313098968915445e-03 -4.371675822928854391e-06 4.202871260381379169e-03 7.406379178494971668e-03
1.762500000000000000e+03 2.647880071902068960e-03 1.266662088889970034e-03 1.756021283520335069e-05 7.771892165152422850e-03 -1.835788267036636468e-06 3.938513388121077201e-03 7.179142812587784722e-03
1.770000000000000000e+03 2.644496113952970410e-03 1.247552692078299696e-03 1.514971997973797378e-05 7.624145275780301947e-03 -5.095282327625275592e-06 3.686789227712701338e-03 6.977715308722987064e-03
1.777500000000000000e+03 2.642258375045270207e-03 1.224049125296862352e-03 1.450707609165213593e-05 7.465547644213419050e-03 -2.981729602695621776e-06 3.444712741149245222e-03 6.776259380203967023e-03
1.785000000000000000e+03 2.647258216292200719e-03 1.207980237436754494e-03 1.249561681715578775e-05 7.333385082577399336e-03 -5.622628108801511771e-06 3.213105352763335424e-03 6.596874325816467523e-03
1.792500000000000000e+03 2.652078890290314982e-03 1.187395767490856619e-03 1.187783587114587370e-05 7.195172252235715500e-03 -3.882850621749259134e-06 2.991533536262625664e-03 6.419392339394328073e-03
1.800000000000000000e+03 2.665199110797938573e-03 1.174211332965519614e-03 1.015382265630832180e-05 7.077234812052193673e-03 -6.003740828194201876e-06 2.778371810154156834e-03 6.260402866502144323e-03
1.807500000000000000e+03 2.676848943546188131e-03 1.157215816633827034e-03 9.687904209688015584e-06 6.958793202582575291e-03 -4.502476755447516460e-06 2.575747361973907204e-03 6.105694754051335313e-03
1.815000000000000000e+03 2.697382973281283163e-03 1.146237003581053676e-03 8.141409436906854247e-06 6.853591125073245187e-03 -6.177326194559260350e-06 2.379723594920597849e-03 5.965348846637562666e-03
1.822500000000000000e+03 2.715935602497804736e-03 1.133806085509034755e-03 7.932547328255849285e-06 6.754422740429069129e-03 -4.888635933754327617e-06 2.194680525926459135e-03 5.832519434426666934e-03
1.830000000000000000e+03 2.742938927542287221e-03 1.124280777267885759e-03 6.391473754546478555e-06 6.660125713707902052e-03 -6.204973269185631725e-06 2.014817833771201730e-03 5.708941237510695502e-03
1.837500000000000000e+03 2.768282155531916720e-03 1.116538310805367373e-03 6.601650202324195325e-06 6.580085595984602222e-03 -5.026845618766978147e-06 1.846188642764050661e-03 5.597278197140284801e-03
1.845000000000000000e+03 2.801180917597922461e-03 1.108790963548439293e-03 4.842089507805970412e-06 6.496038114935791773e-03 -6.066078606673477523e-06 1.681790428799699588e-03 5.489504730666706911e-03
1.852500000000000000e+03 2.832663746178707819e-03 1.104651043427837395e-03 5.653205292032037821e-06 6.433043895185042681e-03 -4.964058866971626529e-06 1.528578303986953286e-03 5.397142972675351459e-03
1.860000000000000000e+03 2.871051367237021940e-03 1.099323886686723100e-03 3.452153473558280108e-06 6.360102312918371192e-03 -5.809251303848592835e-06 1.379201903176549863e-03 5.305177791665970956e-03
1.867500000000000000e+03 2.908226940450472139e-03 1.098305384220532284e-03 4.942168818108884448e-06 6.312296200053543402e-03 -4.768924156074333227e-06 1.240586280902595357e-03 5.230554710703305341e-03
1.875000000000000000e+03 2.951437213423019172e-03 1.095015175046162859e-03 2.392308864111996305e-06 6.251224297371223669e-03 -5.299699665153728226e-06 1.105916204341690894e-03 5.154288857567967085e-03
1.882500000000000000e+03 2.994281251457400154e-03 1.097675524419743521e-03 4.228246072520578686e-06 6.217414130284325095e-03 -4.601464017508259716e-06 9.813534235206141081e-04 5.096524402631169570e-03
1.890000000000000000e+03 3.040821049751516250e-03 1.095472973070083390e-03 1.602149977538238833e-06 6.168563424558533466e-03 -4.629350553641604355e-06 8.611543070298136168e-04 5.035269390669932371e-03
1.897500000000000000e+03 3.089093253240854722e-03 1.101576054655667740e-03 3.634104530775387286e-06 6.146935604643024957e-03 -4.318539154708237041e-06 7.503656390867390578e-04 4.993197248485309152e-03
1.905000000000000000e+03 3.138349271882989993e-03 1.101315079997159784e-03 8.937738596833253656e-07 6.111763321735818634e-03 -3.912884876966040264e-06 6.446059653315137526e-04 4.947359279475161027e-03
1.912500000000000000e+03 3.190157695700980220e-03 1.109407305020027870e-03 3.213690658742235521e-06 6.100072417868901593e-03 -3.910905911016969520e-06 5.476129499866109161e-04 4.918921531778247015e-03
1.920000000000000000e+03 3.240808819748044588e-03 1.111560360206820470e-03 2.763047196308512112e-07 6.078293470324356955e-03 -3.081948440847693254e-06 4.565383338686230543e-04 4.887820311970512109e-03
1.927500000000000000e+03 3.293954142507354420e-03 1.120837190093836033e-03 2.869882830152793748e-06 6.075009265741832323e-03 -3.497649696169938147e-06 3.737683997338710749e-04 4.871365903991529099e-03
1.935000000000000000e+03 3.343131626696034964e-03 1.124965573025877956e-03 -2.094257098837400351e-07 6.064667521080582477e-03 -2.089030344025565774e-06 2.979667220593890998e-04 4.852882934918003460e-03
1.942500000000000000e+03 3.394446816508070106e-03 1.134550965784305188e-03 2.546271281789027268e-06 6.067637738027789780e-03 -3.168403220921672911e-06 2.302972165110211283e-04 4.846190885523441252e-03
1.950000000000000000e+03 3.437996114214652513e-03 1.139736881392946176e-03 -5.933362675202303274e-07 6.065680322004709732e-03 -9.328906308466572815e-07 1.706951290784462869e-04 4.837185782648903941e-03
1.957500000000000000e+03 3.483237684450688106e-03 1.148386162789187016e-03 2.214878590772009769e-06 6.071916395991800233e-03 -3.004296870919915954e-06 1.193741865189499289e-04 4.837264133480719507e-03
1.965000000000000000e+03 3.516237688007381283e-03 1.153333399712431649e-03 -9.003449806052417676e-07 6.074558944504196076e-03 3.975750246299428954e-07 7.709753041382023042e-05 4.833947081462698463e-03
1.972500000000000000e+03 3.550676709151986271e-03 1.159618065371705508e-03 1.853934960449430942e-06 6.080712914636774574e-03 -3.076692473719020674e-06 4.351733195069017868e-05 4.837453477869725800e-03
1.980000000000000000e+03 3.568075930309299194e-03 1.162837837719835890e-03 -1.159082645338985642e-06 6.084052814698395935e-03 1.926147937765850140e-06 1.962851082431379317e-05 4.835878627916004834e-03
1.987500000000000000e+03 3.586880516247384874e-03 1.165383908062605665e-03 1.462762620672817466e-06 6.086833971758210185e-03 -3.423932814212868881e-06 4.983758363896473716e-06 4.839349123184745124e-03
1.995000000000000000e+03 3.585206165884455547e-03 1.165715427763267193e-03 -1.422957532264450329e-06 6.088061309387984496e-03 3.676452338146943256e-06 1.787475688329743988e-07 4.836723111420636843e-03
