# Xi, RijLong, Xi, RijLat
0.000000000000000000e+00 1.000000000000000000e+00 0.000000000000000000e+00 1.000000000000000000e+00
3.535533905932737753e+01 8.639804409614431080e-01 3.535533905932737753e+01 2.501053045806718722e-01
7.071067811865475505e+01 6.628890401332709903e-01 7.071067811865475505e+01 9.063281699555736370e-02
1.060660171779821326e+02 5.356158453952031273e-01 1.060660171779821326e+02 6.511367727317554643e-02
1.414213562373095101e+02 4.519160909430535167e-01 1.414213562373095101e+02 6.717132010241989859e-02
1.767766952966368876e+02 3.967478093677470619e-01 1.767766952966368876e+02 7.139924193575146460e-02
2.121320343559642652e+02 3.516192560247683452e-01 2.121320343559642652e+02 6.961651304882232605e-02
2.474873734152916427e+02 3.178489199587036240e-01 2.474873734152916427e+02 5.935927748080362804e-02
2.828427124746190202e+02 2.885450809773402181e-01 2.828427124746190202e+02 5.273234457517703838e-02
3.181980515339463977e+02 2.622111879118572686e-01 3.181980515339463977e+02 4.135867823407454735e-02
3.535533905932737753e+02 2.393407844259348438e-01 3.535533905932737753e+02 4.796737756785467155e-02
3.889087296526011528e+02 2.170594030047827694e-01 3.889087296526011528e+02 5.025168794762350372e-02
4.242640687119285303e+02 1.975116026824347559e-01 4.242640687119285303e+02 4.745891376734662215e-02
4.596194077712559078e+02 1.775032987337810397e-01 4.596194077712559078e+02 4.895467795591743748e-02
4.949747468305832854e+02 1.572198171186550142e-01 4.949747468305832854e+02 4.645655441689058862e-02
5.303300858899106061e+02 1.435297212021868218e-01 5.303300858899106061e+02 3.418668932530923715e-02
5.656854249492380404e+02 1.296920494789241263e-01 5.656854249492380404e+02 3.861531248403086980e-02
6.010407640085653611e+02 1.195915438044669876e-01 6.010407640085653611e+02 1.669299815837584425e-02
6.363961030678927955e+02 1.097033927242839213e-01 6.363961030678927955e+02 2.084295352347551727e-02
6.717514421272201162e+02 1.006607166229017830e-01 6.717514421272201162e+02 3.093898411330223835e-02
7.071067811865475505e+02 9.172281487163980174e-02 7.071067811865475505e+02 3.624795722058692105e-02
7.424621202458748712e+02 8.521552791930700477e-02 7.424621202458748712e+02 1.635200742623285283e-02
7.778174593052023056e+02 7.624740882792577223e-02 7.778174593052023056e+02 2.032536535341441034e-02
8.131727983645296263e+02 6.893977403987983088e-02 8.131727983645296263e+02 2.242520124255097808e-02
8.485281374238570606e+02 6.365574957909714282e-02 8.485281374238570606e+02 1.779676002932626538e-02
8.838834764831843813e+02 6.037123792965615188e-02 8.838834764831843813e+02 2.091860262094248635e-02
9.192388155425118157e+02 5.670243363346744170e-02 9.192388155425118157e+02 2.005068004095008835e-02
9.545941546018391364e+02 5.391313318058031656e-02 9.545941546018391364e+02 2.784370683903676993e-02
9.899494936611665707e+02 5.115046497097925499e-02 9.899494936611665707e+02 8.683801026023693290e-03
1.025304832720494005e+03 5.387227309471738501e-02 1.025304832720494005e+03 1.429687586791792385e-02
1.060660171779821212e+03 5.576808858230113131e-02 1.060660171779821212e+03 2.939293703600689631e-02
1.096015510839148646e+03 5.551950332330513049e-02 1.096015510839148646e+03 2.194171306626887738e-02
1.131370849898476081e+03 5.163401736798203800e-02 1.131370849898476081e+03 1.047666462592459179e-02
1.166726188957803515e+03 4.551097705475210670e-02 1.166726188957803515e+03 5.627792637092286429e-03
1.202081528017130722e+03 3.798125419710839806e-02 1.202081528017130722e+03 2.184321033486376785e-03
1.237436867076458157e+03 3.429560165344790884e-02 1.237436867076458157e+03 -4.195393638603539359e-03
1.272792206135785591e+03 3.198490400837322722e-02 1.272792206135785591e+03 -1.048927785932500696e-02
1.308147545195113025e+03 2.926484505506177919e-02 1.308147545195113025e+03 1.065067061119085237e-02
1.343502884254440232e+03 2.949111716507247724e-02 1.343502884254440232e+03 1.330991269402212809e-02
1.378858223313767667e+03 2.379409316512227923e-02 1.378858223313767667e+03 3.291764503239607946e-03
1.414213562373095101e+03 1.890425596070475014e-02 1.414213562373095101e+03 1.192475744706533898e-02
1.449568901432422535e+03 1.380336607921336424e-02 1.449568901432422535e+03 6.514208616164138439e-03
1.484924240491749742e+03 1.250908604800696905e-02 1.484924240491749742e+03 -1.233441346470177252e-02
1.520279579551077177e+03 1.221461492040299725e-02 1.520279579551077177e+03 -1.997026372315576989e-02
1.555634918610404611e+03 1.139221296359770041e-02 1.555634918610404611e+03 -2.053844689970489232e-02
1.590990257669731818e+03 1.267808153225146589e-02 1.590990257669731818e+03 -1.674744906489519097e-02
1.626345596729059253e+03 1.595277932254780470e-02 1.626345596729059253e+03 -1.661253550130552953e-02
1.661700935788386687e+03 1.454362714374307988e-02 1.661700935788386687e+03 -3.477828965901064162e-02
1.697056274847714121e+03 1.299454036026229109e-02 1.697056274847714121e+03 -3.395391453693592798e-02
1.732411613907041328e+03 1.085086253273728416e-02 1.732411613907041328e+03 -2.006603393013522280e-02
1.767766952966368763e+03 9.535555094334399046e-03 1.767766952966368763e+03 -1.714348515834950709e-02
1.803122292025696197e+03 9.913701218423423903e-03 1.803122292025696197e+03 -2.746434816588629035e-03
1.838477631085023631e+03 7.953873916138798697e-03 1.838477631085023631e+03 -1.664676520567903370e-02
1.873832970144350838e+03 7.477404446084897315e-03 1.873832970144350838e+03 -2.552416840061635939e-02
1.909188309203678273e+03 2.523871819625212766e-03 1.909188309203678273e+03 -1.641378466255228111e-02
1.944543648263005707e+03 -2.398735912300692819e-04 1.944543648263005707e+03 -1.263870232322823750e-02
1.979898987322333141e+03 -4.835191000491438455e-03 1.979898987322333141e+03 -2.280007416004373871e-02
2.015254326381660348e+03 -9.617900205803190869e-03 2.015254326381660348e+03 -2.047592459349845823e-02
2.050609665440988010e+03 -9.163855517105639822e-03 2.050609665440988010e+03 -5.894089793058943094e-03
2.085965004500314990e+03 -9.163813053877803080e-03 2.085965004500314990e+03 -1.232668715706489648e-03
2.121320343559642424e+03 -8.461299021434630363e-03 2.121320343559642424e+03 -4.900354266211131259e-03
2.156675682618969859e+03 -4.211619316326180307e-03 2.156675682618969859e+03 -1.232834462009028444e-02
2.192031021678297293e+03 -1.584084306982582293e-03 2.192031021678297293e+03 6.443026071825026964e-03
2.227386360737624727e+03 1.395251625220476927e-05 2.227386360737624727e+03 -9.023973085660351445e-03
2.262741699796952162e+03 -1.534659357943223739e-03 2.262741699796952162e+03 -4.412812524439247786e-04
2.298097038856279596e+03 -7.688564663024916816e-04 2.298097038856279596e+03 -9.911276425450820521e-03
2.333452377915607030e+03 -1.785748451316736566e-03 2.333452377915607030e+03 -7.856626053241099264e-03
2.368807716974934010e+03 -5.595051728341393464e-03 2.368807716974934010e+03 -2.387557718247384532e-03
2.404163056034261444e+03 -6.939526410724318820e-03 2.404163056034261444e+03 -1.515116992973012527e-02
2.439518395093588879e+03 -6.723724183384381832e-03 2.439518395093588879e+03 -5.893725802293161425e-03
2.474873734152916313e+03 -6.429099301092628879e-03 2.474873734152916313e+03 -5.391392600674060030e-03
2.510229073212243748e+03 -2.684570287744532033e-03 2.510229073212243748e+03 -3.130306146040406782e-04
2.545584412271571182e+03 -1.451281556341769106e-03 2.545584412271571182e+03 4.172885001174866069e-03
2.580939751330898616e+03 1.615448933030338226e-04 2.580939751330898616e+03 -1.032588747676308448e-02
2.616295090390226051e+03 -7.851629202175841550e-04 2.616295090390226051e+03 6.347657449974245837e-03
2.651650429449553030e+03 7.030686446024965409e-04 2.651650429449553030e+03 1.628369538763036525e-03
2.687005768508880465e+03 1.544052525764626844e-04 2.687005768508880465e+03 -4.267540483724330778e-03
2.722361107568207899e+03 -2.038279268653950260e-03 2.722361107568207899e+03 -5.127653091272815072e-03
2.757716446627535333e+03 -6.173068745711337603e-03 2.757716446627535333e+03 -1.565796896779468941e-02
2.793071785686862768e+03 -8.698886336821214441e-03 2.793071785686862768e+03 -1.019129312847459612e-02
2.828427124746190202e+03 -9.518786972140228994e-03 2.828427124746190202e+03 -1.481711116046093533e-02
2.863782463805517637e+03 -9.620050350934095801e-03 2.863782463805517637e+03 -1.806466131258238975e-02
2.899137802864845071e+03 -8.567913590049087633e-03 2.899137802864845071e+03 -1.172987544743589287e-02
2.934493141924172050e+03 -9.433879188083893128e-03 2.934493141924172050e+03 -9.477342717563655775e-03
2.969848480983499485e+03 -5.995346337632981824e-03 2.969848480983499485e+03 2.799183254013317876e-04
3.005203820042826919e+03 -5.101311202553950909e-03 3.005203820042826919e+03 -9.218993696977222443e-03
3.040559159102154354e+03 -4.739630630823504754e-04 3.040559159102154354e+03 -4.002896696346613763e-03
3.075914498161481788e+03 -1.218457018985242706e-04 3.075914498161481788e+03 -4.747053182173279276e-03
3.111269837220809222e+03 3.085990122668661297e-04 3.111269837220809222e+03 -9.684195132733329145e-03
3.146625176280136657e+03 2.392548874944318369e-03 3.146625176280136657e+03 -1.872878558193341939e-02
3.181980515339463636e+03 2.294308282152419595e-03 3.181980515339463636e+03 -1.992472899939272055e-02
3.217335854398791071e+03 8.414550433206031401e-04 3.217335854398791071e+03 -1.727694370340785920e-02
3.252691193458118505e+03 -2.780256387189720003e-03 3.252691193458118505e+03 -1.050842187035458224e-02
3.288046532517445939e+03 -2.960449436364089373e-03 3.288046532517445939e+03 -1.949659402854323278e-02
3.323401871576773374e+03 -1.794077000386134525e-03 3.323401871576773374e+03 -1.548997048358630169e-02
3.358757210636100808e+03 7.854465464850583518e-04 3.358757210636100808e+03 -5.661958447777767044e-03
3.394112549695428243e+03 3.919271956091435402e-03 3.394112549695428243e+03 -8.118931313500566890e-03
3.429467888754755677e+03 5.599046426474181375e-03 3.429467888754755677e+03 -1.997131847975362751e-02
3.464823227814082657e+03 9.339864826157368016e-03 3.464823227814082657e+03 -1.799843633195419290e-02
3.500178566873410091e+03 1.122531361660884970e-02 3.500178566873410091e+03 -1.317216384588264927e-02
