# z, Alpha
0.000000000000000000e+00 0.000000000000000000e+00
2.500000000000000000e+00 1.228039433821079274e-01
5.000000000000000000e+00 1.967584002783040187e-01
7.500000000000000000e+00 2.335313156096924803e-01
1.000000000000000000e+01 2.422512897816364585e-01
1.250000000000000000e+01 2.328592888515803594e-01
1.500000000000000000e+01 2.149082295622190275e-01
1.750000000000000000e+01 1.956060829076091134e-01
2.000000000000000000e+01 1.784701723750544977e-01
2.250000000000000000e+01 1.642670536272768100e-01
2.500000000000000000e+01 1.529173154009732527e-01
2.750000000000000000e+01 1.441989567822261065e-01
3.000000000000000000e+01 1.368204426688423569e-01
3.250000000000000000e+01 1.302809310930578557e-01
3.500000000000000000e+01 1.248512635879050897e-01
3.750000000000000000e+01 1.207644238727301894e-01
4.000000000000000000e+01 1.182162918593778339e-01
4.250000000000000000e+01 1.164617409833625800e-01
4.500000000000000000e+01 1.145498259602688307e-01
4.750000000000000000e+01 1.133252269129450818e-01
5.000000000000000000e+01 1.129060281114284831e-01
5.250000000000000000e+01 1.130754138086633304e-01
5.500000000000000000e+01 1.133986184074534387e-01
5.750000000000000000e+01 1.132642268093420196e-01
6.000000000000000000e+01 1.131010890665617857e-01
6.250000000000000000e+01 1.130592044452601169e-01
6.500000000000000000e+01 1.138331037657590306e-01
6.750000000000000000e+01 1.152968314503703406e-01
7.000000000000000000e+01 1.163816307507117426e-01
7.250000000000000000e+01 1.164733549024439541e-01
7.500000000000000000e+01 1.157406416617416528e-01
7.750000000000000000e+01 1.150960561334058441e-01
8.000000000000000000e+01 1.148010373868534051e-01
8.250000000000000000e+01 1.149344083915133513e-01
8.500000000000000000e+01 1.157608855642427298e-01
8.750000000000000000e+01 1.171695893156108059e-01
9.000000000000000000e+01 1.185618376512702909e-01
9.250000000000000000e+01 1.196175021238378572e-01
9.500000000000000000e+01 1.196080873601513411e-01
9.750000000000000000e+01 1.190242002137372607e-01
1.000000000000000000e+02 1.189598320954443345e-01
1.025000000000000000e+02 1.191209918721160693e-01
1.050000000000000000e+02 1.188264494715852160e-01
1.075000000000000000e+02 1.180951549009504886e-01
1.100000000000000000e+02 1.173771623769463285e-01
1.125000000000000000e+02 1.171861362570243981e-01
1.150000000000000000e+02 1.175426954179916716e-01
1.175000000000000000e+02 1.176657854809157050e-01
1.200000000000000000e+02 1.177593123850650958e-01
1.225000000000000000e+02 1.182828725896893918e-01
1.250000000000000000e+02 1.188197788200150845e-01
1.275000000000000000e+02 1.184360983087308222e-01
1.300000000000000000e+02 1.167546636688681361e-01
1.325000000000000000e+02 1.155935220906530864e-01
1.350000000000000000e+02 1.163991439626673174e-01
1.375000000000000000e+02 1.177165857558162415e-01
1.400000000000000000e+02 1.169639293203001973e-01
1.425000000000000000e+02 1.139686686350787487e-01
1.450000000000000000e+02 1.111847716269739467e-01
1.475000000000000000e+02 1.094797836045275363e-01
1.500000000000000000e+02 1.087953121761038172e-01
1.525000000000000000e+02 1.094093691168746829e-01
1.550000000000000000e+02 1.105566155106845055e-01
1.575000000000000000e+02 1.114423427821596979e-01
1.600000000000000000e+02 1.107080685574851064e-01
1.625000000000000000e+02 1.083887860674536269e-01
1.650000000000000000e+02 1.066248128363844333e-01
1.675000000000000000e+02 1.060268507097671259e-01
1.700000000000000000e+02 1.051939298134795531e-01
1.725000000000000000e+02 1.039331150124633424e-01
1.750000000000000000e+02 1.034764492335259189e-01
1.775000000000000000e+02 1.032733551209023409e-01
1.800000000000000000e+02 1.020456672166423773e-01
1.825000000000000000e+02 1.008518791477794330e-01
1.850000000000000000e+02 1.013219487735120966e-01
1.875000000000000000e+02 1.027850852498541079e-01
1.900000000000000000e+02 1.041699848719653265e-01
1.925000000000000000e+02 1.050819980557488875e-01
1.950000000000000000e+02 1.047005130788780103e-01
1.975000000000000000e+02 1.027931866668969629e-01
2.000000000000000000e+02 9.943062489913409574e-02
2.025000000000000000e+02 9.666177087288088665e-02
2.050000000000000000e+02 9.631808514686544809e-02
2.075000000000000000e+02 9.592787403679590985e-02
2.100000000000000000e+02 9.367649311974764192e-02
2.125000000000000000e+02 9.120264556492518881e-02
2.150000000000000000e+02 8.914094009396417162e-02
2.175000000000000000e+02 8.753219330114248020e-02
2.200000000000000000e+02 8.598461108951946374e-02
2.225000000000000000e+02 8.463077700557943006e-02
2.250000000000000000e+02 8.388561460525435776e-02
2.275000000000000000e+02 8.364513347225707718e-02
2.300000000000000000e+02 8.411717418882365405e-02
2.325000000000000000e+02 8.558409842564303205e-02
2.350000000000000000e+02 8.704906024750592997e-02
2.375000000000000000e+02 8.897942083489764065e-02
2.400000000000000000e+02 9.113388959723106586e-02
2.425000000000000000e+02 9.187316424455523045e-02
2.450000000000000000e+02 9.142445673430170394e-02
2.475000000000000000e+02 9.101648584410458598e-02
2.500000000000000000e+02 9.087364797175914721e-02
2.525000000000000000e+02 9.050569623258053475e-02
2.550000000000000000e+02 8.870030562546230013e-02
2.575000000000000000e+02 8.553820792506147686e-02
2.600000000000000000e+02 8.304980448862674114e-02
2.625000000000000000e+02 8.189348865363431373e-02
2.650000000000000000e+02 8.131716560123071480e-02
2.675000000000000000e+02 8.141818300758588145e-02
2.700000000000000000e+02 8.265851005483335068e-02
2.725000000000000000e+02 8.485929908828901413e-02
2.750000000000000000e+02 8.755387432683624238e-02
2.775000000000000000e+02 8.904433755487059510e-02
2.800000000000000000e+02 8.894157111809852800e-02
2.825000000000000000e+02 8.816275163450568164e-02
2.850000000000000000e+02 8.657424113291294077e-02
2.875000000000000000e+02 8.457467870361626283e-02
2.900000000000000000e+02 8.370980449186503358e-02
2.925000000000000000e+02 8.377779250337619166e-02
2.950000000000000000e+02 8.314458011418003613e-02
2.975000000000000000e+02 8.178791022758882812e-02
3.000000000000000000e+02 8.101296149641343258e-02
3.025000000000000000e+02 8.074384905902297349e-02
3.050000000000000000e+02 7.964697589201709393e-02
3.075000000000000000e+02 7.798352004315843577e-02
3.100000000000000000e+02 7.575927219225865594e-02
3.125000000000000000e+02 7.418918321352185874e-02
3.150000000000000000e+02 7.425533556235028310e-02
3.175000000000000000e+02 7.467863961407286699e-02
3.200000000000000000e+02 7.443083998983505978e-02
3.225000000000000000e+02 7.327068010764442585e-02
3.250000000000000000e+02 7.063120506259566722e-02
3.275000000000000000e+02 6.726538352382205321e-02
3.300000000000000000e+02 6.586227555524719335e-02
3.325000000000000000e+02 6.674680424394159595e-02
3.350000000000000000e+02 6.754546390398152855e-02
3.375000000000000000e+02 6.653676797706364887e-02
3.400000000000000000e+02 6.471306593902347026e-02
3.425000000000000000e+02 6.359412466488983950e-02
3.450000000000000000e+02 6.326837920141126226e-02
3.475000000000000000e+02 6.276529571523868645e-02
3.500000000000000000e+02 6.137576667277644393e-02
3.525000000000000000e+02 6.016328185080582064e-02
3.550000000000000000e+02 5.983342898030274970e-02
3.575000000000000000e+02 6.028110076742283080e-02
3.600000000000000000e+02 6.088444659133945835e-02
3.625000000000000000e+02 6.090058177180538573e-02
3.650000000000000000e+02 6.023599504377718378e-02
3.675000000000000000e+02 5.899433737253229754e-02
3.700000000000000000e+02 5.793210331375443778e-02
3.725000000000000000e+02 5.844594261254421746e-02
3.750000000000000000e+02 6.035631564178659675e-02
3.775000000000000000e+02 6.220396436338426066e-02
3.800000000000000000e+02 6.223440279582040380e-02
3.825000000000000000e+02 6.119089353842389889e-02
3.850000000000000000e+02 5.958364163365534316e-02
3.875000000000000000e+02 5.851127610310692673e-02
3.900000000000000000e+02 5.691768267201875037e-02
3.925000000000000000e+02 5.670441067709627858e-02
3.950000000000000000e+02 5.578803613530840949e-02
3.975000000000000000e+02 5.533677788007354548e-02
4.000000000000000000e+02 5.375873776326645093e-02
4.025000000000000000e+02 5.420976842317893479e-02
4.050000000000000000e+02 5.259537355129689784e-02
4.075000000000000000e+02 5.211209233354682085e-02
4.100000000000000000e+02 4.858661712212586359e-02
4.125000000000000000e+02 4.877106029134549436e-02
4.150000000000000000e+02 4.724118844485757085e-02
4.175000000000000000e+02 4.869092028423949170e-02
4.200000000000000000e+02 4.587053430541562782e-02
4.225000000000000000e+02 4.861668309204016103e-02
4.250000000000000000e+02 4.463472575084095895e-02
4.275000000000000000e+02 4.679584667430159578e-02
4.300000000000000000e+02 4.059806913021885705e-02
4.325000000000000000e+02 4.318364110337837014e-02
4.350000000000000000e+02 3.650085356614766324e-02
4.375000000000000000e+02 4.045555360170306758e-02
4.400000000000000000e+02 3.196806696937694314e-02
4.425000000000000000e+02 3.647594252062548448e-02
4.450000000000000000e+02 2.574838761256464589e-02
4.475000000000000000e+02 3.131337351514562606e-02
4.500000000000000000e+02 1.864061307109350640e-02
4.525000000000000000e+02 2.643641254180947517e-02
4.550000000000000000e+02 1.237479666612311367e-02
4.575000000000000000e+02 2.416836783389218410e-02
4.600000000000000000e+02 9.431102324230168990e-03
4.625000000000000000e+02 2.545405590231248835e-02
4.650000000000000000e+02 8.272796394150985083e-03
4.675000000000000000e+02 2.650159758598079687e-02
4.700000000000000000e+02 7.081134800691391874e-03
4.725000000000000000e+02 2.735305104697997869e-02
4.750000000000000000e+02 3.338469566151765818e-03
4.775000000000000000e+02 2.654609363267769473e-02
4.800000000000000000e+02 -1.635898366893799626e-03
4.825000000000000000e+02 2.570363036119492281e-02
4.850000000000000000e+02 -8.127356070031000607e-03
4.875000000000000000e+02 2.462684549019480626e-02
4.900000000000000000e+02 -1.672280416209604575e-02
4.925000000000000000e+02 2.354450910593955046e-02
4.950000000000000000e+02 -2.589148811338497919e-02
4.975000000000000000e+02 2.563255490441269241e-02
5.000000000000000000e+02 -3.382095174573190172e-02
5.025000000000000000e+02 3.032373958372198974e-02
5.050000000000000000e+02 -4.199698372000833235e-02
5.075000000000000000e+02 3.751610948001407597e-02
5.100000000000000000e+02 -4.997106160195353280e-02
5.125000000000000000e+02 4.732856680825669321e-02
5.150000000000000000e+02 -5.844428708139360468e-02
5.175000000000000000e+02 5.852087868505853607e-02
5.200000000000000000e+02 -6.816445409277162304e-02
5.225000000000000000e+02 7.050659410950584072e-02
5.250000000000000000e+02 -8.048448771089507237e-02
5.275000000000000000e+02 8.331761075921367832e-02
5.300000000000000000e+02 -9.584784615428437737e-02
5.325000000000000000e+02 9.955540475378943377e-02
5.350000000000000000e+02 -1.128152876082029604e-01
5.375000000000000000e+02 1.183514133934873008e-01
5.400000000000000000e+02 -1.299336618687663703e-01
5.425000000000000000e+02 1.360665389300582950e-01
5.450000000000000000e+02 -1.448740462868590706e-01
5.475000000000000000e+02 1.503194859329672617e-01
5.500000000000000000e+02 -1.567000695447995640e-01
5.525000000000000000e+02 1.612998273197653598e-01
5.550000000000000000e+02 -1.662668645864030792e-01
5.575000000000000000e+02 1.702945785796673994e-01
5.600000000000000000e+02 -1.745349628698281974e-01
5.625000000000000000e+02 1.783143926128069323e-01
5.650000000000000000e+02 -1.822535029463400458e-01
5.675000000000000000e+02 1.859600530854814693e-01
5.700000000000000000e+02 -1.897365288664207561e-01
5.725000000000000000e+02 1.934079316562142548e-01
5.750000000000000000e+02 -1.970595082798329012e-01
5.775000000000000000e+02 2.007031046884272529e-01
5.800000000000000000e+02 -2.042401027290245974e-01
5.825000000000000000e+02 2.078513066305307799e-01
5.850000000000000000e+02 -2.112738793972451234e-01
5.875000000000000000e+02 2.148436201000172852e-01
5.900000000000000000e+02 -2.181484253625041170e-01
5.925000000000000000e+02 2.216662764235141359e-01
5.950000000000000000e+02 -2.248487945908963781e-01
5.975000000000000000e+02 2.283036733456006162e-01
6.000000000000000000e+02 -2.313587046552683935e-01
6.025000000000000000e+02 2.347387568524827717e-01
6.050000000000000000e+02 -2.376605220001246910e-01
6.075000000000000000e+02 2.409529405138757518e-01
6.100000000000000000e+02 -2.437350999528802298e-01
6.125000000000000000e+02 2.469259848719372319e-01
6.150000000000000000e+02 -2.495614910783522378e-01
6.175000000000000000e+02 2.526357253086158883e-01
6.200000000000000000e+02 -2.551166782652337650e-01
6.225000000000000000e+02 2.580578498398804488e-01
6.250000000000000000e+02 -2.603751090215430941e-01
6.275000000000000000e+02 2.631653651129365890e-01
6.300000000000000000e+02 -2.653082617701409962e-01
6.325000000000000000e+02 2.679283730271218023e-01
6.350000000000000000e+02 -2.698844968443486758e-01
6.375000000000000000e+02 2.723139353757020320e-01
6.400000000000000000e+02 -2.740675418982477796e-01
6.425000000000000000e+02 2.762814688312575928e-01
6.450000000000000000e+02 -2.778542433543211843e-01
6.475000000000000000e+02 2.818420325090609246e-01
6.500000000000000000e+02 -2.731285070394889325e-01
6.525000000000000000e+02 2.453328085060763886e-01
6.550000000000000000e+02 -2.290790056392406626e-01
6.575000000000000000e+02 2.135806981473354071e-01
6.600000000000000000e+02 -1.964038759473757390e-01
6.625000000000000000e+02 1.795309274699653512e-01
6.650000000000000000e+02 -1.620930021017923384e-01
6.675000000000000000e+02 1.447398113145180187e-01
6.700000000000000000e+02 -1.268878296829548946e-01
6.725000000000000000e+02 1.088587379356390078e-01
6.750000000000000000e+02 -9.060330918909992315e-02
6.775000000000000000e+02 7.187316032828075518e-02
6.800000000000000000e+02 -5.310479561077710575e-02
6.825000000000000000e+02 3.396409778952924619e-02
6.850000000000000000e+02 -1.459501289521319446e-02
6.875000000000000000e+02 -4.733337301130618492e-03
6.900000000000000000e+02 2.466262583961175911e-02
6.925000000000000000e+02 -4.422058841290275183e-02
6.950000000000000000e+02 6.450953312568408204e-02
6.975000000000000000e+02 -8.447985838680169279e-02
7.000000000000000000e+02 1.049319235341303891e-01
7.025000000000000000e+02 -1.254101084215405171e-01
7.050000000000000000e+02 1.460021288569834930e-01
7.075000000000000000e+02 -1.668903445926416818e-01
7.100000000000000000e+02 1.877964182402093729e-01
7.125000000000000000e+02 -2.088475841311102921e-01
7.150000000000000000e+02 2.303332969343624692e-01
7.175000000000000000e+02 -2.513175313623909890e-01
7.200000000000000000e+02 2.735354871272446253e-01
7.225000000000000000e+02 -2.944319449679819178e-01
7.250000000000000000e+02 3.172542738524103401e-01
7.275000000000000000e+02 -3.383076269604852748e-01
7.300000000000000000e+02 3.613604358869817457e-01
7.325000000000000000e+02 -3.829139698716702567e-01
7.350000000000000000e+02 4.058618900935102580e-01
7.375000000000000000e+02 -4.280260602413789583e-01
7.400000000000000000e+02 4.509827880812907752e-01
7.425000000000000000e+02 -4.730993423201097503e-01
7.450000000000000000e+02 4.963572523306071793e-01
7.475000000000000000e+02 -5.249565379310177082e-01
7.500000000000000000e+02 5.441959334716255370e-01
7.525000000000000000e+02 -5.418469749331235041e-01
7.550000000000000000e+02 5.454446046360721390e-01
7.575000000000000000e+02 -5.468294495157325352e-01
7.600000000000000000e+02 5.499764877230564064e-01
7.625000000000000000e+02 -5.512357749849753352e-01
7.650000000000000000e+02 5.543329123787884560e-01
7.675000000000000000e+02 -5.555007995515089947e-01
7.700000000000000000e+02 5.585344755538830253e-01
7.725000000000000000e+02 -5.596184991891128835e-01
7.750000000000000000e+02 5.625936739290688937e-01
7.775000000000000000e+02 -5.635997887205651535e-01
7.800000000000000000e+02 5.665206408683033379e-01
7.825000000000000000e+02 -5.674552373547404605e-01
7.850000000000000000e+02 5.703264875698683678e-01
7.875000000000000000e+02 -5.711959347329046421e-01
7.900000000000000000e+02 5.740227108206840123e-01
7.925000000000000000e+02 -5.748332030450021835e-01
7.950000000000000000e+02 5.776207716900556566e-01
7.975000000000000000e+02 -5.783784680362029640e-01
8.000000000000000000e+02 5.811321996607476947e-01
8.025000000000000000e+02 -5.818432192445351925e-01
8.050000000000000000e+02 5.845685135668646781e-01
8.075000000000000000e+02 -5.852389693131782034e-01
8.100000000000000000e+02 5.879412667058281361e-01
8.125000000000000000e+02 -5.885772347952600292e-01
8.150000000000000000e+02 5.912620349899585515e-01
8.175000000000000000e+02 -5.918695307141161877e-01
8.200000000000000000e+02 5.945423555720372732e-01
8.225000000000000000e+02 -5.951273194397284083e-01
8.250000000000000000e+02 5.977937293413156938e-01
8.275000000000000000e+02 -5.983620067809772847e-01
8.300000000000000000e+02 6.010275730980136899e-01
8.325000000000000000e+02 -6.015848943674109162e-01
8.350000000000000000e+02 6.042552181386188215e-01
8.375000000000000000e+02 -6.048071962107812727e-01
8.400000000000000000e+02 6.074878800662872891e-01
8.425000000000000000e+02 -6.080400838307626898e-01
8.450000000000000000e+02 6.107367649390331721e-01
8.475000000000000000e+02 -6.112946104088454735e-01
8.500000000000000000e+02 6.140128591008567893e-01
8.525000000000000000e+02 -6.145816576840132939e-01
8.550000000000000000e+02 6.173271210452574431e-01
8.575000000000000000e+02 -6.179121223534659313e-01
8.600000000000000000e+02 6.206904298879918347e-01
8.625000000000000000e+02 -6.212967819739435571e-01
8.650000000000000000e+02 6.241135536084710944e-01
8.675000000000000000e+02 -6.247462434953943156e-01
8.700000000000000000e+02 6.276069648786947175e-01
8.725000000000000000e+02 -6.282708064591145947e-01
8.750000000000000000e+02 6.311810802572350720e-01
8.775000000000000000e+02 -6.318809689549684805e-01
8.800000000000000000e+02 6.348463566240756251e-01
8.825000000000000000e+02 -6.355869887720957401e-01
8.850000000000000000e+02 6.386129349655678134e-01
8.875000000000000000e+02 -6.393988102244193561e-01
8.900000000000000000e+02 6.424907064608139651e-01
8.925000000000000000e+02 -6.433262618206263550e-01
8.950000000000000000e+02 6.464894957799062203e-01
8.975000000000000000e+02 -6.473791127170204218e-01
9.000000000000000000e+02 6.506189432251630045e-01
9.025000000000000000e+02 -6.515668149803279796e-01
9.050000000000000000e+02 6.548884768397865708e-01
9.075000000000000000e+02 -6.558986802123617510e-01
9.100000000000000000e+02 6.593073037699418437e-01
9.125000000000000000e+02 -6.603839158156243894e-01
9.150000000000000000e+02 6.638845147705347838e-01
9.175000000000000000e+02 -6.650313397174251184e-01
9.200000000000000000e+02 6.686288819739296674e-01
9.225000000000000000e+02 -6.698496716465031087e-01
9.250000000000000000e+02 6.735490052503878555e-01
9.275000000000000000e+02 -6.748474172731236953e-01
9.300000000000000000e+02 6.786531899263645862e-01
9.325000000000000000e+02 -6.800326758963015639e-01
9.350000000000000000e+02 6.839496050060732690e-01
9.375000000000000000e+02 -6.854134845291666167e-01
9.400000000000000000e+02 6.894460530647381624e-01
9.425000000000000000e+02 -6.909975816427712525e-01
9.450000000000000000e+02 6.951501030318766317e-01
9.475000000000000000e+02 -6.967923577767245469e-01
9.500000000000000000e+02 7.010692180130887463e-01
9.525000000000000000e+02 -7.028050095259353869e-01
9.550000000000000000e+02 7.072103856302296432e-01
9.575000000000000000e+02 -7.090425071380361821e-01
9.600000000000000000e+02 7.135803648872390825e-01
9.625000000000000000e+02 -7.155114321103240860e-01
9.650000000000000000e+02 7.201857895958881928e-01
9.675000000000000000e+02 -7.222180573247000135e-01
9.700000000000000000e+02 7.270328253143297781e-01
9.725000000000000000e+02 -7.291685085616658180e-01
9.750000000000000000e+02 7.341273266328598446e-01
9.775000000000000000e+02 -7.363684986267219346e-01
9.800000000000000000e+02 7.414750312030252699e-01
9.825000000000000000e+02 -7.438233466424299944e-01
9.850000000000000000e+02 7.490812025045081590e-01
9.875000000000000000e+02 -7.515381706612419555e-01
9.900000000000000000e+02 7.569508137408861304e-01
9.925000000000000000e+02 -7.595176592171275498e-01
9.950000000000000000e+02 7.650812454892894632e-01
9.975000000000000000e+02 -7.679769260580076029e-01
1.000000000000000000e+03 -7.713864094906429658e-01
