z Tu Tv Tw
0.000000000000000000e+00 1.014277288813531175e-04 1.900854829199772754e-04 5.383767649220633324e-07
2.500000000000000000e+00 3.807186620018114922e-04 4.737365405106345605e-04 -2.547460148912743675e-05
5.000000000000000000e+00 6.195368701847371595e-04 7.141478629129494743e-04 -7.641414376840700048e-05
7.500000000000000000e+00 8.673524560019359175e-04 9.580113014696564622e-04 -1.433653236379939342e-04
1.000000000000000000e+01 1.105928410931414927e-03 1.180317129813550922e-03 -2.195433671659293828e-04
1.250000000000000000e+01 1.318699714003514515e-03 1.361464426601833016e-03 -2.987084809344105283e-04
1.500000000000000000e+01 1.484989137210897085e-03 1.483577286265955414e-03 -3.843933480840031535e-04
1.750000000000000000e+01 1.596584648724404991e-03 1.541348375211168886e-03 -4.731840019783717052e-04
2.000000000000000000e+01 1.657891214395647165e-03 1.542781736345932592e-03 -5.615633214726207167e-04
2.250000000000000000e+01 1.679313183894487298e-03 1.505796070052019741e-03 -6.423699697787467293e-04
2.500000000000000000e+01 1.673541674160890051e-03 1.452266183210292657e-03 -7.103317135143334725e-04
2.750000000000000000e+01 1.652529452667715832e-03 1.395897469794908814e-03 -7.619592943660409698e-04
3.000000000000000000e+01 1.619670604640873531e-03 1.337189018730339241e-03 -7.975694780118791367e-04
3.250000000000000000e+01 1.574382256755006834e-03 1.273700961493227706e-03 -8.192712208948046146e-04
3.500000000000000000e+01 1.520880800533473123e-03 1.208799228757277428e-03 -8.298049608760393924e-04
3.750000000000000000e+01 1.466993310096631736e-03 1.145188693969578309e-03 -8.308679602852109400e-04
4.000000000000000000e+01 1.419759983023391242e-03 1.081072555983530461e-03 -8.247990200775339028e-04
4.250000000000000000e+01 1.378958811921518089e-03 1.016975214296712794e-03 -8.137995770281328820e-04
4.500000000000000000e+01 1.342456413643208129e-03 9.565000774503914713e-04 -7.992225686895799508e-04
4.750000000000000000e+01 1.307349693520450237e-03 8.979252604348858351e-04 -7.820626483200576132e-04
5.000000000000000000e+01 1.272451722670734850e-03 8.397130457920980477e-04 -7.627348487360225901e-04
5.250000000000000000e+01 1.237867801259858510e-03 7.842339574586276382e-04 -7.417928739839903382e-04
5.500000000000000000e+01 1.200923824923540943e-03 7.326968999481664642e-04 -7.201847176263224222e-04
5.750000000000000000e+01 1.160783567746921175e-03 6.856206368474772718e-04 -6.984427751481756463e-04
6.000000000000000000e+01 1.118207688236316213e-03 6.425669139684146366e-04 -6.766870942260693649e-04
6.250000000000000000e+01 1.074146949131909350e-03 6.037683620859411694e-04 -6.550008462115425529e-04
6.500000000000000000e+01 1.031964999730757828e-03 5.702294624490036835e-04 -6.337292387547215902e-04
6.750000000000000000e+01 9.935145066840959677e-04 5.402826721806831866e-04 -6.132148794840727550e-04
7.000000000000000000e+01 9.577260546237312093e-04 5.116322296693510659e-04 -5.935718746626957726e-04
7.250000000000000000e+01 9.243113521684790919e-04 4.839930296564716678e-04 -5.747979795379501477e-04
7.500000000000000000e+01 8.930738699287076076e-04 4.570616005587225779e-04 -5.568802249462767150e-04
7.750000000000000000e+01 8.640036538995331684e-04 4.304635504578982453e-04 -5.399143122557725164e-04
8.000000000000000000e+01 8.371013529986726445e-04 4.043324551105343051e-04 -5.236793724806799652e-04
8.250000000000000000e+01 8.109121378009262731e-04 3.777184472573140070e-04 -5.078661995901321202e-04
8.500000000000000000e+01 7.851447015778375898e-04 3.507717766299151560e-04 -4.923775903609216124e-04
8.750000000000000000e+01 7.615040037978018954e-04 3.263841715465787383e-04 -4.772966960278098155e-04
9.000000000000000000e+01 7.409188716774338162e-04 3.053836779106177237e-04 -4.626450366325535169e-04
9.250000000000000000e+01 7.230919756781304438e-04 2.862956135609124675e-04 -4.484843827395233132e-04
9.500000000000000000e+01 7.054937723922875695e-04 2.680676110595299954e-04 -4.347326240279251563e-04
9.750000000000000000e+01 6.859469129341278122e-04 2.503598492423861777e-04 -4.211661660378652593e-04
1.000000000000000000e+02 6.648573716010901030e-04 2.333427566807472382e-04 -4.078533472869098008e-04
1.025000000000000000e+02 6.438742376263576189e-04 2.175144433902346348e-04 -3.950049733585515432e-04
1.050000000000000000e+02 6.233090950214546311e-04 2.022834448304024538e-04 -3.826487401239067956e-04
1.075000000000000000e+02 6.037615529451272620e-04 1.872985541823027171e-04 -3.707763701077733832e-04
1.100000000000000000e+02 5.852148878928687369e-04 1.734216653636963144e-04 -3.594111002528452693e-04
1.125000000000000000e+02 5.658515460267722185e-04 1.617356633686654280e-04 -3.484172663798195779e-04
1.150000000000000000e+02 5.451397537498565158e-04 1.523614943694269605e-04 -3.376892465264597944e-04
1.175000000000000000e+02 5.242978393551311466e-04 1.442601775616481150e-04 -3.271241811322547917e-04
1.200000000000000000e+02 5.032600352904295984e-04 1.360602550253361303e-04 -3.168079942334254108e-04
1.225000000000000000e+02 4.811032837097059338e-04 1.270801285670700046e-04 -3.068946868298521539e-04
1.250000000000000000e+02 4.592929498813077584e-04 1.180658877041196325e-04 -2.973291800160256172e-04
1.275000000000000000e+02 4.396080691283032029e-04 1.100112596269696094e-04 -2.880015390525140205e-04
1.300000000000000000e+02 4.225921903368430295e-04 1.029315905185171630e-04 -2.789077939879624590e-04
1.325000000000000000e+02 4.079779797984997266e-04 9.587673895064199739e-05 -2.700843740108761683e-04
1.350000000000000000e+02 3.946602330904624783e-04 8.833940328520383835e-05 -2.615969768967158176e-04
1.375000000000000000e+02 3.811640779060326161e-04 8.029588158240130735e-05 -2.533709898103619234e-04
1.400000000000000000e+02 3.676478847707926267e-04 7.149812588950225846e-05 -2.452531016566901912e-04
1.425000000000000000e+02 3.556635090504301042e-04 6.287217010957420356e-05 -2.372957938149110454e-04
1.450000000000000000e+02 3.455269035377341318e-04 5.590061462604580846e-05 -2.296187711110811663e-04
1.475000000000000000e+02 3.364649502466704901e-04 5.147435567537286382e-05 -2.222459378713005976e-04
1.500000000000000000e+02 3.275538474406175841e-04 4.909253281023211570e-05 -2.151381472755442982e-04
1.525000000000000000e+02 3.184999480984174571e-04 4.788126304241587000e-05 -2.082839841341082427e-04
1.550000000000000000e+02 3.093509261827648250e-04 4.729527209010484185e-05 -2.016338823364933639e-04
1.575000000000000000e+02 2.999090897688802136e-04 4.646070729839948163e-05 -1.951262909724705934e-04
1.600000000000000000e+02 2.900762844328369353e-04 4.500254310294167504e-05 -1.887568541940035549e-04
1.625000000000000000e+02 2.801761084706185911e-04 4.281289259965888197e-05 -1.825404182870468152e-04
1.650000000000000000e+02 2.705347598510684137e-04 4.012642656587104016e-05 -1.764950328584664191e-04
1.675000000000000000e+02 2.613629532853565325e-04 3.726542664229555153e-05 -1.706301297036796655e-04
1.700000000000000000e+02 2.526071388022159935e-04 3.442165015029558748e-05 -1.649430164125078506e-04
1.725000000000000000e+02 2.439537243179188352e-04 3.170970811617052895e-05 -1.594460755595708524e-04
1.750000000000000000e+02 2.354612478754575060e-04 2.895241639735104440e-05 -1.541614894221833803e-04
1.775000000000000000e+02 2.274308769726872143e-04 2.620215330487098921e-05 -1.490849088408019983e-04
1.800000000000000000e+02 2.200846585471822562e-04 2.363487849182774905e-05 -1.441458076376267081e-04
1.825000000000000000e+02 2.135301626608679805e-04 2.121924507277981334e-05 -1.393575718957060857e-04
1.850000000000000000e+02 2.075959822891604734e-04 1.898104708316168318e-05 -1.347559956533469529e-04
1.875000000000000000e+02 2.020471410585742030e-04 1.720669876365264037e-05 -1.303469700226711167e-04
1.900000000000000000e+02 1.968390281620259106e-04 1.613041183221639691e-05 -1.261255455471757287e-04
1.925000000000000000e+02 1.919161391375496367e-04 1.538492188934696922e-05 -1.220780612192342370e-04
1.950000000000000000e+02 1.871228850350007593e-04 1.466591063541500314e-05 -1.181965816403609474e-04
1.975000000000000000e+02 1.823138980787348336e-04 1.398880101074837549e-05 -1.144471536514230842e-04
2.000000000000000000e+02 1.773180108075507759e-04 1.331795924580774298e-05 -1.108297998496746985e-04
2.025000000000000000e+02 1.721286963318107235e-04 1.260508747452604463e-05 -1.073427185739225223e-04
2.050000000000000000e+02 1.669785113822285817e-04 1.174909069037539631e-05 -1.039887520659951541e-04
2.075000000000000000e+02 1.617068383681271313e-04 1.061737088841709897e-05 -1.007473303669329505e-04
2.100000000000000000e+02 1.561293000374007630e-04 9.258666837877171918e-06 -9.759356690244872987e-05
2.125000000000000000e+02 1.504555834883376385e-04 7.795321265462006592e-06 -9.451582257556854464e-05
2.150000000000000000e+02 1.449315875760248619e-04 6.513672498851974506e-06 -9.150435307977143086e-05
2.175000000000000000e+02 1.397201843333391444e-04 5.606092523055394765e-06 -8.855639206905617316e-05
2.200000000000000000e+02 1.349914354068118918e-04 4.890077269612902463e-06 -8.569019950661318965e-05
2.225000000000000000e+02 1.306173438963355619e-04 4.177059649987313303e-06 -8.291402804502711536e-05
2.250000000000000000e+02 1.262678627127002172e-04 3.494827755298502004e-06 -8.021927532474977345e-05
2.275000000000000000e+02 1.218964500202901024e-04 2.915290306589213111e-06 -7.759882093785862441e-05
2.300000000000000000e+02 1.175046822302533612e-04 2.527968879326181014e-06 -7.506363686698092812e-05
2.325000000000000000e+02 1.130910076403665755e-04 2.394758773846206012e-06 -7.261606071675236966e-05
2.350000000000000000e+02 1.086275196940846433e-04 2.341907066079329700e-06 -7.026290771090380922e-05
2.375000000000000000e+02 1.042600218610345971e-04 2.347820440843406611e-06 -6.800503807395636520e-05
2.400000000000000000e+02 1.001743639131632283e-04 2.446128655537904507e-06 -6.584483093208700060e-05
2.425000000000000000e+02 9.633973228344529423e-05 2.383498820893237413e-06 -6.376269433541796811e-05
2.450000000000000000e+02 9.257353529329747689e-05 2.051495881516984820e-06 -6.173882825919623819e-05
2.475000000000000000e+02 8.870877756842219857e-05 1.695742943184086462e-06 -5.975330658085762665e-05
2.500000000000000000e+02 8.466975914651584409e-05 1.557124280066091093e-06 -5.779961791035900185e-05
2.525000000000000000e+02 8.060337882509430055e-05 1.693241871532791239e-06 -5.589536337650779065e-05
2.550000000000000000e+02 7.677412162177006249e-05 1.959383758003241582e-06 -5.406306784386424158e-05
2.575000000000000000e+02 7.347363212950312641e-05 2.297443427357848022e-06 -5.231177022728887804e-05
2.600000000000000000e+02 7.079693614123243545e-05 2.719988525768712882e-06 -5.062558919759117218e-05
2.625000000000000000e+02 6.842603726422566630e-05 3.091482800380163036e-06 -4.898313014675629559e-05
2.650000000000000000e+02 6.595959606551104624e-05 3.208948696442348484e-06 -4.737179167813270874e-05
2.675000000000000000e+02 6.336835080691116955e-05 3.009238276331416316e-06 -4.577915049111921697e-05
2.700000000000000000e+02 6.084626553150655884e-05 2.640980475246124274e-06 -4.420865106176893075e-05
2.725000000000000000e+02 5.858339189300068085e-05 2.368069375393133625e-06 -4.266484204146352323e-05
2.750000000000000000e+02 5.661377028710603356e-05 2.300984412499928869e-06 -4.116062464111280633e-05
2.775000000000000000e+02 5.475913337728570592e-05 2.292441980682724743e-06 -3.970402664480702522e-05
2.800000000000000000e+02 5.293368165667970644e-05 2.147096973453699309e-06 -3.829280292791778273e-05
2.825000000000000000e+02 5.128486170311816758e-05 1.792559015700589930e-06 -3.692677482783505641e-05
2.850000000000000000e+02 4.983685491195046511e-05 1.263391928046075831e-06 -3.560595567270909557e-05
2.875000000000000000e+02 4.844276292177482872e-05 6.539592477793121161e-07 -3.432002216913291335e-05
2.900000000000000000e+02 4.699510175104251443e-05 1.368528712646366209e-07 -3.306349180283476284e-05
2.925000000000000000e+02 4.550808011797471248e-05 -1.813880625036290311e-07 -3.183688535102738624e-05
2.950000000000000000e+02 4.398583399597555122e-05 -3.825390441420495520e-07 -3.064364213458474723e-05
2.975000000000000000e+02 4.241383604736483781e-05 -5.228063414733696789e-07 -2.948487026279181686e-05
3.000000000000000000e+02 4.081689902043308699e-05 -5.629931028352075371e-07 -2.836133919976310409e-05
3.025000000000000000e+02 3.925102827392947668e-05 -5.323863813259776842e-07 -2.726212288888743500e-05
3.050000000000000000e+02 3.776787761470359216e-05 -5.253913069964255190e-07 -2.618874841231391755e-05
3.075000000000000000e+02 3.632022544317123624e-05 -5.882686513132284855e-07 -2.513909856306439523e-05
3.100000000000000000e+02 3.483411541462828599e-05 -6.548647395447915416e-07 -2.411457207498195643e-05
3.125000000000000000e+02 3.328518163004901090e-05 -6.477888563836131602e-07 -2.310666729999655571e-05
3.150000000000000000e+02 3.167988555510419430e-05 -5.742727032043148599e-07 -2.211893216086639006e-05
3.175000000000000000e+02 3.004596839226678795e-05 -4.889658381557638074e-07 -2.115099571944793627e-05
3.200000000000000000e+02 2.842967271083125547e-05 -4.574754556188054465e-07 -2.021091285239427895e-05
3.225000000000000000e+02 2.686432494997461495e-05 -4.567076519037982568e-07 -1.929603277834697486e-05
3.250000000000000000e+02 2.537963887128853599e-05 -4.250344486763424445e-07 -1.841199961339996243e-05
3.275000000000000000e+02 2.395177790198204168e-05 -4.208169065918809796e-07 -1.755510456248188985e-05
3.300000000000000000e+02 2.258357442344731571e-05 -5.057087067598331399e-07 -1.673204463575371986e-05
3.325000000000000000e+02 2.129354177698132775e-05 -6.659145424464441439e-07 -1.593305495576315735e-05
3.350000000000000000e+02 2.010129203345058970e-05 -8.732264521654542133e-07 -1.516139782219766715e-05
3.375000000000000000e+02 1.903327556636895743e-05 -1.056561069810868551e-06 -1.440762542914058009e-05
3.400000000000000000e+02 1.807234487853293038e-05 -1.148292972061426619e-06 -1.367882688453394831e-05
3.425000000000000000e+02 1.718818314956251775e-05 -1.125029321678994086e-06 -1.296743743421239243e-05
3.450000000000000000e+02 1.634996546908951121e-05 -9.986392190853622069e-07 -1.228309656885781697e-05
3.475000000000000000e+02 1.550505415990528451e-05 -8.190917368665395951e-07 -1.161685243388899267e-05
3.500000000000000000e+02 1.462885540938714250e-05 -6.367841321434753330e-07 -1.097951470669034229e-05
3.525000000000000000e+02 1.373329562134131232e-05 -4.592003235870833958e-07 -1.035985672203618867e-05
3.550000000000000000e+02 1.284160978399313557e-05 -2.935197064743988440e-07 -9.769024975214727561e-06
3.575000000000000000e+02 1.196371239581139962e-05 -1.572350628634922050e-07 -9.194111366176221529e-06
3.600000000000000000e+02 1.112409179515907525e-05 -5.327451980292607669e-08 -8.646912760358425250e-06
3.625000000000000000e+02 1.033947984126371005e-05 3.026487845545489068e-08 -8.115114718067799747e-06
3.650000000000000000e+02 9.626589629510817455e-06 1.032303594342920402e-07 -7.613202312636098167e-06
3.675000000000000000e+02 8.974624605832559496e-06 1.616334898699278798e-07 -7.126748432745102932e-06
3.700000000000000000e+02 8.367344387761477213e-06 2.034141381386689237e-07 -6.670574978463039667e-06
3.725000000000000000e+02 7.788237293902965813e-06 2.501701698861325179e-07 -6.227032059857087427e-06
3.750000000000000000e+02 7.257391201380869126e-06 3.132997922421054879e-07 -5.810764061319088629e-06
3.775000000000000000e+02 6.791739419918485759e-06 3.941380860851495748e-07 -5.405680308867176140e-06
3.800000000000000000e+02 6.372874463261268808e-06 4.715020325534169362e-07 -5.029096001960101735e-06
3.825000000000000000e+02 5.954170989264184706e-06 5.310671681627354645e-07 -4.663605690638649936e-06
3.850000000000000000e+02 5.533583668659502706e-06 5.765668161984649263e-07 -4.326000153995938571e-06
3.875000000000000000e+02 5.140777673625507344e-06 6.128743917997780924e-07 -3.998904626376371043e-06
3.900000000000000000e+02 4.784411057823945444e-06 6.201059772706685082e-07 -3.699959821993737345e-06
3.925000000000000000e+02 4.440309508618156859e-06 5.848695457757457671e-07 -3.408876440825500701e-06
3.950000000000000000e+02 4.118759606376443111e-06 5.240450822952880052e-07 -3.142410858033993525e-06
3.975000000000000000e+02 3.817996650127497980e-06 4.589938121739578233e-07 -2.882544440109037904e-06
4.000000000000000000e+02 3.522165587457948071e-06 3.930387790205714083e-07 -2.647545290903307938e-06
4.025000000000000000e+02 3.217396402101257888e-06 3.286721433028106084e-07 -2.418555011598687950e-06
4.050000000000000000e+02 2.909643835960196061e-06 2.776060447672534602e-07 -2.213411898919137072e-06
4.075000000000000000e+02 2.597713919442412416e-06 2.400256997248106737e-07 -2.013171327806717054e-06
4.100000000000000000e+02 2.295080058843268448e-06 2.027798233712019319e-07 -1.835114287937784970e-06
4.125000000000000000e+02 2.014550659782799056e-06 1.619811684236083241e-07 -1.661245761433443863e-06
4.150000000000000000e+02 1.773245484059771148e-06 1.284381292407488326e-07 -1.509129886089854391e-06
4.175000000000000000e+02 1.566245889387118888e-06 1.099158281931522593e-07 -1.361278098809575834e-06
4.200000000000000000e+02 1.387503436171755227e-06 1.040970389567519319e-07 -1.233990551268347966e-06
4.225000000000000000e+02 1.231984214848580408e-06 9.933083605346837763e-08 -1.109764188499555314e-06
4.250000000000000000e+02 1.104827796632434847e-06 9.210842571292232640e-08 -1.003918958064566977e-06
4.275000000000000000e+02 9.933292260711823325e-07 8.346675859911556000e-08 -9.000054476729026915e-07
4.300000000000000000e+02 8.939737672221781817e-07 7.582751171639756587e-08 -8.122962865439857495e-07
4.325000000000000000e+02 7.969985070644724822e-07 6.906469596970054530e-08 -7.252972211566899189e-07
4.350000000000000000e+02 7.088045150567268163e-07 6.344357054786086804e-08 -6.523201675986472895e-07
4.375000000000000000e+02 6.285222033739046588e-07 5.724802005033780214e-08 -5.791439913828383597e-07
4.400000000000000000e+02 5.606140166378281955e-07 5.102621363448633603e-08 -5.181334913596048790e-07
4.425000000000000000e+02 4.951274803715932262e-07 4.225243339988082902e-08 -4.568217837122204469e-07
4.450000000000000000e+02 4.354612313250072582e-07 3.401174517421168348e-08 -4.064671343130520936e-07
4.475000000000000000e+02 3.762437918794603068e-07 2.698164686307791120e-08 -3.559033459565538456e-07
4.500000000000000000e+02 3.251069438988452172e-07 2.142212329090398395e-08 -3.149617453847861433e-07
4.525000000000000000e+02 2.767039389141246014e-07 1.654634855867698152e-08 -2.737481488194915963e-07
4.550000000000000000e+02 2.383960781571659090e-07 1.254935202723572746e-08 -2.407903061333241762e-07
4.575000000000000000e+02 2.024313571155289604e-07 9.581751908172009793e-09 -2.073908226114561408e-07
4.600000000000000000e+02 1.741683643672331445e-07 7.905425945864407562e-09 -1.809382698336202319e-07
4.625000000000000000e+02 1.466108111458197570e-07 6.598294476134469680e-09 -1.540854312504688814e-07
4.650000000000000000e+02 1.252279642585563206e-07 5.026414407893753538e-09 -1.332116757556234289e-07
4.675000000000000000e+02 1.040048665913673159e-07 1.969051970718282932e-09 -1.120118567411789664e-07
4.700000000000000000e+02 8.620982645197727679e-08 -1.408941625413717689e-09 -9.587463917251912183e-08
4.725000000000000000e+02 6.902433000277596769e-08 -5.436638616629351924e-09 -7.936773306197355996e-08
4.750000000000000000e+02 5.480068475662847296e-08 -8.538399515600758753e-09 -6.709732851534157560e-08
4.775000000000000000e+02 4.168482555542141339e-08 -1.120345182243909182e-08 -5.441307979568033833e-08
4.800000000000000000e+02 3.116645383443028625e-08 -1.221146532088823652e-08 -4.540913864754918150e-08
4.825000000000000000e+02 2.240167705167550543e-08 -1.307134754142680317e-08 -3.603286158478738555e-08
4.850000000000000000e+02 1.570400887658252089e-08 -1.242765948745727624e-08 -2.991263995779992750e-08
4.875000000000000000e+02 1.079224407476431267e-08 -1.228349970006092881e-08 -2.335512140671294986e-08
4.900000000000000000e+02 7.078719909259234891e-09 -1.081058976524218492e-08 -1.958008623994746178e-08
4.925000000000000000e+02 4.641674627237079759e-09 -1.035355289786821265e-08 -1.519823666814528042e-08
4.950000000000000000e+02 2.447157021379098282e-09 -8.557943476716900414e-09 -1.303655999595802486e-08
4.975000000000000000e+02 1.011105484849394899e-09 -8.095256794149463854e-09 -1.008030596018902618e-08
5.000000000000000000e+02 -3.307580982436775122e-10 -6.267256378578167652e-09 -8.778067019659532900e-09
5.025000000000000000e+02 -1.058065993220225262e-09 -5.843849191933259384e-09 -6.651286593901091304e-09
5.050000000000000000e+02 -1.651722493534180129e-09 -4.165965128777316064e-09 -5.772361889655372623e-09
5.075000000000000000e+02 -1.900805193599808189e-09 -3.792877555497397974e-09 -4.223777756122852699e-09
5.100000000000000000e+02 -1.964996067727042720e-09 -2.449163298479106916e-09 -3.627712535472892021e-09
5.125000000000000000e+02 -1.972277993900206713e-09 -2.142615710454265163e-09 -2.549033197450729464e-09
5.150000000000000000e+02 -1.746120710777176948e-09 -1.229811107350542460e-09 -2.171482568922141997e-09
5.175000000000000000e+02 -1.643033067466603748e-09 -1.008254014323028878e-09 -1.456192129027015870e-09
5.200000000000000000e+02 -1.288734256377210832e-09 -5.038689096181769883e-10 -1.224410882015449039e-09
5.225000000000000000e+02 -1.143497843258955878e-09 -3.645835590759815950e-10 -7.648677571445224975e-10
5.250000000000000000e+02 -8.013636261239298264e-10 -1.719713168313319336e-10 -6.294587146444702036e-10
5.275000000000000000e+02 -6.876350994389213275e-10 -9.008841743707307836e-11 -3.602307375230551091e-10
5.300000000000000000e+02 -4.342178158367460384e-10 -5.402235956353251789e-11 -2.909312686733658403e-10
5.325000000000000000e+02 -3.663691700239723885e-10 -2.544322796893538768e-12 -1.550216642718383058e-10
5.350000000000000000e+02 -2.082999117192230228e-10 -2.158725465051247715e-11 -1.210684905207164730e-10
5.375000000000000000e+02 -1.736712420097319473e-10 1.093643504646024714e-11 -6.356302208420145241e-11
5.400000000000000000e+02 -8.653159966343082332e-11 -1.224608467964571828e-11 -4.497234950667964827e-11
5.425000000000000000e+02 -7.099068852767231789e-11 5.491381216415902773e-12 -2.459799592910977909e-11
5.450000000000000000e+02 -3.151790224364958632e-11 -6.939694685570430139e-12 -1.432506522788721510e-11
5.475000000000000000e+02 -2.385089601375511915e-11 1.093064838642021543e-12 -8.335547690262601732e-12
5.500000000000000000e+02 -1.003736542770638982e-11 -2.872002369258552735e-12 -3.753215738308731010e-12
5.525000000000000000e+02 -7.072401331242872228e-12 -3.910372470272704948e-13 -2.294305917974615931e-12
5.550000000000000000e+02 -3.284799277025740565e-12 -1.312321273871930355e-12 -7.863857393856801909e-13
5.575000000000000000e+02 -2.601166215754346782e-12 -9.315272109233773708e-13 -5.084261631740612130e-13
5.600000000000000000e+02 -2.019316980295116107e-12 -1.246894498763140341e-12 -1.363877784867229337e-13
5.625000000000000000e+02 -1.187140696856658872e-12 -6.990944712015334756e-13 -9.978530102018926388e-14
5.650000000000000000e+02 -6.332129487418569468e-13 -3.971308615291490993e-13 -2.412202298665696773e-14
5.675000000000000000e+02 -5.415131454356015095e-13 -3.555214789230376711e-13 -1.629451513632642036e-14
5.700000000000000000e+02 -2.666524778760503885e-13 -1.743273969623260309e-13 -2.773314896822994839e-15
5.725000000000000000e+02 -5.384663381846621316e-13 -3.860691322188358914e-13 -6.427202323686706108e-16
5.750000000000000000e+02 -2.295337253599427597e-14 -1.418811734765767986e-14 -1.135841766507824604e-16
5.775000000000000000e+02 5.229594535194337280e-15 5.104539013700560009e-15 -9.365967203189829246e-18
5.800000000000000000e+02 -2.786919139907695380e-13 -2.082174432871397478e-13 3.320873036196519823e-17
5.825000000000000000e+02 -2.896967998822219693e-13 -2.071828930638730549e-13 -3.723069758303915417e-17
5.850000000000000000e+02 -2.788397068798076478e-13 -2.026240508712362493e-13 4.115141268788398684e-17
5.875000000000000000e+02 3.682771421154029480e-13 2.734964255068916770e-13 5.182517826343713393e-17
5.900000000000000000e+02 4.324647306930273952e-14 3.069544618483633005e-14 -7.183113577281493792e-18
5.925000000000000000e+02 4.253024599165655537e-14 3.483364707790315216e-14 7.124941641453025019e-18
5.950000000000000000e+02 -2.807723831210751094e-13 -2.071487870125565738e-13 3.941931281175800415e-17
5.975000000000000000e+02 4.457660907064564573e-14 3.224158717785030816e-14 4.519113219487308712e-18
6.000000000000000000e+02 4.126832209294661758e-14 3.444711182964965605e-14 -8.757472074651258312e-18
6.025000000000000000e+02 4.315552359912544409e-14 3.279865268268622216e-14 6.175281504683036140e-18
6.050000000000000000e+02 4.559979061014019090e-14 3.335571818752214246e-14 -6.551425797262505532e-18
6.075000000000000000e+02 4.415596777107566857e-14 3.549303073668852193e-14 5.098304862050789489e-18
6.100000000000000000e+02 4.813500709133222683e-14 3.312834451207891020e-14 -6.796324028730816095e-18
6.125000000000000000e+02 -2.011461219808552522e-13 -1.470993993279989866e-13 -2.528257144656168006e-17
6.150000000000000000e+02 4.533831088338047128e-14 2.771685103652998679e-14 -5.255015444061845000e-18
6.175000000000000000e+02 4.507683115662075796e-14 3.216200639144517309e-14 7.111261042915331156e-18
6.200000000000000000e+02 -2.829892764566466050e-13 -2.087631401082035203e-13 3.587299584107187477e-17
6.225000000000000000e+02 3.746322363440413162e-13 2.698698153835721464e-13 4.472235434630280942e-17
6.250000000000000000e+02 3.661170921986922794e-13 2.691763256734702893e-13 -4.252569433746411495e-17
6.275000000000000000e+02 4.957882993039674917e-14 3.583409124985337032e-14 5.355886226058107264e-18
6.300000000000000000e+02 3.749960342247504979e-13 2.718365976761560638e-13 -3.879297599297670908e-17
6.325000000000000000e+02 4.361027095001190861e-14 3.038849172298796271e-14 4.743120230344538643e-18
6.350000000000000000e+02 1.959961082320660326e-14 6.491518433904275068e-15 8.235696670531693140e-17
6.375000000000000000e+02 1.542537120258202855e-12 1.212276856676908160e-12 3.715953394056899082e-16
6.400000000000000000e+02 -1.814851202652789603e-12 -1.841044650063849929e-13 1.383644417682176952e-13
6.425000000000000000e+02 -4.929406372866651076e-10 8.556127113479306482e-11 -4.454179792970308271e-11
6.450000000000000000e+02 -2.681780298416924776e-08 -8.174245408554269855e-09 8.638986025240482228e-10
6.475000000000000000e+02 -8.755167034223631840e-07 4.240577707150805771e-08 6.924775685115229420e-08
6.500000000000000000e+02 4.565183488807633911e-07 -1.575130813171199369e-06 -2.552244415489303581e-06
6.525000000000000000e+02 3.179867272524461317e-06 -3.278784533392808950e-06 8.432354511128648837e-06
6.550000000000000000e+02 -1.487573879603587593e-06 -3.330271559809716453e-06 -5.426126081368499647e-06
6.575000000000000000e+02 1.393591784415093512e-06 -3.139490177795778577e-06 2.824559741714357937e-06
6.600000000000000000e+02 -1.743768283006374951e-06 -3.312077417274394784e-06 -7.223586928596900922e-07
6.625000000000000000e+02 -9.538476142211037715e-07 -3.432152299239987952e-06 -6.207800445107745040e-07
6.650000000000000000e+02 -1.809952132066427959e-06 -4.396915478048412825e-06 1.689292821785401107e-06
6.675000000000000000e+02 -2.211746384352863815e-06 -4.259137534290857994e-06 -2.221132085947229352e-06
6.700000000000000000e+02 1.495331113915199351e-07 -5.313682609585157849e-06 2.309513800469994607e-06
6.725000000000000000e+02 -1.272019639623067528e-06 -4.777464263395358622e-06 -1.941503664476032216e-06
6.750000000000000000e+02 2.494876441198812203e-06 -5.498709226708342929e-06 1.357400130148212515e-06
6.775000000000000000e+02 -5.840778711785788240e-07 -4.674550736797300376e-06 -5.375998169047810238e-07
6.800000000000000000e+02 1.543413529907411326e-06 -4.995355860125982633e-06 -9.073505671052598057e-08
6.825000000000000000e+02 -2.804521578218554964e-06 -3.934631471327065584e-06 7.141017897263426105e-07
6.850000000000000000e+02 -2.936096857467873545e-06 -4.032599017227767450e-06 -1.036245431824113586e-06
6.875000000000000000e+02 -6.345285526560928359e-06 -2.969402859480396637e-06 1.223823105450144751e-06
6.900000000000000000e+02 -6.698262832480850178e-06 -3.087712313208612547e-06 -1.222382174477246172e-06
6.925000000000000000e+02 -6.716679345504416943e-06 -2.384174520250326061e-06 1.062280461760123276e-06
6.950000000000000000e+02 -5.214740366898240660e-06 -2.623064999079360753e-06 -8.387494023893827046e-07
6.975000000000000000e+02 -1.783756564884697494e-06 -2.227236735870974326e-06 5.047221586190919628e-07
7.000000000000000000e+02 1.511973007677624989e-06 -2.400258030922941633e-06 -2.064434276187632109e-07
7.025000000000000000e+02 5.428896027217433260e-06 -1.745486577760857475e-06 -1.946828949892620441e-07
7.050000000000000000e+02 8.370388147557150142e-06 -1.646242901199457298e-06 4.057523136396845391e-07
7.075000000000000000e+02 9.048516473160361754e-06 -2.994323418533895030e-07 -8.369655740716907990e-07
7.100000000000000000e+02 9.439699846075199678e-06 -1.018284513861544841e-07 7.943889860566377407e-07
7.125000000000000000e+02 5.568538651357357956e-06 1.574401476545972421e-06 -1.216612835819086366e-06
7.150000000000000000e+02 3.267749625945270966e-06 1.425368442403396289e-06 8.387337720597188055e-07
7.175000000000000000e+02 -2.653896897891172451e-06 2.543057219179445392e-06 -1.197525856485848099e-06
7.200000000000000000e+02 -5.255379767083922848e-06 1.884126152720000334e-06 5.895831866265743379e-07
7.225000000000000000e+02 -8.733180127660489291e-06 2.025992903440965294e-06 -8.318653084845472855e-07
7.250000000000000000e+02 -8.379702648164765561e-06 1.297187634895635781e-06 2.382771976882747101e-07
7.275000000000000000e+02 -6.722233447112557635e-06 1.069788799168236450e-06 -3.427017240318242175e-07
7.300000000000000000e+02 -1.968690375633741388e-06 7.953090991577482462e-07 -1.380978516650754825e-08
7.325000000000000000e+02 3.033960196910356827e-06 1.209605718759121325e-06 1.042561355513171792e-09
7.350000000000000000e+02 1.002547068278545295e-05 1.146382309673299539e-06 -7.445278900266582506e-08
7.375000000000000000e+02 1.292112262873388393e-05 2.427768555014609028e-06 6.196982868946765652e-08
7.400000000000000000e+02 1.731454646962902265e-05 1.635606834361169630e-06 3.812810128989152358e-09
7.425000000000000000e+02 1.430013061043382525e-05 2.917521718416082727e-06 -1.657685983664114491e-07
7.450000000000000000e+02 1.250900673338719546e-05 8.511934949524402776e-07 1.942275619781885673e-07
7.475000000000000000e+02 1.369805749015995364e-06 3.367921721633138064e-07 -1.595996899494966856e-09
7.500000000000000000e+02 -1.509520292154320543e-06 -4.701969614302470528e-07 -9.168072696117412846e-08
7.525000000000000000e+02 -2.930933929519596916e-07 -4.594493933609555563e-08 2.228869616076600733e-08
7.550000000000000000e+02 -1.381343258344713947e-07 -6.226327025160571708e-09 -3.353544467286084930e-08
7.575000000000000000e+02 -1.121258204079822499e-07 -3.504769071014379815e-08 1.133886405427775329e-08
7.600000000000000000e+02 -1.651798087436873234e-07 -1.251059928790709754e-08 6.102345953218346429e-09
7.625000000000000000e+02 -1.146885967273192322e-07 -3.752519485260563904e-08 -1.163557284383776029e-08
7.650000000000000000e+02 -1.615924538782564982e-07 -1.028423622528862242e-08 1.747694807316957289e-08
7.675000000000000000e+02 -1.058383351391967181e-07 -3.646809598194522493e-08 -1.880105307749957507e-08
7.700000000000000000e+02 -1.500910556842427487e-07 -9.758671785675688025e-09 2.279674976174428491e-08
7.725000000000000000e+02 -9.772723451533238410e-08 -3.429838595820911270e-08 -2.248296655480430667e-08
7.750000000000000000e+02 -1.351495424614768065e-07 -1.016163485019205861e-08 2.455027441476964692e-08
7.775000000000000000e+02 -8.871382672168693412e-08 -3.178354222654888941e-08 -2.350411586806711145e-08
7.800000000000000000e+02 -1.176476612386068091e-07 -1.093464771884100566e-08 2.415836799218862429e-08
7.825000000000000000e+02 -7.826176098433279837e-08 -2.924333649616528558e-08 -2.296614444086131442e-08
7.850000000000000000e+02 -9.850713138348509631e-08 -1.180503393243270763e-08 2.264782113330365756e-08
7.875000000000000000e+02 -6.630586461824350626e-08 -2.681962034785101308e-08 -2.163584599472745468e-08
7.900000000000000000e+02 -7.836199565645073817e-08 -1.266096265908345280e-08 2.061826859793836084e-08
7.925000000000000000e+02 -5.306771192863379818e-08 -2.459819957039144426e-08 -1.997437198995033477e-08
7.950000000000000000e+02 -5.768280381062141076e-08 -1.346814810858631951e-08 1.837763229528555137e-08
7.975000000000000000e+02 -3.889499816978059212e-08 -2.262691743908362702e-08 -1.821634715210018820e-08
8.000000000000000000e+02 -3.687036614792305076e-08 -1.421711258444702290e-08 1.605776095832123148e-08
8.025000000000000000e+02 -2.417630989839380922e-08 -2.092026297759730453e-08 -1.646494382995244902e-08
8.050000000000000000e+02 -1.631069736731660749e-08 -1.489577483653192802e-08 1.371170282420397493e-08
8.075000000000000000e+02 -9.304367040385840717e-09 -1.946710714264554557e-08 -1.476273462156507603e-08
8.100000000000000000e+02 3.603887694225704580e-09 -1.549521729202751967e-08 1.136580184345481548e-08
8.125000000000000000e+02 5.334814670732157853e-09 -1.824120196260992015e-08 -1.313577393479148294e-08
8.150000000000000000e+02 2.248738804837557965e-08 -1.601157332515867783e-08 9.041064301418266020e-09
8.175000000000000000e+02 1.936284090788831194e-08 -1.721300984627305239e-08 -1.161224200186827781e-08
8.200000000000000000e+02 3.996319034058615081e-08 -1.645137576815614068e-08 6.763974788925875160e-09
8.225000000000000000e+02 3.241299170895217819e-08 -1.635808355331391645e-08 -1.022721072265753133e-08
8.250000000000000000e+02 5.567690229781874109e-08 -1.683232861751093741e-08 4.559261028402871886e-09
8.275000000000000000e+02 4.413651644199489905e-08 -1.566411081057594693e-08 -9.008066413174197891e-09
8.300000000000000000e+02 6.930398194526787816e-08 -1.717740292406233655e-08 2.451680550752399893e-09
8.325000000000000000e+02 5.421279414576929230e-08 -1.513072763827949427e-08 -7.979528999357832953e-09
8.350000000000000000e+02 8.055734344907250135e-08 -1.751277100083825740e-08 4.653514864338958770e-10
8.375000000000000000e+02 6.235673514538575285e-08 -1.476570934073606567e-08 -7.157912119559739820e-09
8.400000000000000000e+02 8.919113042793469292e-08 -1.786735176665388129e-08 -1.382606724775747857e-09
8.425000000000000000e+02 6.832584164158106077e-08 -1.458591905247885736e-08 -6.547835453907246975e-09
8.450000000000000000e+02 9.500654570047118269e-08 -1.827034362804624803e-08 -3.076824987169324487e-09
8.475000000000000000e+02 7.192970767846418469e-08 -1.461003703298047189e-08 -6.144811824748685742e-09
8.500000000000000000e+02 9.786369262201332749e-08 -1.874886405630604632e-08 -4.608525590610312476e-09
8.525000000000000000e+02 7.303349085532318322e-08 -1.485793250139977299e-08 -5.936823480534591911e-09
8.550000000000000000e+02 9.768259185420902421e-08 -1.932861956674969360e-08 -5.971685145156335757e-09
8.575000000000000000e+02 7.155961415037381496e-08 -1.534862426524341419e-08 -5.904256053690381953e-09
8.600000000000000000e+02 9.444348858096417954e-08 -2.003672321961858054e-08 -7.162682260219988331e-09
8.625000000000000000e+02 6.749685909426262092e-08 -1.609741041193046926e-08 -6.023677132338533747e-09
8.650000000000000000e+02 8.820071617492430659e-08 -2.089246972900582461e-08 -8.180301107119093038e-09
8.675000000000000000e+02 6.089761254770565427e-08 -1.711529944259382356e-08 -6.264390780841288877e-09
8.700000000000000000e+02 7.907654378414008639e-08 -2.191422004216292532e-08 -9.029017786943427212e-09
8.725000000000000000e+02 5.188471553765339187e-08 -1.840478964822977888e-08 -6.593537066645893808e-09
8.750000000000000000e+02 6.726506687755318712e-08 -2.311117682438634761e-08 -9.714200488031288354e-09
8.775000000000000000e+02 4.064208023919491107e-08 -1.996267092181369653e-08 -6.976178076767425236e-09
8.800000000000000000e+02 5.302907361510733708e-08 -2.448602477898020871e-08 -1.024447608612977280e-08
8.825000000000000000e+02 2.741953275062769688e-08 -2.177382355057488999e-08 -7.376434121475483504e-09
8.850000000000000000e+02 3.669657537557214018e-08 -2.603016672537705815e-08 -1.062948202084079754e-08
8.875000000000000000e+02 1.252554534403316139e-08 -2.381275919560721324e-08 -7.758400636648233104e-09
8.900000000000000000e+02 1.865399103735399077e-08 -2.772509436681502799e-08 -1.088057290252741840e-08
8.925000000000000000e+02 -3.679922349419939358e-09 -2.604201839631059424e-08 -8.088385304660939180e-09
8.950000000000000000e+02 -6.609478305108496119e-10 -2.954029534976143697e-08 -1.100941292624391176e-08
8.975000000000000000e+02 -2.079273365325207210e-08 -2.841216905835608428e-08 -8.336185852497734577e-09
9.000000000000000000e+02 -2.077008385867884628e-08 -3.143459867942510586e-08 -1.102746287227063317e-08
9.025000000000000000e+02 -3.837447418391093242e-08 -3.086230573217108080e-08 -8.476150705960527167e-09
9.050000000000000000e+02 -4.116051856044578071e-08 -3.335279388920752946e-08 -1.094536167192128386e-08
9.075000000000000000e+02 -5.596036164661200036e-08 -3.331925174734351488e-08 -8.488970072928480759e-09
9.100000000000000000e+02 -6.130505636292582134e-08 -3.523251632486789958e-08 -1.077272431677656091e-08
9.125000000000000000e+02 -7.307752534870815006e-08 -3.570351811958971498e-08 -8.361493790620678250e-09
9.150000000000000000e+02 -8.067127494086889450e-08 -3.700326750504246136e-08 -1.051798621634070238e-08
9.175000000000000000e+02 -8.925171188138847913e-08 -3.792847429622270078e-08 -8.087227282249643284e-09
9.200000000000000000e+02 -9.873321189388661361e-08 -3.858737364907937861e-08 -1.018925358209354902e-08
9.225000000000000000e+02 -1.040206290667811162e-07 -3.990187319686811041e-08 -7.667177838244221346e-09
9.250000000000000000e+02 -1.149915414544011520e-07 -3.990682913581622376e-08 -9.793020903181570353e-09
9.275000000000000000e+02 -1.169538783642565237e-07 -4.153501478185716881e-08 -7.108899283236879980e-09
9.300000000000000000e+02 -1.289833193709455360e-07 -4.088377835387291456e-08 -9.335551139511010731e-09
9.325000000000000000e+02 -1.276576759323688727e-07 -4.273953624078785773e-08 -6.427228178362831416e-09
9.350000000000000000e+02 -1.402944392452809452e-07 -4.144235548437791389e-08 -8.821924309621032208e-09
9.375000000000000000e+02 -1.357913719516545896e-07 -4.343475269479313337e-08 -5.643116115128243613e-09
9.400000000000000000e+02 -1.485762460902151354e-07 -4.151566644168269534e-08 -8.256590879640591382e-09
9.425000000000000000e+02 -1.410763862963904166e-07 -4.354908961659020949e-08 -4.783447530964934741e-09
9.450000000000000000e+02 -1.535531051672478555e-07 -4.104631530026381635e-08 -7.643323172645821858e-09
9.475000000000000000e+02 -1.433071592941814728e-07 -4.302499910409096516e-08 -3.879803968831474091e-09
9.500000000000000000e+02 -1.550318205886469400e-07 -3.998975101922042111e-08 -6.985838768058804842e-09
9.525000000000000000e+02 -1.423562504555775322e-07 -4.181973359891344305e-08 -2.967085923044621010e-09
9.550000000000000000e+02 -1.529093195244968320e-07 -3.831747791309680695e-08 -6.287476598232366355e-09
9.575000000000000000e+02 -1.381802353989769392e-07 -3.990853879258793441e-08 -2.082654966240049338e-09
9.600000000000000000e+02 -1.471770837042640666e-07 -3.601910326551660842e-08 -5.552753631188345576e-09
9.625000000000000000e+02 -1.308266279124836672e-07 -3.728929870021602468e-08 -1.263986174193654119e-09
9.650000000000000000e+02 -1.379237104174535358e-07 -3.310438700054874247e-08 -4.786847960813745006e-09
9.675000000000000000e+02 -1.204240103106712803e-07 -3.397645733684839605e-08 -5.470993587275430443e-10
9.700000000000000000e+02 -1.253281705885456268e-07 -2.959990272302093353e-08 -3.997686939616329739e-09
9.725000000000000000e+02 -1.071873099817821660e-07 -3.000723914965419674e-08 3.526663745478941513e-11
9.750000000000000000e+02 -1.096623423109122075e-07 -2.555332214342342762e-08 -3.196344048350674439e-09
9.775000000000000000e+02 -9.141247605839453519e-08 -2.544107533140049916e-08 4.563982699989921242e-10
9.800000000000000000e+02 -9.128262061040004823e-08 -2.103182065411601688e-08 -2.399407103048645280e-09
9.825000000000000000e+02 -7.346414669200385747e-08 -2.035561585671530490e-08 6.972071217470344118e-10
9.850000000000000000e+02 -7.061554600795716915e-08 -1.611582270015787726e-08 -1.631321700212850975e-09
9.875000000000000000e+02 -5.376767559255313574e-08 -1.484687259107886334e-08 7.486860381655802350e-10
9.900000000000000000e+02 -4.815022967932236384e-08 -1.090104935883573434e-08 -9.285031713934799436e-10
9.925000000000000000e+02 -3.281743404386361575e-08 -9.030514866026351366e-09 6.139321507392381111e-10
9.950000000000000000e+02 -2.476249301253119597e-08 -5.553218602472042855e-09 -3.466102174609631160e-10
9.975000000000000000e+02 -1.024668283662322195e-08 -2.833669691426621302e-09 2.661607922282982625e-10
1.000000000000000000e+03 -5.031222201523632982e-09 -1.096689265978056906e-09 -4.888161786231748439e-10
