# z, uu, uv, uw, vv, vw, ww, tke
0.000000000000000000e+00 2.033450276520516742e-02 1.571811100476239523e-02 -2.005522438436092180e-05 1.851528892054685183e-02 -1.084011564252878443e-05 1.028526964336936535e-06 1.942541010635817980e-02
2.500000000000000000e+00 3.694673406786144754e-02 3.013502057498310474e-02 -8.296927141322454555e-04 3.337135053037738885e-02 -7.356578416070915470e-04 1.000716399575291059e-04 3.520907811909818053e-02
5.000000000000000000e+00 5.478085936499461212e-02 4.466150951071494457e-02 -2.280862588439659666e-03 4.798121632348628651e-02 -2.009109013405994439e-03 4.636262078233096911e-04 5.161285094815210028e-02
7.500000000000000000e+00 7.545116910350405104e-02 6.050420001220643135e-02 -3.951911649853675004e-03 6.347488110869889399e-02 -3.451943979814181898e-03 9.610801564521045341e-04 6.994356518432752468e-02
1.000000000000000000e+01 9.445295383723253946e-02 7.426232098979833329e-02 -5.739301363237194267e-03 7.662202308981819199e-02 -4.955525960677175518e-03 1.583874031854980114e-03 8.632942547945285372e-02
1.250000000000000000e+01 1.080685328268407852e-01 8.306259386308233184e-02 -7.313728713350993969e-03 8.477722388577771384e-02 -6.206671913141916658e-03 2.268120554756577253e-03 9.755693863368754271e-02
1.500000000000000000e+01 1.151621773063688792e-01 8.615834989129063370e-02 -8.584717832044432007e-03 8.760245491302094678e-02 -7.119688882945094527e-03 3.045498693510683558e-03 1.029050654564502565e-01
1.750000000000000000e+01 1.167332610103124363e-01 8.465876296646884791e-02 -9.502111959797438293e-03 8.635556631385594983e-02 -7.671649750590526368e-03 3.883353407799939629e-03 1.034860903659841624e-01
2.000000000000000000e+01 1.144836818036786968e-01 8.029590198648917099e-02 -1.013457877174556501e-02 8.273683083161774421e-02 -7.954734368649784074e-03 4.770883380513058630e-03 1.009956980079047550e-01
2.250000000000000000e+01 1.100843729770922402e-01 7.456481337347373173e-02 -1.055250367681211457e-02 7.808212257879403040e-02 -8.050301078235032326e-03 5.666310828851404968e-03 9.691640319236884127e-02
2.500000000000000000e+01 1.046059222020677693e-01 6.837478372247415837e-02 -1.083368224296420504e-02 7.312603731996446255e-02 -8.035927817848056640e-03 6.536645042431147787e-03 9.213430228223169760e-02
2.750000000000000000e+01 9.869810850738078289e-02 6.222207105281389594e-02 -1.100894466387861322e-02 6.827512316382951252e-02 -7.946797671813346509e-03 7.342290765733721671e-03 8.715776121847201852e-02
3.000000000000000000e+01 9.296149193386976650e-02 5.643387456822632903e-02 -1.111738178840024349e-02 6.370724602179925200e-02 -7.823913830166980346e-03 8.058665427357307107e-03 8.236370169151316367e-02
3.250000000000000000e+01 8.775159263472315230e-02 5.116634324321658878e-02 -1.118277089620158329e-02 5.944235767374957818e-02 -7.685672731090840808e-03 8.672081030799106208e-03 7.793301566963592442e-02
3.500000000000000000e+01 8.311531231172938905e-02 4.648365712739791628e-02 -1.121017272383308463e-02 5.555566711746322273e-02 -7.535036844833450757e-03 9.187084878208131092e-03 7.392903215370036363e-02
3.750000000000000000e+01 7.911524486817743396e-02 4.249131869606267292e-02 -1.120906367091092926e-02 5.218365923080055258e-02 -7.377500448204490392e-03 9.606502068636819588e-03 7.045270308380739699e-02
4.000000000000000000e+01 7.572899290536710959e-02 3.918449275513819635e-02 -1.118628683349252168e-02 4.931676680205642621e-02 -7.213171316828958027e-03 9.940081829873484084e-03 6.749292076864851775e-02
4.250000000000000000e+01 7.289088656943740197e-02 3.646072363485590440e-02 -1.114828989127075037e-02 4.687705013139478738e-02 -7.045993526293281919e-03 1.019630727935881206e-02 6.498212199009549550e-02
4.500000000000000000e+01 7.039113839970975728e-02 3.414554660027689648e-02 -1.110465933572723878e-02 4.473031317286804698e-02 -6.883176485410092728e-03 1.038532701811203419e-02 6.275338929534492183e-02
4.750000000000000000e+01 6.798387354880999767e-02 3.207803914380342319e-02 -1.105393742215611194e-02 4.276872095922025496e-02 -6.724524280950759138e-03 1.052006113119890139e-02 6.063632781961457441e-02
5.000000000000000000e+01 6.570734967582818331e-02 3.022949702325822274e-02 -1.099211540654559602e-02 4.100603956868333760e-02 -6.565781469838006743e-03 1.061349401971278632e-02 5.866344163211215101e-02
5.250000000000000000e+01 6.370551011309953660e-02 2.862276152966714352e-02 -1.092184394484190489e-02 3.944963885819922911e-02 -6.407582001213072385e-03 1.067670710231519160e-02 5.691592803680697865e-02
5.500000000000000000e+01 6.200711778834357840e-02 2.725538117497393331e-02 -1.084826321742227151e-02 3.807948532474349917e-02 -6.250898514672989514e-03 1.071920566781008055e-02 5.540290439044857906e-02
5.750000000000000000e+01 6.061072923465592177e-02 2.610573419919841667e-02 -1.077470277966629392e-02 3.686506948288442026e-02 -6.097340360969792823e-03 1.074552020423606875e-02 5.411065946088820106e-02
6.000000000000000000e+01 5.942897265830289488e-02 2.514230990019983292e-02 -1.069865266113528661e-02 3.579440570898044516e-02 -5.945382239773039888e-03 1.076049407652502829e-02 5.299193622190418590e-02
6.250000000000000000e+01 5.830641162046737436e-02 2.430988444655303796e-02 -1.061836943652552136e-02 3.487163060772043716e-02 -5.795069550315764227e-03 1.076261386234473455e-02 5.197032804526627303e-02
6.500000000000000000e+01 5.717801115641241161e-02 2.357893698234980739e-02 -1.053492391616552698e-02 3.410621680381603626e-02 -5.646237806887317509e-03 1.074902430902515207e-02 5.101662613462679824e-02
6.750000000000000000e+01 5.603309695373513005e-02 2.290112155254571055e-02 -1.044866117593377247e-02 3.344851508045555699e-02 -5.496679846108297983e-03 1.072492704965810964e-02 5.010326954192440008e-02
7.000000000000000000e+01 5.482977194972404184e-02 2.217757836221985121e-02 -1.035988633534304024e-02 3.274893106007483595e-02 -5.347216291317048731e-03 1.069924325791583690e-02 4.913897313385735821e-02
7.250000000000000000e+01 5.357704624287570189e-02 2.138491612912741743e-02 -1.026907950233460834e-02 3.197524012012565447e-02 -5.199256376367723635e-03 1.067500338732713626e-02 4.811364487516424371e-02
7.500000000000000000e+01 5.232964069218740133e-02 2.057740231307520970e-02 -1.017722820958662927e-02 3.121626405015852021e-02 -5.054612035866525889e-03 1.064978529952368205e-02 4.709784502093480180e-02
7.750000000000000000e+01 5.117396580272720596e-02 1.980309822037242332e-02 -1.008462548370151618e-02 3.050967176552372984e-02 -4.912157763994898924e-03 1.062719022351417408e-02 4.615541389588255494e-02
8.000000000000000000e+01 5.011846163486085443e-02 1.906234245645180292e-02 -9.991098727621298622e-03 2.984948080563926132e-02 -4.772170635860882235e-03 1.061214036050257131e-02 4.529004140050134353e-02
8.250000000000000000e+01 4.913969870286385294e-02 1.836933325515182139e-02 -9.896131331854343335e-03 2.926337386555322856e-02 -4.635132375463084375e-03 1.060108402718553527e-02 4.450207829780131186e-02
8.500000000000000000e+01 4.824093501555082319e-02 1.775566591836427732e-02 -9.799214028273849075e-03 2.875222991618297044e-02 -4.502518244687661250e-03 1.058792816389729670e-02 4.379054654781554257e-02
8.750000000000000000e+01 4.734845320130517954e-02 1.718982122699727957e-02 -9.698772133289073824e-03 2.826300014454577805e-02 -4.373447420331104916e-03 1.057499982995109035e-02 4.309322658790102484e-02
9.000000000000000000e+01 4.640511163840949083e-02 1.659917294241787869e-02 -9.594365408104125678e-03 2.774321322436743356e-02 -4.245923677926422002e-03 1.056311120476534880e-02 4.235571803377113226e-02
9.250000000000000000e+01 4.547779080366125271e-02 1.599486879258964211e-02 -9.487339428329105706e-03 2.721743159228434336e-02 -4.120365723293468486e-03 1.054623809364251159e-02 4.162073024479405470e-02
9.500000000000000000e+01 4.456324132818934719e-02 1.538250751012109480e-02 -9.379231199622358600e-03 2.668260493298379998e-02 -3.998795032232347300e-03 1.051903571819925304e-02 4.088244098968620011e-02
9.750000000000000000e+01 4.363667272815174164e-02 1.477925099037586017e-02 -9.273407576841252720e-03 2.613578399065819360e-02 -3.882151650232609861e-03 1.047906778958189629e-02 4.012576225419591663e-02
1.000000000000000000e+02 4.276669739790225910e-02 1.422640681178676154e-02 -9.169349028563802614e-03 2.562393313904785114e-02 -3.768297984190269959e-03 1.043215788209696411e-02 3.941139420952353284e-02
1.025000000000000000e+02 4.196830018255941208e-02 1.371898038299035512e-02 -9.066364326275852190e-03 2.515441766474829297e-02 -3.655862454114458017e-03 1.038698783398191855e-02 3.875485284064481006e-02
1.050000000000000000e+02 4.118672222626065804e-02 1.323591971781383145e-02 -8.964079339161393212e-03 2.470209978905645726e-02 -3.546509062459063735e-03 1.034762271467280954e-02 3.811822236499496502e-02
1.075000000000000000e+02 4.040106626437726944e-02 1.276873303346880498e-02 -8.861747477208413090e-03 2.427811889046135527e-02 -3.441396587739442396e-03 1.031260461114356063e-02 3.749589488299109180e-02
1.100000000000000000e+02 3.963692966191681433e-02 1.236309090647391348e-02 -8.760155691707014955e-03 2.390644149737703242e-02 -3.339739545165384179e-03 1.027887174123821509e-02 3.691112145026603092e-02
1.125000000000000000e+02 3.890541194326527230e-02 1.204091598758714847e-02 -8.658435542450836769e-03 2.359478730004480745e-02 -3.241460726994494380e-03 1.024680660779307868e-02 3.637350292555157488e-02
1.150000000000000000e+02 3.824663212864541639e-02 1.175750278450703526e-02 -8.557093315188469065e-03 2.329851385476018957e-02 -3.146577062475480312e-03 1.021578057972954978e-02 3.588046328156757614e-02
1.175000000000000000e+02 3.766302519657593190e-02 1.147257858464139323e-02 -8.457260255381434180e-03 2.298042582200462286e-02 -3.054674150330092836e-03 1.018377230560518938e-02 3.541361166209287120e-02
1.200000000000000000e+02 3.704741907263754686e-02 1.114997100037834130e-02 -8.358141343487798455e-03 2.262961772138284700e-02 -2.964877385881679785e-03 1.015274868050342581e-02 3.491489273726190723e-02
1.225000000000000000e+02 3.633430328909342116e-02 1.080030579708621610e-02 -8.258357108843148928e-03 2.226070276920444693e-02 -2.878085028851807507e-03 1.012307526318118565e-02 3.435904066073952601e-02
1.250000000000000000e+02 3.556726833911718483e-02 1.044978156374513391e-02 -8.158050214634159428e-03 2.190886277905583837e-02 -2.794379512150252376e-03 1.008987691111973804e-02 3.378300401464637975e-02
1.275000000000000000e+02 3.478119323969542515e-02 1.012121080730089828e-02 -8.057999404084402809e-03 2.160486853454954975e-02 -2.714359088637969316e-03 1.004849212795544053e-02 3.321727695110020945e-02
1.300000000000000000e+02 3.398394446212817804e-02 9.826542415244691672e-03 -7.959701641903934102e-03 2.134764647964606729e-02 -2.636722283517116665e-03 9.999023669868293759e-03 3.266530730582126868e-02
1.325000000000000000e+02 3.320023596179275810e-02 9.534561420660498179e-03 -7.862329510710669433e-03 2.108188222427225325e-02 -2.559632404475366881e-03 9.945904240564306525e-03 3.211401121331466241e-02
1.350000000000000000e+02 3.244435170328847928e-02 9.222975154235880588e-03 -7.763003035290947339e-03 2.078133792251586967e-02 -2.483352067452435433e-03 9.891844612028135100e-03 3.155876711891623942e-02
1.375000000000000000e+02 3.172777406445698861e-02 8.909849044238374316e-03 -7.662252381339469155e-03 2.049047913921290751e-02 -2.409550646405927369e-03 9.834429168010952807e-03 3.102634118584042186e-02
1.400000000000000000e+02 3.107754360733126081e-02 8.592294000973679791e-03 -7.562555796309243690e-03 2.019472348874343931e-02 -2.338252746827104798e-03 9.768072144627569509e-03 3.052016962035113481e-02
1.425000000000000000e+02 3.053401250518500767e-02 8.286508714779605017e-03 -7.466054914453820572e-03 1.985877339924679158e-02 -2.271165885707119528e-03 9.691191689326542069e-03 3.004198879687917240e-02
1.450000000000000000e+02 3.012511906147871676e-02 8.037665199717660205e-03 -7.372008174851110360e-03 1.952057777867021587e-02 -2.207107653087162728e-03 9.609775074883912527e-03 2.962773595751642258e-02
1.475000000000000000e+02 2.978105202194233220e-02 7.818994498258149267e-03 -7.280230881874150475e-03 1.918463636229491773e-02 -2.143776001347433898e-03 9.531959383527825388e-03 2.924882388388253679e-02
1.500000000000000000e+02 2.938296200337122202e-02 7.587808266833071837e-03 -7.189914596393101945e-03 1.884470275702761904e-02 -2.079958097337160274e-03 9.461151614081696193e-03 2.884440818724027036e-02
1.525000000000000000e+02 2.895123479312290346e-02 7.383524013832453228e-03 -7.099021921707872849e-03 1.856684903811615245e-02 -2.016757042784306578e-03 9.395384275044951772e-03 2.845673405314200211e-02
1.550000000000000000e+02 2.854302754383019822e-02 7.217798793894145831e-03 -7.007538957604577887e-03 1.835238813771786562e-02 -1.955179185347486522e-03 9.332258872448396039e-03 2.811383727699822907e-02
1.575000000000000000e+02 2.812337230645855016e-02 7.052086110951201296e-03 -6.915975207654169454e-03 1.812846049457727399e-02 -1.895115736294336216e-03 9.270406879032199593e-03 2.776111984003401534e-02
1.600000000000000000e+02 2.770281339381194807e-02 6.872297456099420686e-03 -6.825911128559437012e-03 1.786548513769596613e-02 -1.836771012126871836e-03 9.206809809323111826e-03 2.738755417041551302e-02
1.625000000000000000e+02 2.731863664946900319e-02 6.706176545599687282e-03 -6.738616844203887575e-03 1.758292010566514171e-02 -1.780758023947019188e-03 9.139409512989611975e-03 2.702048313406187757e-02
1.650000000000000000e+02 2.693045626203049644e-02 6.555494807572486565e-03 -6.652377139956673971e-03 1.731334347152901909e-02 -1.725452250041625141e-03 9.068882420352480586e-03 2.665634107695600066e-02
1.675000000000000000e+02 2.649165900892594405e-02 6.393002006709112492e-03 -6.565287420165473974e-03 1.706282756847045043e-02 -1.670629339380003131e-03 8.994658224206185729e-03 2.627457240080129097e-02
1.700000000000000000e+02 2.602381388373297549e-02 6.202654564152778466e-03 -6.479542794119904844e-03 1.679941412455411565e-02 -1.616472822163772700e-03 8.917153811836388624e-03 2.587019091006173901e-02
1.725000000000000000e+02 2.555390104644095911e-02 5.994758302769442534e-03 -6.395702531776390788e-03 1.652305266958776012e-02 -1.564227154207615276e-03 8.841216972258269385e-03 2.545908534414349778e-02
1.750000000000000000e+02 2.509256654718380539e-02 5.795570221805428947e-03 -6.311928019999175563e-03 1.627289628780348787e-02 -1.513879974533856049e-03 8.769672295706047380e-03 2.506756756534667119e-02
1.775000000000000000e+02 2.464458266931790140e-02 5.614808399430545709e-03 -6.228491113006447144e-03 1.603589577042002431e-02 -1.465243939759842831e-03 8.700030344882342392e-03 2.469025439231013405e-02
1.800000000000000000e+02 2.423854268404413217e-02 5.449258827137598224e-03 -6.145566040333680716e-03 1.579006490700954682e-02 -1.418664969447492588e-03 8.625722276589883539e-03 2.432716493382178213e-02
1.825000000000000000e+02 2.388074450645553265e-02 5.305931377107899437e-03 -6.062215864626051449e-03 1.555088448391590307e-02 -1.373505050177750752e-03 8.545168289474889059e-03 2.398839863992316065e-02
1.850000000000000000e+02 2.354331365089753700e-02 5.170838111179779442e-03 -5.978104483678686222e-03 1.532380048016769407e-02 -1.329270796931873808e-03 8.460822194669488649e-03 2.366396816286735899e-02
1.875000000000000000e+02 2.321476354360818561e-02 5.026317633721056298e-03 -5.893036902555335091e-03 1.508933390850981764e-02 -1.285779482053527002e-03 8.374379502727237815e-03 2.333923847742262053e-02
1.900000000000000000e+02 2.289857061746369826e-02 4.877769523873078279e-03 -5.809229719552882511e-03 1.484854841495453041e-02 -1.243277733113775296e-03 8.284869768752069208e-03 2.301599440058514981e-02
1.925000000000000000e+02 2.254617892950036215e-02 4.726450408790219652e-03 -5.726635171733628071e-03 1.461293197361618681e-02 -1.201552102331350036e-03 8.193641196325955264e-03 2.267637604972125298e-02
1.950000000000000000e+02 2.213890891744669728e-02 4.584650170351903600e-03 -5.645696202683295889e-03 1.437183093475213197e-02 -1.161285968222992198e-03 8.104583147448806910e-03 2.230766149982381721e-02
1.975000000000000000e+02 2.170806582896587025e-02 4.445815330312364796e-03 -5.566347502553600432e-03 1.412215057929025117e-02 -1.122306367560933727e-03 8.019374338620830281e-03 2.192479537343847498e-02
2.000000000000000000e+02 2.125833400510096158e-02 4.287093587280964811e-03 -5.489218016197235962e-03 1.388075545604270343e-02 -1.084355716129186071e-03 7.934177151351057278e-03 2.153663330624736028e-02
2.025000000000000000e+02 2.080230506798376455e-02 4.118182256805367515e-03 -5.414667178368285164e-03 1.365970576834813453e-02 -1.047650887019516228e-03 7.844776812075852229e-03 2.115339382420387826e-02
2.050000000000000000e+02 2.036636233970556473e-02 3.957587579541474963e-03 -5.340224349827882126e-03 1.345191235456936682e-02 -1.012020719030454511e-03 7.752287030756381016e-03 2.078528086251565585e-02
2.075000000000000000e+02 1.996424009904488109e-02 3.799005059389669661e-03 -5.265001516227731625e-03 1.323622392209744363e-02 -9.778003913004352197e-04 7.658647128309385883e-03 2.042955557472585573e-02
2.100000000000000000e+02 1.959064935232784216e-02 3.638496970378622686e-03 -5.190247032777495391e-03 1.300055968057021658e-02 -9.448894358781439887e-04 7.567550944005044418e-03 2.007937998845155114e-02
2.125000000000000000e+02 1.922183812024277905e-02 3.499638477800556292e-03 -5.115242141097732335e-03 1.275723729432326654e-02 -9.127390322168729177e-04 7.480321490224129365e-03 1.972969845239508704e-02
2.150000000000000000e+02 1.888705960386835581e-02 3.403610597685404696e-03 -5.039582202346984570e-03 1.253554195433458258e-02 -8.815678368539978669e-04 7.391600859161330528e-03 1.940710120868213359e-02
2.175000000000000000e+02 1.860561966423432065e-02 3.333444472893495273e-03 -4.963999875078051877e-03 1.234076963360852992e-02 -8.511915422854488076e-04 7.297496302099457967e-03 1.912194279997115470e-02
2.200000000000000000e+02 1.834877690113032381e-02 3.269303964340591635e-03 -4.888187202685997761e-03 1.215690916604220476e-02 -8.210447613173062296e-04 7.199622620436101073e-03 1.885265434380431482e-02
2.225000000000000000e+02 1.810790777960715262e-02 3.202238245241588802e-03 -4.812689719174846614e-03 1.197945899728787393e-02 -7.925949879316213651e-04 7.099837944418756208e-03 1.859360236065689051e-02
2.250000000000000000e+02 1.788499315066219286e-02 3.130717051567471956e-03 -4.737497133766622147e-03 1.181931116492464413e-02 -7.661986552966650738e-04 6.997769643722587425e-03 1.835103697965471264e-02
2.275000000000000000e+02 1.770287592511200422e-02 3.069323533370083880e-03 -4.663429313193752368e-03 1.168551972047547106e-02 -7.418829627934060049e-04 6.892031458854468162e-03 1.814021355222097259e-02
2.300000000000000000e+02 1.754162089946129446e-02 3.005342594417428730e-03 -4.589388650304844497e-03 1.154166795666058606e-02 -7.191211389328986889e-04 6.783433403631808703e-03 1.793336112987684375e-02
2.325000000000000000e+02 1.736465033406209280e-02 2.920550544302489854e-03 -4.514720076034204818e-03 1.136682332499995042e-02 -6.972579125198385096e-04 6.672134447867208301e-03 1.770180405346462316e-02
2.350000000000000000e+02 1.716065061319439755e-02 2.823662350078426971e-03 -4.439896156052867277e-03 1.117984241362151958e-02 -6.754226943577395581e-04 6.558423822706822663e-03 1.744945842476136946e-02
2.375000000000000000e+02 1.693844464300206173e-02 2.741885271377159355e-03 -4.366116504216695053e-03 1.099380335563294661e-02 -6.539120982341913805e-04 6.444222873432903578e-03 1.718823543603395509e-02
2.400000000000000000e+02 1.668351316254168201e-02 2.668947977925622932e-03 -4.293705211930902606e-03 1.079713929190929435e-02 -6.324972191597549994e-04 6.333407411447256573e-03 1.690702993294911777e-02
2.425000000000000000e+02 1.637552470057599893e-02 2.595379319184090705e-03 -4.222655977290368061e-03 1.059821881377774611e-02 -6.118571695639735868e-04 6.227791995218547212e-03 1.660076775478614569e-02
2.450000000000000000e+02 1.602961037697806651e-02 2.516794817916549742e-03 -4.153228418263477800e-03 1.039781258283794391e-02 -5.916451047210820845e-04 6.128303044552146570e-03 1.627786300218407936e-02
2.475000000000000000e+02 1.567457894215393971e-02 2.431469731358204805e-03 -4.084682484426818173e-03 1.019099770800368891e-02 -5.715166781288778071e-04 6.033649052373904996e-03 1.594961285126576811e-02
2.500000000000000000e+02 1.533614683198590047e-02 2.365338046821823144e-03 -4.016592330747691640e-03 9.995846806044348526e-03 -5.507789270394945714e-04 5.941358508225721806e-03 1.563667607312798496e-02
2.525000000000000000e+02 1.501752667488581716e-02 2.330504049613095052e-03 -3.949115033391718647e-03 9.829496790034525713e-03 -5.296716905739431948e-04 5.851926576624723146e-03 1.534947502077253258e-02
2.550000000000000000e+02 1.472137375648368066e-02 2.311732532794768744e-03 -3.882782784106323260e-03 9.696680340996331054e-03 -5.088330657774323140e-04 5.766713917863517530e-03 1.509238400767176462e-02
2.575000000000000000e+02 1.444899599622331658e-02 2.283335749711150851e-03 -3.817404004176005831e-03 9.569302876499933413e-03 -4.886739182739039799e-04 5.687080356088418040e-03 1.485268961440583402e-02
2.600000000000000000e+02 1.418246750639140172e-02 2.227653702426386599e-03 -3.751950148455030377e-03 9.413321182059961392e-03 -4.682111477261832896e-04 5.612506723693405294e-03 1.460414770607238594e-02
2.625000000000000000e+02 1.390868487875731620e-02 2.151069824253438751e-03 -3.686027088562796993e-03 9.237650214753060848e-03 -4.476596569476551748e-04 5.540450467614985511e-03 1.434339278056268041e-02
2.650000000000000000e+02 1.362764038721658681e-02 2.075330338518548059e-03 -3.619322023038650752e-03 9.066552949708239426e-03 -4.274464421442404367e-04 5.470025654950917172e-03 1.408210949593787127e-02
2.675000000000000000e+02 1.333316372881055041e-02 2.009434739799028508e-03 -3.551974382180605148e-03 8.906371384110716924e-03 -4.082720993300730807e-04 5.400886105835995057e-03 1.382021060937863033e-02
2.700000000000000000e+02 1.302929374130284285e-02 1.958077632975466654e-03 -3.484289599862706605e-03 8.751660024171343394e-03 -3.900936813151175981e-04 5.330306868295389515e-03 1.355563031688478831e-02
2.725000000000000000e+02 1.272246327951954796e-02 1.918262288994176902e-03 -3.416343642976169340e-03 8.595157535152220252e-03 -3.726098560659479842e-04 5.255596451790006847e-03 1.328660863323088796e-02
2.750000000000000000e+02 1.243561341402391052e-02 1.888927740996422305e-03 -3.348509848439242421e-03 8.434392996609165610e-03 -3.553693517293259139e-04 5.176268776999418293e-03 1.302313759381624678e-02
2.775000000000000000e+02 1.217452609971327038e-02 1.855918933076631822e-03 -3.280593603492127416e-03 8.267213098909917401e-03 -3.385905506366872837e-04 5.092372182374154364e-03 1.276705569049867151e-02
2.800000000000000000e+02 1.191351580788768336e-02 1.794702453693994932e-03 -3.212611415845243856e-03 8.087066249587960068e-03 -3.228678414629640968e-04 5.004176393956796809e-03 1.250237922571622098e-02
2.825000000000000000e+02 1.165257119136626184e-02 1.714341870289176747e-03 -3.144295445711120431e-03 7.899547336216205737e-03 -3.077366661466138047e-04 4.912550751615171914e-03 1.223233463959881931e-02
2.850000000000000000e+02 1.140132211805875914e-02 1.632566300587266024e-03 -3.076438578603608517e-03 7.717988627624855144e-03 -2.934925706777580484e-04 4.818372928098647867e-03 1.196884183689113021e-02
2.875000000000000000e+02 1.116529357264253036e-02 1.563995364642773540e-03 -3.009227134909735462e-03 7.545307324737304117e-03 -2.805311424269981888e-04 4.723669857666810620e-03 1.171713537752332168e-02
2.900000000000000000e+02 1.094701763992543195e-02 1.504899938125732126e-03 -2.942248749991656625e-03 7.364652716537588989e-03 -2.684712310609237021e-04 4.630516058392077951e-03 1.147109320742754901e-02
2.925000000000000000e+02 1.074117204988813551e-02 1.439978653272663139e-03 -2.875089889413431302e-03 7.165541038303079556e-03 -2.568276829310700386e-04 4.540852675726739923e-03 1.122378288195897793e-02
2.950000000000000000e+02 1.053536451070330102e-02 1.373032396271868559e-03 -2.807921220829921738e-03 6.958033090265589894e-03 -2.456874151515588763e-04 4.455429692042421966e-03 1.097441364650565687e-02
2.975000000000000000e+02 1.030838728530003925e-02 1.313264960529998823e-03 -2.741214231781197164e-03 6.747463768314546084e-03 -2.348779497879965774e-04 4.373624519709360184e-03 1.071473778666197363e-02
3.000000000000000000e+02 1.005256306513660491e-02 1.261058698582398540e-03 -2.675348235106405834e-03 6.543162094040919086e-03 -2.244406278035567665e-04 4.292675586152614430e-03 1.044420037266506965e-02
3.025000000000000000e+02 9.797868491655469317e-03 1.211748585015527463e-03 -2.609751049687105556e-03 6.357417194237218946e-03 -2.140921126875555041e-04 4.209764948328639962e-03 1.018252531711066368e-02
3.050000000000000000e+02 9.559515640669100436e-03 1.160885806436912212e-03 -2.544384229877186959e-03 6.191251828250699842e-03 -2.042322846278852720e-04 4.123003134878968322e-03 9.936885301899385167e-03
3.075000000000000000e+02 9.328192134956149462e-03 1.113971263564441381e-03 -2.478810193728594059e-03 6.040224218924849023e-03 -1.955410754389206847e-04 4.032180424108749647e-03 9.700298388994874066e-03
3.100000000000000000e+02 9.100703350694173271e-03 1.080238295582249073e-03 -2.413638562026232046e-03 5.905352054608700371e-03 -1.879089453851627361e-04 3.937741155375863028e-03 9.471898280339369203e-03
3.125000000000000000e+02 8.870071633210560580e-03 1.061136769503361705e-03 -2.349328976478794444e-03 5.786335170439835078e-03 -1.811604946495148775e-04 3.841119380030664967e-03 9.248763091840530096e-03
3.150000000000000000e+02 8.626737049796391610e-03 1.047769576084157635e-03 -2.285980724990126917e-03 5.669891025485462518e-03 -1.748800720788989808e-04 3.743619372323203631e-03 9.020123723802529747e-03
3.175000000000000000e+02 8.372502906116125257e-03 1.034944058201360062e-03 -2.223715313694109991e-03 5.550620022143406933e-03 -1.692596452409750438e-04 3.646054582773945122e-03 8.784588755516738873e-03
3.200000000000000000e+02 8.115506118057193991e-03 1.020820711118573722e-03 -2.162933956855676854e-03 5.428603446362282800e-03 -1.646677826723905625e-04 3.547886025778418991e-03 8.545997795098948108e-03
3.225000000000000000e+02 7.860917006445347979e-03 1.006621960459703601e-03 -2.103336234768899120e-03 5.296276294435422159e-03 -1.607172719480807533e-04 3.449490146027188540e-03 8.303341723453979556e-03
3.250000000000000000e+02 7.613798190988909330e-03 9.892501505357888074e-04 -2.044865638642678549e-03 5.148073685130497880e-03 -1.566524396914319086e-04 3.351015628524382436e-03 8.056443752321895690e-03
3.275000000000000000e+02 7.370905044607592438e-03 9.625595200922687153e-04 -1.987116294695669486e-03 4.989381387121324778e-03 -1.524731410058411470e-04 3.253809649491368975e-03 7.807048040610143312e-03
3.300000000000000000e+02 7.132102903232739877e-03 9.291095781263514902e-04 -1.930025022251938499e-03 4.828851241378649163e-03 -1.481300234486803140e-04 3.158491941796267525e-03 7.559723043203827632e-03
3.325000000000000000e+02 6.902982347445243798e-03 8.908373638145848043e-04 -1.872719409384577139e-03 4.671362661511588646e-03 -1.434440432756156527e-04 3.065663695193936861e-03 7.320004352075384219e-03
3.350000000000000000e+02 6.689417023203462175e-03 8.502099482480938606e-04 -1.815357451894708801e-03 4.513784662323876151e-03 -1.382986813203283306e-04 2.975029279438034906e-03 7.089115482482687483e-03
3.375000000000000000e+02 6.490607661076435581e-03 8.131406130816472549e-04 -1.757655774227960500e-03 4.352221953616736659e-03 -1.328089019934001569e-04 2.886299531141821220e-03 6.864564572917497380e-03
3.400000000000000000e+02 6.303689865598913200e-03 7.831020046012996316e-04 -1.700148458946982265e-03 4.188380394179846110e-03 -1.275433174179542884e-04 2.797283503056338140e-03 6.644676881417548725e-03
3.425000000000000000e+02 6.126913547264702629e-03 7.606574092222501398e-04 -1.641789020181354470e-03 4.022134658480255691e-03 -1.225411633251411358e-04 2.706624786102793893e-03 6.427836495923875890e-03
3.450000000000000000e+02 5.955882196584620994e-03 7.397963218554275393e-04 -1.583434116770157229e-03 3.856349013721840305e-03 -1.177007714282715781e-04 2.613605121773641699e-03 6.212918166040051066e-03
3.475000000000000000e+02 5.784086293594666722e-03 7.153396740874732890e-04 -1.525123975201543190e-03 3.694794188296264374e-03 -1.129671428368292694e-04 2.519232678861331454e-03 5.999056580376131709e-03
3.500000000000000000e+02 5.611620425346687015e-03 6.894391700304936151e-04 -1.468080404531229991e-03 3.547250651184542976e-03 -1.083785567087269808e-04 2.424310277518334535e-03 5.791590677024782696e-03
3.525000000000000000e+02 5.446921107818625957e-03 6.666845661915207126e-04 -1.411800269279794157e-03 3.417312846100022984e-03 -1.040148817632237133e-04 2.330399941657490624e-03 5.597316947788069132e-03
3.550000000000000000e+02 5.290528517141330697e-03 6.491933123789337583e-04 -1.357265135737068364e-03 3.300886857762669324e-03 -1.001824127434445085e-04 2.238148071244756756e-03 5.414781723074378605e-03
3.575000000000000000e+02 5.131771716363974466e-03 6.338622939008738090e-04 -1.303576722642791393e-03 3.194837466446745662e-03 -9.672202657934407229e-05 2.148479186802386073e-03 5.237544184806553101e-03
3.600000000000000000e+02 4.961771019143437940e-03 6.133432398897037223e-04 -1.251470962238610159e-03 3.089631563834177499e-03 -9.381882209191154225e-05 2.061810547216972548e-03 5.056606565097293560e-03
3.625000000000000000e+02 4.776384506519984648e-03 5.836100429178962649e-04 -1.199342204481555763e-03 2.976151684034975160e-03 -9.098522324957252568e-05 1.978217064921007368e-03 4.865376627737983371e-03
3.650000000000000000e+02 4.579017011441665654e-03 5.504287809328596614e-04 -1.148393557956642851e-03 2.852866963602944742e-03 -8.851741028396326353e-05 1.897434616473690381e-03 4.664659295759150497e-03
3.675000000000000000e+02 4.376253330401366076e-03 5.155829262318516312e-04 -1.097351853209262455e-03 2.719700932637157415e-03 -8.598079718310496920e-05 1.819474899690782339e-03 4.457714581364652373e-03
3.700000000000000000e+02 4.180606523582965084e-03 4.811722393668222959e-04 -1.047734862535535869e-03 2.581864675299295336e-03 -8.367117055656936178e-05 1.744075935073631902e-03 4.253273566977946486e-03
3.725000000000000000e+02 4.000297977294712919e-03 4.486013730088887199e-04 -9.977614469310455616e-04 2.448062678114680275e-03 -8.057453880365195468e-05 1.670498988753116570e-03 4.059429822081255315e-03
3.750000000000000000e+02 3.837481573607955630e-03 4.159639064258037608e-04 -9.493186753517777500e-04 2.321851582079087397e-03 -7.718038382263060976e-05 1.598182592703254823e-03 3.878757874195148600e-03
3.775000000000000000e+02 3.686438926795152123e-03 3.844615640043647542e-04 -9.010091354685314993e-04 2.206835305825240873e-03 -7.270598461618916185e-05 1.526935467542964945e-03 3.710104850081679187e-03
3.800000000000000000e+02 3.531737403606957822e-03 3.566211108836018335e-04 -8.551035771553692480e-04 2.100770904070036783e-03 -6.850157541949285689e-05 1.457710670738608400e-03 3.545109489207801286e-03
3.825000000000000000e+02 3.362446326845599902e-03 3.267950852443739554e-04 -8.097763346414417343e-04 1.997097811803939804e-03 -6.412770507266215181e-05 1.390862115358726782e-03 3.375203127004133136e-03
3.850000000000000000e+02 3.182627077460469835e-03 2.928570129047946289e-04 -7.667195046984805066e-04 1.889398334584934227e-03 -6.060677339528879233e-05 1.327333054323284571e-03 3.199679233184344208e-03
3.875000000000000000e+02 3.006919727105557012e-03 2.567003563723062364e-04 -7.242670944480868395e-04 1.779839547265296305e-03 -5.634274999115731678e-05 1.266717069118476671e-03 3.026738171744664668e-03
3.900000000000000000e+02 2.846687046439130408e-03 2.239174183811545816e-04 -6.840927822929255024e-04 1.672179188995971851e-03 -5.266745576400420317e-05 1.209203610713480712e-03 2.864034923074291160e-03
3.925000000000000000e+02 2.698881523087469803e-03 1.937311865297038657e-04 -6.443501848291053853e-04 1.567337250403603695e-03 -4.804305638867355699e-05 1.153601212146186661e-03 2.709909992818630188e-03
3.950000000000000000e+02 2.557472249948438987e-03 1.667419787307878297e-04 -6.062363258404939240e-04 1.463070987133573576e-03 -4.443991130676041331e-05 1.100020071955940502e-03 2.560281654518976532e-03
3.975000000000000000e+02 2.422055351807524733e-03 1.411048227964020252e-04 -5.686427778071134840e-04 1.364988462302831355e-03 -3.991469104885687522e-05 1.047220831050509841e-03 2.417132322580432639e-03
4.000000000000000000e+02 2.289608691310368160e-03 1.226250928912740853e-04 -5.328023374223200912e-04 1.277266527765656256e-03 -3.654039591994138239e-05 9.959342189399056702e-04 2.281404719007965043e-03
4.025000000000000000e+02 2.156401645604887757e-03 1.077471822807019903e-04 -4.977861063415922778e-04 1.199437399724432403e-03 -3.188412627007872495e-05 9.453125936107881471e-04 2.150575819470054370e-03
4.050000000000000000e+02 2.023501290615978797e-03 9.826944537975138016e-05 -4.645936669204550206e-04 1.125648441659796118e-03 -2.867559310786933535e-05 8.962474655697398509e-04 2.022698598922757600e-03
4.075000000000000000e+02 1.891821194454368967e-03 8.564637707895599071e-05 -4.326854632736287505e-04 1.052277438913737503e-03 -2.443123265209860929e-05 8.472407220177956754e-04 1.895669677692951019e-03
4.100000000000000000e+02 1.766629560515644562e-03 7.233340995409172402e-05 -4.025227699653010369e-04 9.741681956505640833e-04 -2.213197383239673326e-05 7.993118573564472621e-04 1.770054806761327953e-03
4.125000000000000000e+02 1.649878567366372655e-03 5.439742056726739396e-05 -3.738306223280594368e-04 8.967087687477324305e-04 -1.864902834239326573e-05 7.513676023590839083e-04 1.648977469236594497e-03
4.150000000000000000e+02 1.545367228533064182e-03 4.285679045419943443e-05 -3.465283207668702322e-04 8.210352984073324969e-04 -1.698253657166667361e-05 7.051110572852785363e-04 1.535756792112837662e-03
4.175000000000000000e+02 1.453465418979497936e-03 3.425982516956160520e-05 -3.209473939985663864e-04 7.513533355170070411e-04 -1.406532185057195232e-05 6.596001800317274682e-04 1.432209467264116331e-03
4.200000000000000000e+02 1.372318083816960509e-03 3.368316035514027452e-05 -2.968097392561225550e-04 6.861624428441453951e-04 -1.324533048978382227e-05 6.165412658764266333e-04 1.337510896268766323e-03
4.225000000000000000e+02 1.295810416296123329e-03 2.815242742311951896e-05 -2.744020588048907321e-04 6.261067300498993028e-04 -1.114763501035735171e-05 5.745264536895964246e-04 1.248221800017809474e-03
4.250000000000000000e+02 1.220779777897800606e-03 2.536846212334413700e-05 -2.528848304866154447e-04 5.674951500159226446e-04 -1.053973921532659020e-05 5.353808590343862818e-04 1.161827893474054766e-03
4.275000000000000000e+02 1.139196265774739111e-03 1.510431405639671775e-05 -2.331200190778298827e-04 5.139945943272095563e-04 -8.365516911933536855e-06 4.977030748696835340e-04 1.075446967485816155e-03
4.300000000000000000e+02 1.052158120808606261e-03 8.556119388431682445e-06 -2.134605243762734204e-04 4.621718586020069196e-04 -7.377034084570889434e-06 4.630705653539535899e-04 9.887002723822833038e-04
4.325000000000000000e+02 9.611065601402646666e-04 -2.961344411465382963e-06 -1.956078823019321027e-04 4.154789312516998269e-04 -5.183818189041395395e-06 4.299286474941612008e-04 9.032570694430628200e-04
4.350000000000000000e+02 8.750796141427632981e-04 -5.710691599330885727e-06 -1.774644212087361642e-04 3.705176620083380171e-04 -4.109949461466751560e-06 3.995374545221872420e-04 8.225673653366442515e-04
4.375000000000000000e+02 7.942382884918176280e-04 -1.137007348682903472e-05 -1.618891688697775310e-04 3.323086611663681454e-04 -2.369233341404427147e-06 3.702877212396468503e-04 7.484173354489163932e-04
4.400000000000000000e+02 7.222825844264443938e-04 -8.211206872318932244e-06 -1.460699935776068269e-04 2.977193978912189964e-04 -1.009027600309444170e-06 3.435085911351556552e-04 6.817552867264095769e-04
4.425000000000000000e+02 6.519515171076164985e-04 -1.044220454156832354e-05 -1.330139407516454703e-04 2.699659522133066253e-04 8.709862074755807810e-07 3.177834365031332567e-04 6.198504529120282174e-04
4.450000000000000000e+02 5.909718560347680585e-04 -5.889009011963253109e-06 -1.192663771798107468e-04 2.443444515187344736e-04 3.012333536380823939e-06 2.945010748224054513e-04 5.649086911879540188e-04
4.475000000000000000e+02 5.329281576313562143e-04 -7.384445589336152720e-06 -1.082161040779763079e-04 2.259345841774216147e-04 4.895109941446784788e-06 2.722518442873216342e-04 5.155572930480497315e-04
4.500000000000000000e+02 4.843645872510919247e-04 -4.351738835463691814e-06 -9.665517645771604907e-05 2.086288584086540634e-04 7.364089020615337162e-06 2.523059766087294644e-04 4.726497111342377669e-04
4.525000000000000000e+02 4.379138392624721339e-04 -7.425372074849789414e-06 -8.778168287866904940e-05 1.953379957821166390e-04 8.795599384052110739e-06 2.332077906833434841e-04 4.332298128639661149e-04
4.550000000000000000e+02 3.995131263531321621e-04 -4.861599565860785560e-06 -7.827617243601263331e-05 1.794814760447875992e-04 1.136301373349370166e-05 2.165023102776090071e-04 3.977484563377643571e-04
4.575000000000000000e+02 3.609123977328108413e-04 -6.890929649847343638e-06 -7.109921268534477752e-05 1.674879677345128223e-04 1.228915400552475886e-05 2.003411434934354075e-04 3.643707544803795220e-04
4.600000000000000000e+02 3.286878706776518084e-04 -3.560218415033134037e-06 -6.331104283784593206e-05 1.519214177341087358e-04 1.502414866532942519e-05 1.865472204759826462e-04 3.335782544438715817e-04
4.625000000000000000e+02 2.947720479279045407e-04 -5.476377973077362298e-06 -5.725326280383556010e-05 1.410024988106256332e-04 1.528886533595334447e-05 1.729617263657387560e-04 3.043681365521344650e-04
4.650000000000000000e+02 2.666961314553208812e-04 -3.251525455326387447e-06 -5.081142337862513248e-05 1.264394433909318534e-04 1.801994535137080129e-05 1.618129224607131231e-04 2.774742486534828882e-04
4.675000000000000000e+02 2.364914235276177851e-04 -6.662319009237016298e-06 -4.564080418370691398e-05 1.174194694235337579e-04 1.741120142481353145e-05 1.504560404706027372e-04 2.521834667108771469e-04
4.700000000000000000e+02 2.118225076435963951e-04 -6.384965449115043367e-06 -4.041263106021751508e-05 1.048878056490309550e-04 2.022973786931633259e-05 1.417286143946510225e-04 2.292194638436391863e-04
4.725000000000000000e+02 1.860284367244037940e-04 -9.270521224653548943e-06 -3.616334047168210357e-05 9.936368003325490384e-05 1.896516713663611700e-05 1.322415550175531939e-04 2.088168358876059459e-04
4.750000000000000000e+02 1.669872429447288203e-04 -8.441098725944051984e-06 -3.187433194989615966e-05 8.962275238443222593e-05 2.189698910428652077e-05 1.256326114773461127e-04 1.911213034032535727e-04
4.775000000000000000e+02 1.470806019024060171e-04 -9.591065989961933532e-06 -2.836242546923479888e-05 8.682104908527765936e-05 1.998043627592540524e-05 1.174643906622362561e-04 1.756830208249599663e-04
4.800000000000000000e+02 1.336295996526294086e-04 -7.439421361292630575e-06 -2.466208684968831485e-05 7.863061917757292654e-05 2.274147379967487965e-05 1.125079918585536622e-04 1.623841053443780054e-04
4.825000000000000000e+02 1.184172243077632965e-04 -6.848834577721340813e-06 -2.191799048036909315e-05 7.621525336224088372e-05 2.028448126994938000e-05 1.050539556979191168e-04 1.498432166839616349e-04
4.850000000000000000e+02 1.105714443525354076e-04 -4.083804822746195047e-06 -1.849441937560771310e-05 6.838877381859251943e-05 2.258320322707247976e-05 1.014009812068297198e-04 1.401805996889788166e-04
4.875000000000000000e+02 9.955878421453583657e-05 -2.605072407471631561e-06 -1.662895947287315195e-05 6.546032097740361888e-05 1.971507633109906488e-05 9.424336584057458927e-05 1.296312355162570020e-04
4.900000000000000000e+02 9.698183006744737938e-05 -3.086109686398330442e-07 -1.337369160281971718e-05 5.867487917440658985e-05 2.115455070011977741e-05 9.166423204772143293e-05 1.236604706447877011e-04
4.925000000000000000e+02 8.854147016058657479e-05 1.301433115845718244e-06 -1.244598965836589653e-05 5.526877226269650639e-05 1.809082676842035554e-05 8.452672756283248750e-05 1.141684849930577810e-04
4.950000000000000000e+02 8.930744707575399865e-05 2.666127487754721234e-06 -9.097142590012786197e-06 4.920845822089318900e-05 1.854942054930481721e-05 8.287623131755641537e-05 1.106960683071018083e-04
4.975000000000000000e+02 8.210294662443420194e-05 3.811143328352883953e-06 -8.979175284880550105e-06 4.520887819675394254e-05 1.580925985045369565e-05 7.562920492547683298e-05 1.014705148733324887e-04
5.000000000000000000e+02 8.536947430988721245e-05 4.070190074833490376e-06 -5.463887633077459292e-06 4.047188728410127339e-05 1.534701273387560348e-05 7.478068200128014245e-05 1.003110217976343175e-04
5.025000000000000000e+02 7.845199618215374692e-05 4.422554348218810430e-06 -6.215476776873587078e-06 3.661981680117705181e-05 1.339883542384734191e-05 6.736902262821990695e-05 9.122041780577535284e-05
5.050000000000000000e+02 8.313744309114224154e-05 3.702698387318114984e-06 -2.749900805111631302e-06 3.333134726052531079e-05 1.218676545734194243e-05 6.725378600068890691e-05 9.186128817617822623e-05
5.075000000000000000e+02 7.561193279785828798e-05 3.924527561270352374e-06 -4.326722130621229242e-06 2.971627845863124959e-05 1.123732746433946588e-05 5.972999321659213854e-05 8.252910223654084314e-05
5.100000000000000000e+02 8.184708351108210063e-05 2.240804136611806785e-06 -1.168427486216392222e-06 2.757127317106977684e-05 9.391262363878220842e-06 6.029057554778595126e-05 8.485446611496891267e-05
5.125000000000000000e+02 7.344624265374371142e-05 2.814882655005668146e-06 -3.272251503801611165e-06 2.465608485418009491e-05 9.463114596226995600e-06 5.272615900499482246e-05 7.541424325645932117e-05
5.150000000000000000e+02 8.083429703345022354e-05 1.167540330431648933e-07 -4.076421466016966487e-07 2.331231591532389926e-05 7.211195859338885176e-06 5.387911674579918213e-05 7.901286484728664908e-05
5.175000000000000000e+02 7.150468349983488093e-05 1.670171221432781335e-06 -2.830825048559142841e-06 2.161924986404439985e-05 8.177331576020349776e-06 4.636929343570249699e-05 6.974661339979088719e-05
5.200000000000000000e+02 7.948233207859444957e-05 -1.890382085562869550e-06 -7.900911612720106870e-08 2.037249498318729538e-05 5.720735927168398317e-06 4.800494420854375233e-05 7.392988563516274356e-05
5.225000000000000000e+02 6.915911795133009249e-05 1.003443875863041465e-06 -2.845022837931457584e-06 2.015634569045658800e-05 7.379068006124057702e-06 4.066192659053428335e-05 6.498869511616048192e-05
5.250000000000000000e+02 7.757242938211507746e-05 -3.288378200397978692e-06 5.440696087905814388e-08 1.816599410439589813e-05 4.750834870703149124e-06 4.265500316497264870e-05 6.919671332574181045e-05
5.275000000000000000e+02 6.656984899424429750e-05 6.838951497904588838e-07 -3.135606675241835808e-06 1.937755099851212723e-05 6.916612340431102777e-06 3.559751093461952176e-05 6.077245546368797156e-05
5.300000000000000000e+02 7.437698778621708686e-05 -3.773980212639927036e-06 6.698049688352455022e-08 1.597128732233379223e-05 4.001893170052999872e-06 3.780638089041754422e-05 6.407732799948421165e-05
5.325000000000000000e+02 6.380011538877301879e-05 2.918313944755723799e-07 -3.456549907456556845e-06 1.869837985818403398e-05 6.615472470479226570e-06 3.117273363920264361e-05 5.683561444307984480e-05
5.350000000000000000e+02 6.878925815431741642e-05 -3.055169508104249767e-06 5.457341703685777243e-09 1.389771942943145487e-05 3.334645190302994314e-06 3.344493544215078985e-05 5.806595651294982634e-05
5.375000000000000000e+02 6.162104994448735986e-05 -4.706558515671588534e-07 -3.585752483148829768e-06 1.788561989056223364e-05 6.245126501603312800e-06 2.735725463895324980e-05 5.343196223700141996e-05
5.400000000000000000e+02 6.176264973860198749e-05 -1.566167899186687812e-06 -1.054151928588094610e-07 1.224537370819334165e-05 2.789069966654596600e-06 2.955111405100583447e-05 5.177956874890058265e-05
5.425000000000000000e+02 6.032938353576327293e-05 -1.504829624328607353e-06 -3.381388902859026206e-06 1.672218229008279883e-05 5.641358252674499606e-06 2.407391148227470544e-05 5.056273865406039030e-05
5.450000000000000000e+02 5.551634288618334263e-05 -2.980926359329672131e-07 -3.015330491873890691e-07 1.110043085420180387e-05 2.468056217080187366e-06 2.609776272069187992e-05 4.635726823053851236e-05
5.475000000000000000e+02 5.914891836841249591e-05 -2.284541323716737657e-06 -2.947933724176918624e-06 1.521256541680067119e-05 4.864972920739444547e-06 2.122019396115764484e-05 4.779083887318540851e-05
5.500000000000000000e+02 5.103989395598560250e-05 3.437547472456614771e-07 -5.436931676811066776e-07 1.031802224494082739e-05 2.342254125139875561e-06 2.305404558589177103e-05 4.220598089340910639e-05
5.525000000000000000e+02 5.754457707868745160e-05 -2.621414149161615986e-06 -2.560450396465242946e-06 1.369193802642918378e-05 4.151095939341708059e-06 1.870549659473581331e-05 4.497100584992622265e-05
5.550000000000000000e+02 4.785145502544594487e-05 6.189116526769567105e-07 -7.249247272924293936e-07 9.639752582024207944e-06 2.265125980901316255e-06 2.037877187564058324e-05 3.893498974155536549e-05
5.575000000000000000e+02 5.585004900158629921e-05 -2.811804211024515722e-06 -2.329659327687001171e-06 1.247003057157556405e-05 3.608977321992889358e-06 1.646922739202458688e-05 4.239465348259322084e-05
5.600000000000000000e+02 4.532166071158645046e-05 7.813991677020126397e-07 -7.913040141100566857e-07 8.994974079165096836e-06 2.132998099799334551e-06 1.802121295125982186e-05 3.616892387100568203e-05
5.625000000000000000e+02 5.423960335792994317e-05 -2.966770000013418838e-06 -2.243697559820539391e-06 1.155843054648340065e-05 3.237350747524075243e-06 1.447550324709532526e-05 4.013676857575433285e-05
5.650000000000000000e+02 4.324018807667578084e-05 8.529422088074057041e-07 -7.685001003344875651e-07 8.427624611490536281e-06 1.933199833676442314e-06 1.593756458177702381e-05 3.380268863497167046e-05
5.675000000000000000e+02 5.272818204585547557e-05 -3.061558189668111949e-06 -2.237945728581980311e-06 1.082800067451223982e-05 2.972808955059680800e-06 1.269563139032133782e-05 3.812590705534452237e-05
5.700000000000000000e+02 4.145848041031232928e-05 8.747403876641967934e-07 -7.213531738526575170e-07 7.940373973948844358e-06 1.719185079070665173e-06 1.409629349098685599e-05 3.174757393762401566e-05
5.725000000000000000e+02 5.136870158961741642e-05 -3.130386245412175654e-06 -2.254288661746923405e-06 1.021902754141059728e-05 2.752632146917181729e-06 1.110554748818244932e-05 3.634663830960522559e-05
5.750000000000000000e+02 3.988069635729569692e-05 8.860700180520097868e-07 -6.837712281562710626e-07 7.518609669161868553e-06 1.520447262962383807e-06 1.247054573701172598e-05 2.993492588173464572e-05
5.775000000000000000e+02 5.017354821184340897e-05 -3.193039479494430415e-06 -2.261611623417483056e-06 9.702747857713590253e-06 2.543767372033426371e-06 9.686912960453011810e-06 3.478160451500500721e-05
5.800000000000000000e+02 3.846365793704773292e-05 9.027205166606932612e-07 -6.670436491505053384e-07 7.148964180954209457e-06 1.344879523200776851e-06 1.103576705556515467e-05 2.832419458678354725e-05
5.825000000000000000e+02 4.913196802057679757e-05 -3.256120148341423599e-06 -2.248793482462177426e-06 9.262031506767164673e-06 2.334840452200611561e-06 8.425256945411168879e-06 3.340962823637756387e-05
5.850000000000000000e+02 3.718897800308767126e-05 9.266508212940394041e-07 -6.733760140276431372e-07 6.824652903412165390e-06 1.191919116024529721e-06 9.770438015745833710e-06 2.689203446112283476e-05
5.875000000000000000e+02 4.822764495314917310e-05 -3.321528453943223350e-06 -2.212894981872517126e-06 8.885106713278823724e-06 2.123428666896594415e-06 7.308523054794895079e-06 3.221063736061144383e-05
5.900000000000000000e+02 3.604547772792070372e-05 9.563277407872661920e-07 -7.015104278409079463e-07 6.541359471848551470e-06 1.057750559496702206e-06 8.656287428924048735e-06 2.562156231434665408e-05
5.925000000000000000e+02 4.744696225015072779e-05 -3.390962152962018248e-06 -2.152841995344044385e-06 8.563225782487115257e-06 1.909049080797235043e-06 6.326575347024498898e-06 3.116838168983117351e-05
5.950000000000000000e+02 3.502232886489142571e-05 9.910976053639330212e-07 -7.494829995885539992e-07 6.295820243421346149e-06 9.380739851613043337e-07 7.677868254389185422e-06 2.449800868135097864e-05
5.975000000000000000e+02 4.677974318821842515e-05 -3.466410997893199147e-06 -2.067754603632301299e-06 8.289131584608177471e-06 1.691266966669581909e-06 5.471013068443645554e-06 3.026994392063512367e-05
6.000000000000000000e+02 3.410956795635229258e-05 1.030791276280140746e-06 -8.155365589884159979e-07 6.085570033560117317e-06 8.291075733779579344e-07 6.822087096359299589e-06 2.350861254313585559e-05
6.025000000000000000e+02 4.621799538388895534e-05 -3.549734858909126077e-06 -1.956904670378369253e-06 8.056888836262209686e-06 1.469706370127996324e-06 4.735009561384018310e-06 2.950494689076759125e-05
6.050000000000000000e+02 3.329836111402108999e-05 1.075467131968998919e-06 -8.982279908372654181e-07 5.908667148911561306e-06 7.276639729551635863e-07 6.077813085365352833e-06 2.264242067414900291e-05
6.075000000000000000e+02 4.575567106876032576e-05 -3.642860404411330032e-06 -1.819734334342284269e-06 7.861908220736957438e-06 1.244108917140378694e-06 4.113184844728782421e-06 2.886538206711303323e-05
6.100000000000000000e+02 3.258094470322010755e-05 1.125408421815699088e-06 -9.964711406814115707e-07 5.763465848149706885e-06 6.311431187084368705e-07 5.435554926491165044e-06 2.188998273893048889e-05
6.125000000000000000e+02 4.538854261928708801e-05 -3.748010684553548897e-06 -1.655887708981834625e-06 7.701046986746717585e-06 1.014408869331421826e-06 3.601492232536558038e-06 2.834554091928518055e-05
6.150000000000000000e+02 3.195062276640960578e-05 1.181084984691516175e-06 -1.109611374036037337e-06 5.648429991159354051e-06 5.375455393674044154e-07 4.887210533145706998e-06 2.124313164535733469e-05
6.175000000000000000e+02 4.511411200646087095e-05 -3.867910200372293428e-06 -1.465242992734900460e-06 7.572773260225673857e-06 7.808175163786462950e-07 3.197099509251798834e-06 2.794199238796917330e-05
6.200000000000000000e+02 3.140187674618264584e-05 1.243049980290145032e-06 -1.237512600007696965e-06 5.562013782111385343e-06 4.454807361023322332e-07 4.425899320827652325e-06 2.069489492456084049e-05
6.225000000000000000e+02 4.493153795826821030e-05 -4.005983579566496583e-06 -1.247934885724912571e-06 7.477399050222821674e-06 5.439090870218265847e-07 2.898248078771716225e-06 2.765359254363137367e-05
6.250000000000000000e+02 3.093058783671232112e-05 1.311736394989360066e-06 -1.380626446842827185e-06 5.502643281084651873e-06 3.541314732436243095e-07 4.045888868026764914e-06 2.023955999291186811e-05
6.275000000000000000e+02 4.484162087888527814e-05 -4.166562584761557011e-06 -1.004356870076007340e-06 7.417379124532175126e-06 3.046932731465420716e-07 2.704080745280468286e-06 2.748154037434896268e-05
6.300000000000000000e+02 3.053441076439913454e-05 1.387131850484202303e-06 -1.540016470166708050e-06 5.468840708205213975e-06 2.631361317329682149e-07 3.742625292186314020e-06 1.987293838239533275e-05
6.325000000000000000e+02 4.484684281746993261e-05 -4.355152806734707424e-06 -7.351211293321767288e-07 7.397733664861938669e-06 6.465061356941316077e-08 2.614440390927454162e-06 2.742950843662966251e-05
6.350000000000000000e+02 3.021332783366439370e-05 1.468269609760852813e-06 -1.717318503686774470e-06 5.459539927714907331e-06 1.723711583646615469e-07 3.512871019798390677e-06 1.959286939058884564e-05
6.375000000000000000e+02 4.495165257023927744e-05 -4.578859045551198105e-06 -4.409380283509050736e-07 7.426672804415801277e-06 -1.743234318740366426e-07 2.629657568812501342e-06 2.750399147173379193e-05
6.400000000000000000e+02 2.997021766840077950e-05 1.552645011794062767e-06 -1.914683532067043549e-06 5.474700697863887799e-06 8.166556165164107496e-08 3.354947533076257747e-06 1.939993294967046168e-05
6.425000000000000000e+02 4.516305296344036332e-05 -4.847263971497106710e-06 -1.223635628703580334e-07 7.516465043871178770e-06 -4.101433701285820771e-07 2.750368876645672599e-06 2.771494344197860586e-05
6.450000000000000000e+02 2.981239991199551232e-05 1.635148337782865679e-06 -2.134561117969395485e-06 5.516262801476834736e-06 -8.936860395255316216e-09 3.269057383317674897e-06 1.929886004839501034e-05
6.475000000000000000e+02 4.545042559720044678e-05 -5.156472904789488555e-06 2.181646196778469200e-07 7.662066571148784568e-06 -6.378904823661440250e-07 2.976080414691418672e-06 2.804428629152032438e-05
6.500000000000000000e+02 2.953812584350003995e-05 1.561380397605738387e-06 -2.339168494005227296e-06 5.523682554711051311e-06 1.192767683465219153e-07 3.297095910026963537e-06 1.917945215411902740e-05
6.525000000000000000e+02 4.226269797217714180e-05 -3.428885007242854339e-06 -2.752543982006870703e-06 6.281653999492852928e-06 2.093704182190587433e-08 3.383225643436260103e-06 2.596378880755312530e-05
6.550000000000000000e+02 2.872796357118438822e-05 1.364729371965900429e-06 9.826498104763160344e-07 4.511856657008905446e-06 -2.567193107685008404e-07 2.956032498292529700e-06 1.809792636324290957e-05
6.575000000000000000e+02 3.202161668729548515e-05 -1.189911450940250893e-06 -4.155290185342095561e-06 3.502023976681911747e-06 3.581465095648080310e-07 3.259247630750603167e-06 1.939144414736400279e-05
6.600000000000000000e+02 2.738317449273033218e-05 8.787926861334227229e-07 1.245110125350502591e-06 3.584572554077780623e-06 -2.087572811306094974e-07 2.728369029256101884e-06 1.684805803803210523e-05
6.625000000000000000e+02 2.862960493721278303e-05 -5.121131338100326760e-07 -3.654552180644180717e-06 2.814891676648478915e-06 7.039512101305361638e-08 3.049630804142072760e-06 1.724706370900166608e-05
6.650000000000000000e+02 2.753935246244925002e-05 8.550372840703701273e-07 4.392942124372630681e-07 2.992062556609908853e-06 -1.225517645960430183e-07 2.618631907720649305e-06 1.657502346338990515e-05
6.675000000000000000e+02 2.742240894092837781e-05 -4.146638439408434074e-08 -2.418523872938632358e-06 2.889592049989531097e-06 -8.927529670053094802e-08 2.810084393930928200e-06 1.656104269242441749e-05
6.700000000000000000e+02 2.710012330429165779e-05 1.203275308474971381e-06 -8.501184945845691821e-07 3.089130427567177220e-06 -1.748316857987272495e-07 2.583418311224500308e-06 1.638633602154166850e-05
6.725000000000000000e+02 2.649410365464159958e-05 4.805620967069046237e-07 -1.099463192463367373e-06 3.352256826045341200e-06 -9.403217054478254023e-08 2.598078061485565543e-06 1.622221927108625464e-05
6.750000000000000000e+02 2.450310557057324792e-05 1.687338091904422319e-06 -1.870008346057106415e-06 3.561688385517314186e-06 -2.358706876958765407e-07 2.563007939214248898e-06 1.531390094765240699e-05
6.775000000000000000e+02 2.454331651000067857e-05 1.070209754997897304e-06 -4.695202338049828268e-07 3.762225983872724383e-06 -5.241947352088180214e-08 2.451623399536864544e-06 1.537858294670513311e-05
6.800000000000000000e+02 2.090319824760431664e-05 2.126886715701381507e-06 -2.122547907517651310e-06 4.062985509392546993e-06 -2.469844971604714105e-07 2.508610403195131557e-06 1.373739708009599802e-05
6.825000000000000000e+02 2.254061684643069607e-05 1.558273432914702991e-06 -6.047830677578592258e-07 4.103361340948730597e-06 -1.160464042426205758e-08 2.368162340089166963e-06 1.450607026373429724e-05
6.850000000000000000e+02 1.929370536974612922e-05 2.312783254508055165e-06 -1.775598329010852363e-06 4.418664001339322991e-06 -2.257184614252761727e-07 2.417436344708962817e-06 1.306490285789720667e-05
6.875000000000000000e+02 2.254484746662477207e-05 1.781644028052653538e-06 -1.089967784493449810e-06 4.244010677623144376e-06 -1.179762182804697584e-08 2.318122262813154972e-06 1.455349020353053635e-05
6.900000000000000000e+02 2.108251935999785456e-05 2.188984795770210163e-06 -1.229055725684185807e-06 4.455236303429366301e-06 -1.636857273468623905e-07 2.311231814240957573e-06 1.392449373883408964e-05
6.925000000000000000e+02 2.443561681747308378e-05 1.816998846859618772e-06 -1.556008205186820338e-06 4.189865475927412688e-06 -7.655737709681012818e-08 2.279237531008748167e-06 1.545235991220462359e-05
6.950000000000000000e+02 2.436584364232548115e-05 1.976145019518327367e-06 -7.865750141764631269e-07 4.349145834119738728e-06 -8.446383151638307838e-08 2.215367653486711353e-06 1.546517856496596688e-05
6.975000000000000000e+02 2.543387019197513704e-05 1.967348440776817043e-06 -1.830145621832413010e-06 4.217594954773673310e-06 -1.499339382411333241e-07 2.241126092151085495e-06 1.594629561944994940e-05
7.000000000000000000e+02 2.540546620154451323e-05 1.993206902812261058e-06 -5.644552018473164606e-07 4.451126022762430652e-06 -3.737785722024797823e-08 2.146407606723556043e-06 1.600149991551524912e-05
7.025000000000000000e+02 2.287582051869829788e-05 2.389162907727282550e-06 -1.870579153391096933e-06 4.520487088632841105e-06 -1.884998909054927510e-07 2.204157763257017533e-06 1.480023268529407974e-05
7.050000000000000000e+02 2.210463210960256271e-05 2.287685553059048925e-06 -5.687699128824877102e-07 4.716529827015669643e-06 -2.539141758496395714e-08 2.107365843891939046e-06 1.446426389025508549e-05
7.075000000000000000e+02 1.711584875185359069e-05 2.764718216436534507e-06 -1.677042004248231797e-06 4.790778999287503831e-06 -1.846046574936498264e-07 2.168626027026387563e-06 1.203762688908374125e-05
7.100000000000000000e+02 1.613964905737628168e-05 2.487482718927225471e-06 -7.418505306288847526e-07 4.683181363767907952e-06 -3.952730338571096573e-08 2.090934008546412779e-06 1.145688221484530205e-05
7.125000000000000000e+02 1.161183420452545046e-05 2.628879833253705369e-06 -1.313353444211792003e-06 4.526730421921243544e-06 -1.367624233961682843e-07 2.131210618364037187e-06 9.134887622405365171e-06
7.150000000000000000e+02 1.173078324557330629e-05 2.216880326962566865e-06 -9.587397321636115621e-07 4.055666515142241988e-06 -6.438390905723605785e-08 2.081415030565982952e-06 8.933932395640765191e-06
7.175000000000000000e+02 1.009602686671993166e-05 2.005783593627441365e-06 -9.218383012722292216e-07 3.713649110028249778e-06 -6.506161652859408765e-08 2.090149026778590434e-06 7.949912501763386149e-06
7.200000000000000000e+02 1.211311256346441128e-05 1.619495211393839836e-06 -1.081824914506544675e-06 3.176432075408896875e-06 -8.280070365527160591e-08 2.063983401848709952e-06 8.676764020361009690e-06
7.225000000000000000e+02 1.330346740965691092e-05 1.489682889100940685e-06 -6.616581289921150755e-07 2.970974626220446339e-06 2.627836941897394657e-09 2.048044186677908107e-06 9.161243111277632683e-06
7.250000000000000000e+02 1.661696437426680864e-05 1.221546112645910329e-06 -1.039124469339876485e-06 2.710396869769660189e-06 -9.593810414460259470e-08 2.036015352986736490e-06 1.068168829851160224e-05
7.275000000000000000e+02 1.808023859527416641e-05 1.564914028149999478e-06 -6.220235804150656494e-07 2.875375800431534402e-06 4.914960084365736042e-08 2.013751021853517184e-06 1.148468270877960900e-05
7.300000000000000000e+02 2.084202351273987253e-05 1.252792079363906802e-06 -8.594615086258182350e-07 2.811484145031961598e-06 -1.125936487915261264e-07 2.007065452963341852e-06 1.283028655536758714e-05
7.325000000000000000e+02 1.961829533108989642e-05 1.966614116644649149e-06 -7.611257665764307828e-07 3.170927003825419009e-06 6.749477986700869952e-08 1.999647066668415020e-06 1.239443470079186438e-05
7.350000000000000000e+02 1.991976743905521342e-05 1.358641762824674964e-06 -6.531182395256657145e-07 2.845242494880650917e-06 -1.286362360060466741e-07 1.988863393084739938e-06 1.237693666351030320e-05
7.375000000000000000e+02 1.529911771937300048e-05 1.943298947402283246e-06 -9.199211103493212557e-07 2.962647506139148854e-06 6.414582593042336533e-08 2.010844402704041298e-06 1.013630481410809637e-05
7.400000000000000000e+02 1.288176701877627992e-05 1.084463882306252396e-06 -5.471452920496732883e-07 2.160693856104955924e-06 -1.191505459752719189e-07 1.982855268251836073e-06 8.512658071566536172e-06
7.425000000000000000e+02 7.338347196787786595e-06 1.191404407368956686e-06 -9.165816035949257772e-07 1.869894136130589814e-06 2.346271797825701745e-08 2.032990235094164336e-06 5.620615784006270267e-06
7.450000000000000000e+02 4.156516675735666287e-06 4.898436333803601922e-07 -5.761606324183747804e-07 1.108325261765763617e-06 -7.741128319619043135e-08 1.976230014626981046e-06 3.620535976064205475e-06
7.475000000000000000e+02 1.640048505499436303e-06 3.058931627482053023e-07 -7.863435637685760373e-07 7.164916937092868405e-07 9.394540754346995024e-08 2.039085934090903256e-06 2.197813066649813306e-06
7.500000000000000000e+02 1.574328105415645523e-06 1.787664184693227267e-07 -7.570805546371229346e-07 6.193019993222748527e-07 2.381226698294784917e-07 1.934352732547634452e-06 2.063991418642777361e-06
7.525000000000000000e+02 1.320857796664931593e-06 1.722787715388918043e-07 -5.065189793353487752e-07 9.359599949895880127e-07 -1.116302056634373815e-07 1.953556134535548158e-06 2.105186963095033723e-06
7.550000000000000000e+02 1.717140857534715721e-06 1.533460035325617877e-07 -7.485483731047702896e-07 7.074954112843201401e-07 2.385532804172720561e-07 1.821273521665247835e-06 2.122954895242141954e-06
7.575000000000000000e+02 1.223926860100910073e-06 1.683102160400906706e-07 -5.248806216329275309e-07 7.083419282437830780e-07 -4.469738797090762549e-08 1.857981547253437676e-06 1.895125167799065466e-06
7.600000000000000000e+02 1.757866509290906365e-06 1.300445355395751858e-07 -7.316471100612749082e-07 7.351651803155335075e-07 2.331940781444804036e-07 1.726994491596536896e-06 2.110013090601488225e-06
7.625000000000000000e+02 1.209420348309642136e-06 1.559165855649524826e-07 -5.046191171113493644e-07 6.472739422660467532e-07 -1.638048224833002571e-08 1.763381587864438777e-06 1.810037939220063939e-06
7.650000000000000000e+02 1.766256245177899497e-06 1.176219210872631050e-07 -7.089830095963755655e-07 7.190290673317889505e-07 2.206882448203098078e-07 1.639526214234264268e-06 2.062405763371976411e-06
7.675000000000000000e+02 1.202992913199096768e-06 1.435237864610527915e-07 -4.780438145299006645e-07 6.011744587784306380e-07 -1.634047803117551167e-09 1.670490122882025881e-06 1.737328747429776538e-06
7.700000000000000000e+02 1.762071402709608474e-06 1.082939416782835507e-07 -6.862831702267986167e-07 6.888919369359314422e-07 2.090933809984147090e-07 1.558008564292334038e-06 2.004485951968937083e-06
7.725000000000000000e+02 1.199070977119553989e-06 1.330524557079826177e-07 -4.502762379186272830e-07 5.642774012244444773e-07 7.009533563895331257e-09 1.580386898957805431e-06 1.671867638650901790e-06
7.750000000000000000e+02 1.748100971704147454e-06 1.008976438315656326e-07 -6.625698802615292819e-07 6.526275056813801334e-07 1.966824582702350697e-07 1.481525453089655713e-06 1.941126965237591703e-06
7.775000000000000000e+02 1.195140093307855885e-06 1.249152171290290816e-07 -4.230580664721459620e-07 5.331833863380097826e-07 1.249758310796194420e-08 1.493826832812998236e-06 1.611075156229432005e-06
7.800000000000000000e+02 1.726332560285115363e-06 9.469706962761392248e-08 -6.377401707513205268e-07 6.148356230569973462e-07 1.835783052104694488e-07 1.409365084873310855e-06 1.875266634107711835e-06
7.825000000000000000e+02 1.189766617970811092e-06 1.186620665960091964e-07 -3.971666213939999963e-07 5.057160464572163759e-07 1.595237817598859551e-08 1.411245663393330845e-06 1.553364163910679156e-06
7.850000000000000000e+02 1.698224950810001069e-06 8.917450226242352201e-08 -6.122479585204225988e-07 5.779940457600219230e-07 1.703734542805120522e-07 1.341037482407820709e-06 1.808628239488921798e-06
7.875000000000000000e+02 1.181774828423165607e-06 1.136943406892854103e-07 -3.729072812562988875e-07 4.803883020704446700e-07 1.800391859055859438e-08 1.332812042348322848e-06 1.497487586420966616e-06
7.900000000000000000e+02 1.664529442604134580e-06 8.408197523444016457e-08 -5.866689232380526368e-07 5.433194213059877816e-07 1.575176967113600310e-07 1.276259675330528039e-06 1.742054269620325253e-06
7.925000000000000000e+02 1.170155447609921842e-06 1.095588192773888646e-07 -3.503954805216053533e-07 4.563503306625804713e-07 1.916499901202985927e-08 1.258535887765530327e-06 1.442520833019016346e-06
7.950000000000000000e+02 1.625372415592885080e-06 7.940727113435741956e-08 -5.614136038403997690e-07 5.112145259639433326e-07 1.452032570993237840e-07 1.214882633668456597e-06 1.675734787612642399e-06
7.975000000000000000e+02 1.154104618743900877e-06 1.059810104507619082e-07 -3.296668283839707764e-07 4.332492738633675557e-07 1.984456068460996451e-08 1.188357376005106436e-06 1.387855634306187461e-06
8.000000000000000000e+02 1.580579314013697035e-06 7.526320468009828039e-08 -5.366768928846531883e-07 4.816159903347383743e-07 1.334606415047455050e-07 1.156816301630358777e-06 1.609505802989397040e-06
8.025000000000000000e+02 1.133045895235795692e-06 1.027963516406771318e-07 -3.107121745821818440e-07 4.110338571841509554e-07 2.030401457892832403e-08 1.122193441430826851e-06 1.333136596925386643e-06
8.050000000000000000e+02 1.529969907974226764e-06 7.176574034577498774e-08 -5.124982385306381140e-07 4.542349120891131492e-07 1.222800774226392603e-07 1.101978848557222241e-06 1.543091834310281210e-06
8.075000000000000000e+02 1.106627215701649972e-06 9.989168198654141734e-08 -2.934710581280718248e-07 3.897735148949976874e-07 2.065284095695372472e-08 1.059953548617821032e-06 1.278177139607234187e-06
8.100000000000000000e+02 1.473509303762199345e-06 6.896598780006257757e-08 -4.888575084553616412e-07 4.287318390851169137e-07 1.116684716498164321e-07 1.050272263194161125e-06 1.476256703020738665e-06
8.125000000000000000e+02 1.074703615498862112e-06 9.717084616802650901e-08 -2.778310173333423290e-07 3.695311977379489758e-07 2.089307152607338655e-08 1.001539140400084324e-06 1.222886976818447653e-06
8.150000000000000000e+02 1.411362184806819199e-06 6.683654917498672012e-08 -4.657336679495884570e-07 4.048053540365970291e-07 1.016653058162102906e-07 1.001577798122024207e-06 1.408872668482720191e-06
8.175000000000000000e+02 1.037323945712387257e-06 9.454636125827420682e-08 -2.636518524088627538e-07 3.503127531457650518e-07 2.097934781677066057e-08 9.468372607806963314e-07 1.167236979819424347e-06
8.200000000000000000e+02 1.343877800417381309e-06 6.529275202424855624e-08 -4.431209337313255564e-07 3.822243540771097591e-07 9.232416174301625753e-08 9.557601971788886501e-07 1.340931175836689885e-06
8.225000000000000000e+02 9.947256864704101057e-07 9.194715462701452341e-08 -2.507787965891287786e-07 3.320597123718016556e-07 2.085952930248498293e-08 8.957162072319091324e-07 1.111250803037060447e-06
8.250000000000000000e+02 1.271569193540678052e-06 6.422482901324855760e-08 -4.210256008916713511e-07 3.608263201124728205e-07 8.368810307974247862e-08 9.126738484867713738e-07 1.272534681069961123e-06
8.275000000000000000e+02 9.473274867676906160e-07 8.932069093496863553e-08 -2.390585974878661132e-07 3.146773844973082859e-07 2.050689456218682374e-08 8.480247993844369515e-07 1.055014835324717900e-06
8.300000000000000000e+02 1.195107595787625574e-06 6.351630526459928119e-08 -3.994659148670948341e-07 3.405007462523812665e-07 7.578199003877399198e-08 8.721667494088213717e-07 1.203887545724413974e-06
8.325000000000000000e+02 8.957100568492748412e-07 8.663705637701468393e-08 -2.283352356029350636e-07 2.980609481404883102e-07 1.992178229897855080e-08 8.035928684662000378e-07 9.986819367279815946e-07
8.350000000000000000e+02 1.115304531920635623e-06 6.306030779050786992e-08 -3.784663040403660035e-07 3.211698634071779916e-07 6.860547556877435271e-08 8.340818100721554177e-07 1.135278102699984569e-06
8.375000000000000000e+02 8.406112124651699115e-07 8.388442499747128082e-08 -2.184637363699254520e-07 2.821251138977132112e-07 1.913083043152356189e-08 7.622345632176259505e-07 9.424854447902544307e-07
8.400000000000000000e+02 1.033105024294300664e-06 6.276336885235877521e-08 -3.580460375177601426e-07 3.027765825674322462e-07 6.214222521351356415e-08 7.982551076527767813e-07 1.067068357257254925e-06
8.425000000000000000e+02 7.828968467904929121e-07 8.106812648662753750e-08 -2.093079613690557770e-07 2.668113482544143506e-07 1.817742639742461106e-08 7.237519093061399372e-07 8.867300521755235206e-07
8.450000000000000000e+02 9.495707439192813048e-07 6.255163088209059313e-08 -3.382239687439687457e-07 2.852800599274729397e-07 5.636459612717026337e-08 7.645160043198019243e-07 9.996834040832780315e-07
8.475000000000000000e+02 7.235351317783411151e-07 7.820682614827490171e-08 -2.007335594666041044e-07 2.520971864063525658e-07 1.710863411477341798e-08 6.879377105493690616e-07 8.317850143670313183e-07
8.500000000000000000e+02 8.658631598700950307e-07 6.236908784806871513e-08 -3.190184015561575223e-07 2.686542523219870074e-07 5.123686610779016481e-08 7.326869028062457864e-07 9.336021574991638593e-07
8.525000000000000000e+02 6.635782060053330459e-07 7.533017692988864152e-08 -1.926126931796744059e-07 2.379899209870473114e-07 1.597584019929296797e-08 6.545789345302099878e-07 7.780735307612951328e-07
8.550000000000000000e+02 7.832102157285803352e-07 6.218060701446148271e-08 -3.004447433882024612e-07 2.528905872031472951e-07 4.671599261748000107e-08 7.025843054338967379e-07 8.693425541828122370e-07
8.575000000000000000e+02 6.041350803565492567e-07 7.248049211074914345e-08 -1.848300874754474475e-07 2.245252830954669408e-07 1.482710547126338974e-08 6.234592628026932824e-07 7.260598131273547267e-07
8.600000000000000000e+02 7.028874991142686055e-07 6.196896535506368730e-08 -2.825183727459858227e-07 2.380056926556406531e-07 4.276157178670740791e-08 6.740212399793810951e-07 8.074572158746451769e-07
8.625000000000000000e+02 5.463465559675029119e-07 6.971236495676436427e-08 -1.772849205830245202e-07 2.117587062221204436e-07 1.370898495508376258e-08 5.943612633567689658e-07 6.762332627731961739e-07
8.650000000000000000e+02 6.261790581639559162e-07 6.174073567173365712e-08 -2.652519333351973477e-07 2.240325244077467837e-07 3.932888508995317257e-08 6.468105091801935538e-07 7.485110458759481665e-07
8.675000000000000000e+02 4.913575348370002410e-07 6.709293482760614350e-08 -1.698926487712130876e-07 1.997650714551824118e-07 1.266043005818309049e-08 5.670698892039665686e-07 6.290962477480745975e-07
8.700000000000000000e+02 5.543497561898646577e-07 6.152115350968046137e-08 -2.486585302126705103e-07 2.110300586176450197e-07 3.637631009362641675e-08 6.207679682297834223e-07 6.930738915186465631e-07
8.725000000000000000e+02 4.402833402197714482e-07 6.469715512391616225e-08 -1.625864513205031777e-07 1.886355896013825007e-07 1.171927289823279634e-08 5.413749376552865506e-07 5.851469337382202498e-07
8.750000000000000000e+02 4.886110021510959218e-07 6.135944383185432131e-08 -2.327451678024440022e-07 1.990661666633641863e-07 3.385875780688510519e-08 5.957166245455235485e-07 6.416968966799918019e-07
8.775000000000000000e+02 3.941897326502186400e-07 6.261138300747148269e-08 -1.553249200612727459e-07 1.784709371868586911e-07 1.091318859234337347e-08 5.170744658578320956e-07 5.448675678474547134e-07
8.800000000000000000e+02 4.300840792623717083e-07 6.132040776716252131e-08 -2.175139346231938470e-07 1.882277368869367273e-07 3.173084825070348748e-08 5.714898990783265611e-07 5.949008576138175115e-07
8.825000000000000000e+02 3.540597826532376706e-07 6.092428786210746586e-08 -1.480888026085362558e-07 1.693853114153043247e-07 1.026741741345874731e-08 4.939781126072408454e-07 5.087116033378913409e-07
8.850000000000000000e+02 3.797711935957792632e-07 6.148369346004044954e-08 -2.029596115714984274e-07 1.786036057675133342e-07 2.994550741064194402e-08 5.479344683273538473e-07 5.531546338453232356e-07
8.875000000000000000e+02 3.207623041339147061e-07 5.972749829012969159e-08 -1.408775055170147268e-07 1.614930237638034696e-07 9.796732965248674288e-09 4.719104611596822011e-07 4.770828945287002281e-07
8.900000000000000000e+02 3.385248296650544671e-07 6.193521268986756526e-08 -1.890755921190343548e-07 1.702886671980152663e-07 2.845656608248051014e-08 5.249136587698287939e-07 5.168635778164493298e-07
8.925000000000000000e+02 2.950225559674279948e-07 5.910919414731097308e-08 -1.337077510116645886e-07 1.549093070298823723e-07 9.508929443358994506e-09 4.507137963491758822e-07 4.503228296732431379e-07
8.950000000000000000e+02 3.070226261611353150e-07 6.276325059939580882e-08 -1.758511706482911042e-07 1.633723427470812449e-07 2.721868643754243222e-08 5.023108130831315064e-07 4.863528909956740067e-07
8.975000000000000000e+02 2.774018467665228977e-07 5.915192757104392985e-08 -1.266147761764147090e-07 1.497384001670098922e-07 9.403812856663591751e-09 4.302506418470148689e-07 4.286954443902738294e-07
9.000000000000000000e+02 2.857442151706024477e-07 6.405176455732686177e-08 -1.632729495247616693e-07 1.579340877487567316e-07 2.618852866929158226e-08 4.800323831299164374e-07 4.618553430246378349e-07
9.025000000000000000e+02 2.682746052762752358e-07 5.992746441787488369e-08 -1.196474872674865782e-07 1.460683163918119407e-07 9.473517562341715294e-09 4.104058552731161182e-07 4.123743884706016738e-07
9.050000000000000000e+02 2.749532872510229480e-07 6.587453108419793897e-08 -1.513262938537002798e-07 1.540391450763678457e-07 2.532453227953659878e-08 4.580105706566977746e-07 4.435015014920443106e-07
9.075000000000000000e+02 2.678138692347786532e-07 6.149202375400620027e-08 -1.128668632083551563e-07 1.439651906617100860e-07 9.703764335295892407e-09 3.910881626417445530e-07 4.014336112691166461e-07
9.100000000000000000e+02 2.746826707834770669e-07 6.829051571113353870e-08 -1.399947591864955088e-07 1.517273410970077045e-07 2.458802677365486012e-08 4.362053957205978059e-07 4.313077038005413151e-07
9.125000000000000000e+02 2.759825146272376658e-07 6.388271904391728531e-08 -1.063417277555468667e-07 1.434642639010164162e-07 1.007365514007277369e-08 3.722317232684154718e-07 3.958392508983347769e-07
9.150000000000000000e+02 2.847263181941173134e-07 7.133902702651794774e-08 -1.292617059759117084e-07 1.510129959173767162e-07 2.394209237659809756e-08 4.146058810403860731e-07 4.251725975759400381e-07
9.175000000000000000e+02 2.925268206181996827e-07 6.711298422263923035e-08 -1.001437003052194786e-07 1.445686595003436949e-07 1.055653319179984749e-08 3.537970201949017465e-07 3.954462501567225488e-07
9.200000000000000000e+02 3.046393401918479282e-07 7.503590578004093662e-08 -1.191124939701221371e-07 1.518755707140328974e-07 2.335411661942739150e-08 3.932303001332501520e-07 4.248726055195655021e-07
9.225000000000000000e+02 3.169793443609236765e-07 7.117021253542077176e-08 -9.434599439952541151e-08 1.472414386938680710e-07 1.112277558299457051e-08 3.357714413166235968e-07 3.999961121857076986e-07
9.250000000000000000e+02 3.337421774963545095e-07 7.937143957992276910e-08 -1.095334576468071126e-07 1.542589715622710905e-07 2.279287338346237689e-08 3.721258715300450430e-07 4.300635102943352686e-07
9.275000000000000000e+02 3.486642929249939176e-07 7.601440898739042858e-08 -8.901755038433940542e-08 1.514058275313701123e-07 1.173939161872201972e-08 3.181692297615083535e-07 4.091196751089362049e-07
9.300000000000000000e+02 3.711336774291140507e-07 8.430808888935103545e-08 -1.005131476106802737e-07 1.580675332986558594e-07 2.223258514823453575e-08 3.513672294396526721e-07 4.402842200837112911e-07
9.325000000000000000e+02 3.867134613141587577e-07 8.157663245587087401e-08 -8.422226549143381846e-08 1.569429480023032426e-07 1.237347842557162655e-08 3.010308132770295112e-07 4.223436112967457954e-07
9.350000000000000000e+02 4.157087743644538798e-07 8.978088026960762566e-08 -9.204183909295380216e-08 1.631666866401815131e-07 2.164972064950879014e-08 3.310541631241010239e-07 4.549648120643681819e-07
9.375000000000000000e+02 4.300829950205198055e-07 8.776125172502702110e-08 -8.001249860429965059e-08 1.636932161206416832e-07 1.299055315527285222e-08 2.844215005953157626e-07 4.390988558682386124e-07
9.400000000000000000e+02 4.661851917136417155e-07 9.569789513736992798e-08 -8.411300949857058052e-08 1.693826497254136267e-07 2.102581790239428652e-08 3.113083651162057185e-07 4.734381032776305436e-07
9.425000000000000000e+02 4.775815402618733053e-07 9.444562198037686985e-08 -7.642818909531606026e-08 1.714593259370289419e-07 1.355917569676803886e-08 2.684295064522385504e-07 4.587351863255703988e-07
9.450000000000000000e+02 5.211327108236574241e-07 1.019422082194409984e-07 -7.672347976298357058e-08 1.765072412563739579e-07 2.034678751611160253e-08 2.922693183558107183e-07 4.949546352179210369e-07
9.475000000000000000e+02 5.278972145651650663e-07 1.014848259007550315e-07 -7.349165309439055161e-08 1.800098722808840604e-07 1.404911351389273535e-08 2.531633542674874615e-07 4.805352205567682677e-07
9.500000000000000000e+02 5.790105978643822894e-07 1.083760307091452546e-07 -6.987365672037337473e-08 1.843014894790328964e-07 1.960171144286503180e-08 2.740895649336656188e-07 5.187008261385404288e-07
9.525000000000000000e+02 5.796355307428058132e-07 1.087139997331121374e-07 -7.120725878189162019e-08 1.890858399862693893e-07 1.443619528226566829e-08 2.387486238413471574e-07 5.037349972852111800e-07
9.550000000000000000e+02 6.382067125741741801e-07 1.148443056981918153e-07 -6.356828707277488643e-08 1.925030048868236976e-07 1.878546573207163896e-08 2.569293744325797435e-07 5.438195459467888106e-07
9.575000000000000000e+02 6.313554408608368703e-07 1.159540253649282687e-07 -6.955828529467967341e-08 1.984079281211137363e-07 1.470062197862012644e-08 2.253241777629050990e-07 5.275437733724278925e-07
9.600000000000000000e+02 6.970816791945111587e-07 1.211807868948255864e-07 -5.781568700915264347e-08 2.008334991757010429e-07 1.789444540647860858e-08 2.409510248215942772e-07 5.694331015959032526e-07
9.625000000000000000e+02 6.816121029071808911e-07 1.230163488044056035e-07 -6.850783435620628623e-08 2.076845960001350092e-07 1.483147864464844101e-08 2.130378840161450114e-07 5.511672914617304162e-07
9.650000000000000000e+02 7.540122079728206474e-07 1.272144621673021346e-07 -5.262727125232430138e-08 2.090069554123274949e-07 1.692779579773491366e-08 2.263131135560654659e-07 5.946661384706068306e-07
9.675000000000000000e+02 7.289993451459864289e-07 1.297085803537711972e-07 -6.799873901702502323e-08 2.166224808064498649e-07 1.482741096120628113e-08 2.020420876762530807e-07 5.738319568143446740e-07
9.700000000000000000e+02 8.074375436617487420e-07 1.327761918176406677e-07 -4.801684201821594814e-08 2.167402978709986982e-07 1.588469266085509955e-08 2.131647879321954512e-07 6.186713147324714457e-07
9.725000000000000000e+02 7.721939191419835370e-07 1.358402598615526708e-07 -6.795652532163507456e-08 2.249356904114208005e-07 1.469964926374307893e-08 1.924886677860925865e-07 5.948091386697485414e-07
9.750000000000000000e+02 8.559023611404370264e-07 1.377069408782460825e-07 -4.399680089267610106e-08 2.237607630284799227e-07 1.476131417623045873e-08 2.016405763496817988e-07 6.406518502592993342e-07
9.775000000000000000e+02 8.099995240719692603e-07 1.412278425087620895e-07 -6.829392609991672000e-08 2.323560809960767508e-07 1.447584961649407746e-08 1.845242242995474947e-07 6.134399146837967529e-07
9.800000000000000000e+02 8.980975808785985148e-07 1.418662554941718657e-07 -4.057579069712165296e-08 2.298157331834360579e-07 1.354690954318456339e-08 1.918559560919008183e-07 6.598846350769677485e-07
9.825000000000000000e+02 8.413907812970577564e-07 1.456986595002263122e-07 -6.891818807783501143e-08 2.386439468782697145e-07 1.420420458124946330e-08 1.782851059732932087e-07 6.291599170743103266e-07
9.850000000000000000e+02 9.328964156903652183e-07 1.451415111477061247e-07 -3.775066315116967906e-08 2.346786492754659974e-07 1.221744271755545430e-08 1.839038984868597456e-07 6.757394817263454806e-07
9.875000000000000000e+02 8.655566217857568909e-07 1.490925017275657132e-07 -6.974292220788685900e-08 2.435976188055022594e-07 1.396207090223096301e-08 1.738928594643194260e-07 6.415235500277893543e-07
9.900000000000000000e+02 9.593820347134852050e-07 1.474591666424274177e-07 -3.549606366336499567e-08 2.381535361326569936e-07 1.072537344783373889e-08 1.778532638672009330e-07 6.876944173566715658e-07
9.925000000000000000e+02 8.819480984545435704e-07 1.512577496395550653e-07 -7.071010715896282565e-08 2.470660762542209593e-07 1.386732756665544414e-08 1.714498699902352933e-07 6.502320223494999247e-07
9.950000000000000000e+02 9.768853740066418060e-07 1.487923532600632386e-07 -3.374301100429987011e-08 2.400800734530861456e-07 8.992714604305271475e-09 1.737488574264421125e-07 6.953571524430850982e-07
9.975000000000000000e+02 8.903879148403958860e-07 1.520561412281296140e-07 -7.175779001284653078e-08 2.489704319284413504e-07 1.401064560453274466e-08 1.710352093119596798e-07 6.551967780403985507e-07
1.000000000000000000e+03 9.842496722889392606e-07 1.492997070979384917e-07 -3.210971048063227041e-08 2.402446053709539117e-07 6.749704626483194182e-09 1.716380201024511607e-07 6.980661488811721400e-07
