# z, u, v, w, u_mag
0.000000000000000000e+00 1.835181488190855026e+00 1.970483846637049563e+00 -6.792458624515820267e-04 2.692712042872554612e+00
2.500000000000000000e+00 2.174852226555636037e+00 2.323661734337468587e+00 4.751822762401814370e-04 3.182669679494938730e+00
5.000000000000000000e+00 2.452264221373367636e+00 2.599308117218675385e+00 -3.129160811187726662e-04 3.573514040490577859e+00
7.500000000000000000e+00 2.707328114413416920e+00 2.841931788765609035e+00 2.029835681915302616e-04 3.925073483680545205e+00
1.000000000000000000e+01 2.933988266457661531e+00 3.047921359868119850e+00 -1.378846269125845177e-04 4.230616005106553779e+00
1.250000000000000000e+01 3.128576639753403832e+00 3.216160442133261466e+00 9.383719144235260130e-05 4.486834049656721390e+00
1.500000000000000000e+01 3.291191083228136804e+00 3.349409627508117548e+00 -6.691023401647231902e-05 4.695794246306096653e+00
1.750000000000000000e+01 3.425185593025113384e+00 3.453474576563554610e+00 4.736959488926968090e-05 4.863988384020000666e+00
2.000000000000000000e+01 3.535660475299256422e+00 3.535274875171113163e+00 -3.347029098176951902e-05 4.999906343195815950e+00
2.250000000000000000e+01 3.627731389243790794e+00 3.600898049586381156e+00 2.636916945219093777e-05 5.111448111515465520e+00
2.500000000000000000e+01 3.705549625496830313e+00 3.654892391829448695e+00 -1.653651045437575822e-05 5.204741724922183010e+00
2.750000000000000000e+01 3.772333849728250588e+00 3.700493745438986792e+00 1.608020853450685059e-05 5.284331238113030516e+00
3.000000000000000000e+01 3.830680790295117877e+00 3.739913807072070107e+00 -7.413115764607873429e-06 5.353603515532252111e+00
3.250000000000000000e+01 3.882369948360943290e+00 3.774330424426202146e+00 1.100482340253098298e-05 5.414643715777293309e+00
3.500000000000000000e+01 3.928671957894620537e+00 3.804534428000447832e+00 -3.208560528233550742e-06 5.468907163830680318e+00
3.750000000000000000e+01 3.970697417974955012e+00 3.831232052507784758e+00 7.741803135638793473e-06 5.517678590252963033e+00
4.000000000000000000e+01 4.009374494718016990e+00 3.855111673660315041e+00 -9.824599854637318205e-07 5.562101208652028284e+00
4.250000000000000000e+01 4.045464372646945250e+00 3.876858709389126467e+00 5.455315683523414189e-06 5.603196894894184155e+00
4.500000000000000000e+01 4.079436730302342440e+00 3.896877071703905848e+00 5.087127958499244345e-07 5.641582663447530344e+00
4.750000000000000000e+01 4.111539058934793545e+00 3.915237240895498072e+00 3.960284868530787869e-06 5.677485014128798468e+00
5.000000000000000000e+01 4.142205150327634477e+00 3.932128660648470220e+00 9.497045089146125528e-07 5.711348291891750861e+00
5.250000000000000000e+01 4.171825498310711033e+00 3.947746787516146494e+00 2.823392433496199011e-06 5.743590574432289486e+00
5.500000000000000000e+01 4.200652593554320191e+00 3.962267853209973545e+00 9.062889948555877696e-07 5.774517187810305430e+00
5.750000000000000000e+01 4.228739085928560293e+00 3.975858823022691446e+00 2.270556596042887407e-06 5.804281836495576385e+00
6.000000000000000000e+01 4.255972295233557467e+00 3.988610827271886095e+00 4.943766076085061772e-07 5.832865205816636589e+00
6.250000000000000000e+01 4.282361966563849265e+00 4.000638884956713603e+00 1.661192039277545062e-06 5.860352847781697960e+00
6.500000000000000000e+01 4.307974904644240155e+00 4.012034414883957290e+00 1.067731000035562010e-06 5.886855521011106873e+00
6.750000000000000000e+01 4.332993166231972282e+00 4.022978475721673775e+00 1.674616413521428778e-06 5.912629330064219424e+00
7.000000000000000000e+01 4.357577622349022128e+00 4.033597585072767444e+00 5.970835288864902135e-07 5.937877753297231109e+00
7.250000000000000000e+01 4.381713789851926499e+00 4.043845657159410578e+00 1.075774344094331980e-06 5.962558463873265602e+00
7.500000000000000000e+01 4.405305058553343756e+00 4.053583808621953111e+00 1.007706437385900436e-06 5.986506022083228906e+00
7.750000000000000000e+01 4.428262017036970200e+00 4.062734644660881855e+00 1.067243523506358984e-06 6.009602090360163906e+00
8.000000000000000000e+01 4.450592074676492871e+00 4.071390607041839083e+00 3.939319765213412639e-07 6.031914396796582700e+00
8.250000000000000000e+01 4.472357582522630715e+00 4.079648847263069200e+00 7.305722151461821615e-07 6.053554085239769122e+00
8.500000000000000000e+01 4.493688922873515956e+00 4.087540082173876321e+00 9.190368324869359467e-07 6.074637771829280553e+00
8.750000000000000000e+01 4.514760951670402811e+00 4.095102309595647583e+00 5.206537330088332126e-07 6.095320285004202532e+00
9.000000000000000000e+01 4.535699185051639937e+00 4.102381329121964626e+00 2.708976526335553690e-07 6.115725604276787131e+00
9.250000000000000000e+01 4.556500092177802053e+00 4.109400349903272520e+00 5.507076887147313939e-07 6.135867039449417248e+00
9.500000000000000000e+01 4.577147998694035103e+00 4.116115214124140387e+00 4.215777940450102045e-07 6.155703717520297324e+00
9.750000000000000000e+01 4.597528263001089854e+00 4.122418970904352165e+00 9.477583897471233899e-07 6.175079295099521914e+00
1.000000000000000000e+02 4.617527759089241179e+00 4.128334378297364715e+00 5.510738565505212643e-07 6.193925035467567675e+00
1.025000000000000000e+02 4.637149245181633184e+00 4.134015784023931772e+00 5.549836584875294983e-07 6.212345742523342373e+00
1.050000000000000000e+02 4.656392120285327785e+00 4.139545222852553330e+00 1.704401384680456646e-07 6.230395030003853307e+00
1.075000000000000000e+02 4.675229627019449552e+00 4.144877288154797945e+00 3.690301686686257761e-07 6.248022070961499530e+00
1.100000000000000000e+02 4.693634054819079360e+00 4.149975932966547099e+00 4.366802851860450610e-07 6.265181632224172681e+00
1.125000000000000000e+02 4.711663486176419724e+00 4.154808333319866875e+00 1.723486773365846054e-07 6.281895024082492007e+00
1.150000000000000000e+02 4.729459286245357497e+00 4.159353013832463475e+00 3.188422332546169016e-07 6.298253935332374986e+00
1.175000000000000000e+02 4.747106850748284756e+00 4.163647869400209700e+00 4.308159694614253054e-07 6.314347712375553812e+00
1.200000000000000000e+02 4.764557084366084716e+00 4.167717472793416533e+00 1.217071159407968602e-07 6.330155854575036045e+00
1.225000000000000000e+02 4.781804275929735226e+00 4.171579491864791933e+00 4.027034657420245743e-09 6.345685746256807036e+00
1.250000000000000000e+02 4.798894241399347393e+00 4.175282474558092538e+00 2.144235856179750335e-07 6.361003826636783209e+00
1.275000000000000000e+02 4.815838299992720728e+00 4.178828645065099323e+00 2.769272471275698833e-07 6.376120087991871799e+00
1.300000000000000000e+02 4.832558478905289334e+00 4.182144072362265597e+00 4.403153835816617026e-07 6.390927201434423388e+00
1.325000000000000000e+02 4.848885259234393175e+00 4.185197786992775448e+00 1.622766145456579039e-07 6.405276635202404201e+00
1.350000000000000000e+02 4.864849634789640831e+00 4.188074143058455157e+00 4.743905027636703959e-08 6.419246606640666819e+00
1.375000000000000000e+02 4.880670178448972329e+00 4.190897581562523122e+00 -7.111120693710117673e-08 6.433083547564709015e+00
1.400000000000000000e+02 4.896391440901757264e+00 4.193716163379481721e+00 2.934056685453642678e-07 6.446852286312010349e+00
1.425000000000000000e+02 4.911853151767475723e+00 4.196355582197108802e+00 4.263145826477931777e-07 6.460317450154064112e+00
1.450000000000000000e+02 4.926937237032985806e+00 4.198577710892381631e+00 4.047474112037449344e-07 6.473234533991852224e+00
1.475000000000000000e+02 4.941677710342720964e+00 4.200404046178671358e+00 1.341633300431232292e-07 6.485643587497870399e+00
1.500000000000000000e+02 4.956059539469178432e+00 4.202058646826737132e+00 -2.105620304851183205e-08 6.497678279980841687e+00
1.525000000000000000e+02 4.970053858763850307e+00 4.203764635775312009e+00 1.153936216432965450e-07 6.509460228929015990e+00
1.550000000000000000e+02 4.983794855050125427e+00 4.205591277482159995e+00 4.970641314323426185e-08 6.521135572157515270e+00
1.575000000000000000e+02 4.997419863641209936e+00 4.207469373901414400e+00 -1.745894152953494095e-08 6.532763873417903433e+00
1.600000000000000000e+02 5.010925340675020934e+00 4.209364503867888629e+00 7.546178079897932591e-08 6.544319849781338405e+00
1.625000000000000000e+02 5.024147630291308175e+00 4.211218395226967282e+00 2.066149681364415666e-07 6.555640303071836428e+00
1.650000000000000000e+02 5.036955594447174889e+00 4.212949760515280140e+00 -9.795230328345535705e-08 6.566571962984831146e+00
1.675000000000000000e+02 5.049457470198208675e+00 4.214532216233204842e+00 3.093284843138114506e-07 6.577180440356502622e+00
1.700000000000000000e+02 5.061788118455526231e+00 4.215996534177573807e+00 1.968754423100166623e-07 6.587588764664570995e+00
1.725000000000000000e+02 5.073897899543836409e+00 4.217375401744140717e+00 1.545806594021551300e-07 6.597779563931484681e+00
1.750000000000000000e+02 5.085734303755758745e+00 4.218677411672125288e+00 -1.840585632868615747e-07 6.607717647732137323e+00
1.775000000000000000e+02 5.097377669116175625e+00 4.219935309021769498e+00 -9.150659416800677126e-08 6.617485407156778798e+00
1.800000000000000000e+02 5.108867780789606350e+00 4.221145444778975353e+00 1.112089866703091998e-07 6.627110898994253319e+00
1.825000000000000000e+02 5.120158189145707972e+00 4.222222039302951480e+00 1.953467869594838768e-07 6.636503509458234973e+00
1.850000000000000000e+02 5.131287700614289626e+00 4.223131965822061851e+00 2.383861740994937445e-08 6.645672055347269236e+00
1.875000000000000000e+02 5.142387085727301965e+00 4.223959944854621895e+00 7.342372940939119259e-09 6.654771412692640276e+00
1.900000000000000000e+02 5.153507163302553096e+00 4.224785755109639496e+00 2.107484467730729209e-07 6.663891562652269229e+00
1.925000000000000000e+02 5.164615362170123625e+00 4.225638079186441409e+00 1.528663948695756045e-07 6.673025476905818820e+00
1.950000000000000000e+02 5.175645616539821248e+00 4.226533177371880612e+00 9.282988773229548398e-08 6.682132163271923275e+00
1.975000000000000000e+02 5.186520291312865183e+00 4.227392697853217030e+00 -2.612986649847652308e-07 6.691101684630331725e+00
2.000000000000000000e+02 5.197157868638782041e+00 4.228117483297682000e+00 9.426329120469191594e-08 6.699808009497103534e+00
2.025000000000000000e+02 5.207428462665327551e+00 4.228683617198861988e+00 8.700987810831738587e-08 6.708135085710710044e+00
2.050000000000000000e+02 5.217378169694873336e+00 4.229125820860192064e+00 1.333216156310116869e-07 6.716140273570456287e+00
2.075000000000000000e+02 5.227224931062485425e+00 4.229502002163126662e+00 2.092004577258328133e-07 6.724029124432994386e+00
2.100000000000000000e+02 5.236989184080728776e+00 4.229785086255018811e+00 -5.443958887844738836e-09 6.731800471648273110e+00
2.125000000000000000e+02 5.246525315317059679e+00 4.229922112477598084e+00 -2.923841686196114368e-07 6.739307750940730202e+00
2.150000000000000000e+02 5.255811948275166401e+00 4.229920460719995390e+00 1.212521293767740962e-07 6.746538841483807225e+00
2.175000000000000000e+02 5.264857901357298253e+00 4.229830114561989873e+00 7.818208400772055165e-08 6.753531781189741068e+00
2.200000000000000000e+02 5.273614043692118614e+00 4.229776708141750774e+00 1.040639670242470170e-07 6.760326625434989190e+00
2.225000000000000000e+02 5.282040552787505838e+00 4.229824818774730488e+00 -6.646957698665256049e-08 6.766932126068240017e+00
2.250000000000000000e+02 5.290206269597335087e+00 4.229919166428417476e+00 1.879325202286218607e-08 6.773366853301645563e+00
2.275000000000000000e+02 5.298200023130280378e+00 4.230028149584969199e+00 1.008593511728576724e-07 6.779680053762046299e+00
2.300000000000000000e+02 5.306092300739329026e+00 4.230128036495523602e+00 -4.109791513704651413e-08 6.785911781707058665e+00
2.325000000000000000e+02 5.313971265230305718e+00 4.230195343052363555e+00 9.992844966087198726e-08 6.792116256961101328e+00
2.350000000000000000e+02 5.321884324715794534e+00 4.230288156967724866e+00 7.856247961213235698e-08 6.798366763910070887e+00
2.375000000000000000e+02 5.329790553746842185e+00 4.230456626584104818e+00 2.358287620690070567e-07 6.804662417505991989e+00
2.400000000000000000e+02 5.337674099918150894e+00 4.230773497346412171e+00 -7.748051460189387125e-08 6.811035837725848197e+00
2.425000000000000000e+02 5.345548663614535734e+00 4.231245440577915851e+00 1.985182005528981512e-07 6.817501631351663427e+00
2.450000000000000000e+02 5.353369590679950107e+00 4.231766503730328033e+00 -2.392876024419064098e-07 6.823958800909548650e+00
2.475000000000000000e+02 5.361093461631795343e+00 4.232258852899381196e+00 1.260393576550220718e-07 6.830324889951896239e+00
2.500000000000000000e+02 5.368732185536051915e+00 4.232714794923277069e+00 -7.270096198849748260e-08 6.836604406807016865e+00
2.525000000000000000e+02 5.376298485918342251e+00 4.233150146390654456e+00 2.208516760680998745e-07 6.842817078628883110e+00
2.550000000000000000e+02 5.383774969793275744e+00 4.233564468004175296e+00 -9.834837774843917843e-08 6.848948899657528955e+00
2.575000000000000000e+02 5.391090415047702145e+00 4.233894687650528788e+00 1.416895640290095022e-07 6.854904819859616083e+00
2.600000000000000000e+02 5.398166396844810144e+00 4.234099546580655904e+00 -3.048269453263821162e-07 6.860597599216783138e+00
2.625000000000000000e+02 5.405004755349310130e+00 4.234256198834043694e+00 3.306504501397537699e-07 6.866076169306111865e+00
2.650000000000000000e+02 5.411668312058186103e+00 4.234431952026275425e+00 -3.489681187687462808e-07 6.871431282933408546e+00
2.675000000000000000e+02 5.418232797135905443e+00 4.234594755735174409e+00 2.449792963792101401e-07 6.876702653834835921e+00
2.700000000000000000e+02 5.424779502176684254e+00 4.234713714847168298e+00 -4.599766701453865457e-07 6.881935257901750091e+00
2.725000000000000000e+02 5.431403372881969283e+00 4.234786203990807074e+00 5.131232598658875779e-07 6.887202392297235853e+00
2.750000000000000000e+02 5.438163075835412918e+00 4.234834635113312373e+00 -5.736892576605187295e-07 6.892564256220997443e+00
2.775000000000000000e+02 5.445049910009295502e+00 4.234917963482780934e+00 7.057292490769732548e-07 6.898050353536270940e+00
2.800000000000000000e+02 5.451989043064505047e+00 4.235007345528659428e+00 -7.320162175872523906e-07 6.903583978078173367e+00
2.825000000000000000e+02 5.458897856481468303e+00 4.235047907791233968e+00 9.287507318444158336e-07 6.909066260268875048e+00
2.850000000000000000e+02 5.465727694457942931e+00 4.235036309735477289e+00 -8.968667430698511022e-07 6.914456723036396468e+00
2.875000000000000000e+02 5.472440608337418411e+00 4.234943770758577308e+00 1.205324803135038229e-06 6.919707721664893008e+00
2.900000000000000000e+02 5.479040696721916959e+00 4.234728128894380106e+00 -1.214971592440247582e-06 6.924796696076048974e+00
2.925000000000000000e+02 5.485574516575727699e+00 4.234443936037458833e+00 1.463145572033023009e-06 6.929793880365531678e+00
2.950000000000000000e+02 5.492069553279325334e+00 4.234148342865205805e+00 -1.693014388674467587e-06 6.934755955868150856e+00
2.975000000000000000e+02 5.498461881209159685e+00 4.233857820891679502e+00 1.761458419799423376e-06 6.939642289530413066e+00
3.000000000000000000e+02 5.504682042665617558e+00 4.233595597736509397e+00 -2.196051256139855546e-06 6.944411859619509464e+00
3.025000000000000000e+02 5.510768791287055102e+00 4.233369740284063987e+00 2.383618464578658597e-06 6.949100087707893003e+00
3.050000000000000000e+02 5.516779781449311137e+00 4.233155163337116278e+00 -2.706493575991560838e-06 6.953737253729315171e+00
3.075000000000000000e+02 5.522715904995330050e+00 4.232874588539725202e+00 3.116223808407148287e-06 6.958276959822987884e+00
3.100000000000000000e+02 5.528578018041920394e+00 4.232476526475466017e+00 -3.416735798461140286e-06 6.962688593406560322e+00
3.125000000000000000e+02 5.534325594657772740e+00 4.231965079951129027e+00 3.988762418365246193e-06 6.966942530667651567e+00
3.150000000000000000e+02 5.539947247250364804e+00 4.231418920011739360e+00 -4.439518776518678023e-06 6.971077504874688913e+00
3.175000000000000000e+02 5.545495919949058106e+00 4.230920861808632694e+00 4.990554717048601985e-06 6.975185756457247699e+00
3.200000000000000000e+02 5.551019111540349549e+00 4.230441843115725575e+00 -5.592107811775452587e-06 6.979287310657289467e+00
3.225000000000000000e+02 5.556525102248675907e+00 4.229910873216079281e+00 6.318471959842385461e-06 6.983345702978708935e+00
3.250000000000000000e+02 5.561965236790700651e+00 4.229311302337858791e+00 -6.998617026790014854e-06 6.987312171886981282e+00
3.275000000000000000e+02 5.567226441587968644e+00 4.228662645137696074e+00 7.926757182240313376e-06 6.991108497109882691e+00
3.300000000000000000e+02 5.572251624180866614e+00 4.227980091630111126e+00 -8.830630199576393807e-06 6.994698265006493720e+00
3.325000000000000000e+02 5.577116722009505700e+00 4.227340626992933004e+00 9.882613903506597038e-06 6.998188316103012951e+00
3.350000000000000000e+02 5.581905124679555463e+00 4.226836124416712082e+00 -1.104684818036794658e-05 7.001700396597958509e+00
3.375000000000000000e+02 5.586613583100288771e+00 4.226463355652821718e+00 1.219253956099567461e-05 7.005229748102871135e+00
3.400000000000000000e+02 5.591198379903612015e+00 4.226124629529695476e+00 -1.367533139515070815e-05 7.008682380300972348e+00
3.425000000000000000e+02 5.595688166543691722e+00 4.225714258672595314e+00 1.517640554257162279e-05 7.012017331223327155e+00
3.450000000000000000e+02 5.600148851353003998e+00 4.225207392000652540e+00 -1.678173714503317589e-05 7.015272244397144696e+00
3.475000000000000000e+02 5.604588925683602341e+00 4.224661402336651328e+00 1.868600518930027698e-05 7.018488511826284082e+00
3.500000000000000000e+02 5.608946721654879397e+00 4.224144122150151226e+00 -2.057672896643230963e-05 7.021657702528804279e+00
3.525000000000000000e+02 5.613150238542609749e+00 4.223678499364146965e+00 2.280943193723556983e-05 7.024735985570005781e+00
3.550000000000000000e+02 5.617215658813618617e+00 4.223259944441066338e+00 -2.510203393824566459e-05 7.027733369769472382e+00
3.575000000000000000e+02 5.621200153864154281e+00 4.222887076229477898e+00 2.770292303804332092e-05 7.030694590803656219e+00
3.600000000000000000e+02 5.625164381395927116e+00 4.222543725020538652e+00 -3.046144145987274548e-05 7.033658353116367223e+00
3.625000000000000000e+02 5.629125734966239136e+00 4.222219417199316815e+00 3.344071711315454158e-05 7.036632244771103828e+00
3.650000000000000000e+02 5.633054189154808711e+00 4.221906548383715929e+00 -3.664951737669667515e-05 7.039587658562327377e+00
3.675000000000000000e+02 5.636915368130662962e+00 4.221596731499526634e+00 4.010568932103330121e-05 7.042492018631160811e+00
3.700000000000000000e+02 5.640718694274622358e+00 4.221232393738458377e+00 -4.386241045030745089e-05 7.045318325796928072e+00
3.725000000000000000e+02 5.644498282521213994e+00 4.220783790131560131e+00 4.780925339014542320e-05 7.048076096830112824e+00
3.750000000000000000e+02 5.648299867272917218e+00 4.220315593867434600e+00 -5.206647640394050002e-05 7.050840737471441244e+00
3.775000000000000000e+02 5.652106868530059280e+00 4.219959569595797433e+00 5.667365195779030303e-05 7.053677822634070615e+00
3.800000000000000000e+02 5.655883113907662185e+00 4.219758023101929822e+00 -6.146955437560407457e-05 7.056583562567473322e+00
3.825000000000000000e+02 5.659553223468942740e+00 4.219669815432502524e+00 6.667311849355039735e-05 7.059472788034186763e+00
3.850000000000000000e+02 5.663114686880296844e+00 4.219615983428261607e+00 -7.213471595589106028e-05 7.062296157027542876e+00
3.875000000000000000e+02 5.666515186098617818e+00 4.219624966838232183e+00 7.791766485272863660e-05 7.065028607240170011e+00
3.900000000000000000e+02 5.669777944052277086e+00 4.219708420001655469e+00 -8.407654017864425950e-05 7.067695599823424324e+00
3.925000000000000000e+02 5.672855716174242779e+00 4.219891782960822901e+00 9.052021158087045292e-05 7.070274297693474708e+00
3.950000000000000000e+02 5.675862084836261978e+00 4.220128446448859982e+00 -9.736415076842599449e-05 7.072827901206736101e+00
3.975000000000000000e+02 5.678769945160127897e+00 4.220402720217847126e+00 1.045347122144199261e-04 7.075325237881553875e+00
4.000000000000000000e+02 5.681650322291893929e+00 4.220654903724274654e+00 -1.120471308936917660e-04 7.077787663789152361e+00
4.025000000000000000e+02 5.684418981771377943e+00 4.220915516594715200e+00 1.199301122062776338e-04 7.080165744736206968e+00
4.050000000000000000e+02 5.687183852341518353e+00 4.221190570788101226e+00 -1.281985393676880671e-04 7.082549683671788721e+00
4.075000000000000000e+02 5.689814316865711596e+00 4.221504487044538401e+00 1.368029045174959195e-04 7.084849124241265450e+00
4.100000000000000000e+02 5.692415757241462870e+00 4.221799429349156085e+00 -1.457563762435199872e-04 7.087114193816033136e+00
4.125000000000000000e+02 5.694840763831635400e+00 4.222054151375766118e+00 1.551198262439686191e-04 7.089213821476255895e+00
4.150000000000000000e+02 5.697305022349465453e+00 4.222248521264426735e+00 -1.647803798305615391e-04 7.091309266994400673e+00
4.175000000000000000e+02 5.699665594317136375e+00 4.222452485045056214e+00 1.748559858181260979e-04 7.093327350833338762e+00
4.200000000000000000e+02 5.702094259364892892e+00 4.222648257295650076e+00 -1.852584222439568882e-04 7.095395498620549191e+00
4.225000000000000000e+02 5.704359364244795394e+00 4.222844696705672973e+00 1.960474622266930394e-04 7.097332817853275522e+00
4.250000000000000000e+02 5.706732660700968296e+00 4.223070088212436346e+00 -2.071449883111244072e-04 7.099374526926635731e+00
4.275000000000000000e+02 5.708820496979890358e+00 4.223382174584882520e+00 2.186016469214347867e-04 7.101238519239142732e+00
4.300000000000000000e+02 5.710996020137232954e+00 4.223708881265551440e+00 -2.303744144332207466e-04 7.103181843989155198e+00
4.325000000000000000e+02 5.712837790149510653e+00 4.224038098972298982e+00 2.424513258808201318e-04 7.104858445944754131e+00
4.350000000000000000e+02 5.714837580527831307e+00 4.224316374645600725e+00 -2.548491709439499394e-04 7.106631935724562865e+00
4.375000000000000000e+02 5.716502678418391881e+00 4.224571670772818699e+00 2.675270936707803762e-04 7.108122730048465066e+00
4.400000000000000000e+02 5.718400834194229176e+00 4.224767881787539814e+00 -2.804833339734705603e-04 7.109765947917535023e+00
4.425000000000000000e+02 5.719871731145713234e+00 4.224950157230455083e+00 2.937083517606791250e-04 7.111057343187868085e+00
4.450000000000000000e+02 5.721600735346239475e+00 4.225075768708994595e+00 -3.071755132142749232e-04 7.112522781714187836e+00
4.475000000000000000e+02 5.722816239098477809e+00 4.225161662187487899e+00 3.208694655817802082e-04 7.113551636212771534e+00
4.500000000000000000e+02 5.724391618207476107e+00 4.225122870450718437e+00 -3.347826164200199480e-04 7.114796046345188252e+00
4.525000000000000000e+02 5.725357989516856705e+00 4.225054257622519849e+00 3.489023372053714827e-04 7.115532847911779868e+00
4.550000000000000000e+02 5.726779969889308042e+00 4.224877497126929171e+00 -3.632125748760808392e-04 7.116572125762393064e+00
4.575000000000000000e+02 5.727500608582021258e+00 4.224715710411696357e+00 3.776833393867388413e-04 7.117056006366082599e+00
4.600000000000000000e+02 5.728870733826321171e+00 4.224441520080575607e+00 -3.923114781570844075e-04 7.117995939545112449e+00
4.625000000000000000e+02 5.729496915033259974e+00 4.224207041983349953e+00 4.070652898855529737e-04 7.118360780307465774e+00
4.650000000000000000e+02 5.730968834373102894e+00 4.223860890507913801e+00 -4.219463853701609958e-04 7.119340192809785250e+00
4.675000000000000000e+02 5.731584496495763403e+00 4.223559226192860727e+00 4.369218159976451048e-04 7.119656843453208594e+00
4.700000000000000000e+02 5.733177001769440118e+00 4.223098776344488492e+00 -4.519939946967759903e-04 7.120665840543208169e+00
4.725000000000000000e+02 5.733771876194159844e+00 4.222743366274964494e+00 4.671230654962092114e-04 7.120934045745562990e+00
4.750000000000000000e+02 5.735455229756212248e+00 4.222195304977439001e+00 -4.823218685519823625e-04 7.121964624915361419e+00
4.775000000000000000e+02 5.735930782650108917e+00 4.221760347672766756e+00 4.975403024161566615e-04 7.122089765236150782e+00
4.800000000000000000e+02 5.737685252633634825e+00 4.221046205802123197e+00 -5.127902986667256299e-04 7.123079628416341791e+00
4.825000000000000000e+02 5.737981808304155606e+00 4.220540639563601815e+00 5.280261389175992283e-04 7.123018938725978799e+00
4.850000000000000000e+02 5.739810861941655240e+00 4.219654612348751499e+00 -5.432413892821794880e-04 7.123967579480601664e+00
4.875000000000000000e+02 5.739831577248285299e+00 4.219122545806252234e+00 5.583934593786649006e-04 7.123669132091300149e+00
4.900000000000000000e+02 5.741704937948510334e+00 4.218092525326140318e+00 -5.734569115014632491e-04 7.124568792251738003e+00
4.925000000000000000e+02 5.741306732908579846e+00 4.217607837809999261e+00 5.883908572668905546e-04 7.123960922204832791e+00
4.950000000000000000e+02 5.743228201995013826e+00 4.216429818666444618e+00 -6.031531592506473270e-04 7.124812345579647932e+00
4.975000000000000000e+02 5.742295324859881589e+00 4.216126162994555671e+00 6.177029831609078588e-04 7.123880670094903778e+00
5.000000000000000000e+02 5.744362756944562776e+00 4.214860209576822392e+00 -6.319947278173703711e-04 7.124798275675112258e+00
5.025000000000000000e+02 5.742812540714508529e+00 4.214936203346964838e+00 6.459931847859476991e-04 7.123593439646871417e+00
5.050000000000000000e+02 5.745165321974073258e+00 4.213546137837671957e+00 -6.596506914386198080e-04 7.124668137368873388e+00
5.075000000000000000e+02 5.742879375670441711e+00 4.214157961895771187e+00 6.729370329982543820e-04 7.123186878368044539e+00
5.100000000000000000e+02 5.745729269297611630e+00 4.212498312105114273e+00 -6.858113304434665727e-04 7.124503304504033352e+00
5.125000000000000000e+02 5.742590591631132391e+00 4.213826760585851261e+00 6.982455711959968669e-04 7.122758114583614741e+00
5.150000000000000000e+02 5.746212874267484061e+00 4.211668179836791204e+00 -7.102064126100724210e-04 7.124402554449059011e+00
5.175000000000000000e+02 5.742051354993784607e+00 4.213924650745582312e+00 7.216684541188763628e-04 7.122381290435987111e+00
5.200000000000000000e+02 5.746723452404771670e+00 4.210958453906822108e+00 -7.326049058824170204e-04 7.124394856804211251e+00
5.225000000000000000e+02 5.741312778135929662e+00 4.214388098162246798e+00 7.429944523049662351e-04 7.122060095952522651e+00
5.250000000000000000e+02 5.747317779527065795e+00 4.210262117103936497e+00 -7.528161634117667674e-04 7.124462739064653327e+00
5.275000000000000000e+02 5.740367764902043035e+00 4.215121254372384385e+00 7.620534813673007866e-04 7.121732222297732839e+00
5.300000000000000000e+02 5.748004076351930003e+00 4.209463292300935855e+00 -7.706899904539041887e-04 7.124544382972885614e+00
5.325000000000000000e+02 5.739220473402169453e+00 4.215992543846492246e+00 7.787135334853487753e-04 7.121323288440330579e+00
5.350000000000000000e+02 5.748821609499955798e+00 4.208528521412757684e+00 -7.861161262932906107e-04 7.124651769130676549e+00
5.375000000000000000e+02 5.738040921037703690e+00 4.216876009768435019e+00 7.928880709366447439e-04 7.120895837037308773e+00
5.400000000000000000e+02 5.749742296099245920e+00 4.207548157260716515e+00 -7.990302392807663691e-04 7.124815689242073091e+00
5.425000000000000000e+02 5.737021397301196757e+00 4.217645005820951809e+00 8.045390801614380914e-04 7.120529794579987914e+00
5.450000000000000000e+02 5.750609833084901368e+00 4.206665443204916421e+00 -8.094242681718249099e-04 7.124994614636197987e+00
5.475000000000000000e+02 5.736247867904201492e+00 4.218240976111751195e+00 8.136939217489991662e-04 7.120259629864736262e+00
5.500000000000000000e+02 5.751314779234412811e+00 4.205959593046726397e+00 -8.173662186498065196e-04 7.125146907697377685e+00
5.525000000000000000e+02 5.735685178066976420e+00 4.218689148148773604e+00 8.204559397847706109e-04 7.120071858047037239e+00
5.550000000000000000e+02 5.751864498958521033e+00 4.205413874520449014e+00 -8.229795673065614780e-04 7.125268538636548854e+00
5.575000000000000000e+02 5.735247334943686326e+00 4.219048472196923250e+00 8.249465502709261685e-04 7.119932070200014174e+00
5.600000000000000000e+02 5.752308667260209951e+00 4.204976923532257160e+00 -8.263637003581367083e-04 7.125369226485929630e+00
5.625000000000000000e+02 5.734877587988324699e+00 4.219357427699634400e+00 8.272310850494328776e-04 7.119817324637348399e+00
5.650000000000000000e+02 5.752700159408052905e+00 4.204594881618160862e+00 -8.275478952352546174e-04 7.125459839716913990e+00
5.675000000000000000e+02 5.734529883602878186e+00 4.219655047099405643e+00 8.273101582793360815e-04 7.119713645006239489e+00
5.700000000000000000e+02 5.753073064989031593e+00 4.204230939305136694e+00 -8.265151350441109820e-04 7.125546166101242029e+00
5.725000000000000000e+02 5.734185948700212698e+00 4.219958429724765203e+00 8.251584716177645792e-04 7.119616444989333992e+00
5.750000000000000000e+02 5.753439300529533007e+00 4.203870995583175230e+00 -8.232374434968547927e-04 7.125629502724873277e+00
5.775000000000000000e+02 5.733840111490992264e+00 4.220273050105359580e+00 8.207483126655485588e-04 7.119524402319049372e+00
5.800000000000000000e+02 5.753803778809052361e+00 4.203508858463697706e+00 -8.176890505370170868e-04 7.125710162281055027e+00
5.825000000000000000e+02 5.733490779935016768e+00 4.220600324943788451e+00 8.140569608829460865e-04 7.119437076707975542e+00
5.850000000000000000e+02 5.754168332863232038e+00 4.203141911332747505e+00 -8.098510003941654899e-04 7.125788081720264344e+00
5.875000000000000000e+02 5.733137836199622583e+00 4.220940212494308952e+00 8.050696796962393412e-04 7.119354350954331778e+00
5.900000000000000000e+02 5.754533685448816271e+00 4.202768830013210000e+00 -7.997130838203284639e-04 7.125863064572372174e+00
5.925000000000000000e+02 5.732781560533584120e+00 4.221292314928414058e+00 7.937810356254684178e-04 7.119276217352147107e+00
5.950000000000000000e+02 5.754900178010864842e+00 4.202388754989369701e+00 -7.872748557420921212e-04 7.125934880893333379e+00
5.975000000000000000e+02 5.732422274682296148e+00 4.221656239041034375e+00 7.801957588393934693e-04 7.119202704278987603e+00
6.000000000000000000e+02 5.755268034590866222e+00 4.202000968308776230e+00 -7.725463854960392101e-04 7.126003289676424046e+00
6.025000000000000000e+02 5.732060235605173304e+00 4.222031713532099495e+00 7.643294088837193157e-04 7.119133860159975846e+00
6.050000000000000000e+02 5.755637414087884096e+00 4.201604817326367147e+00 -7.555488645642003797e-04 7.126068036040806852e+00
6.075000000000000000e+02 5.731695642421901660e+00 4.222418573333259317e+00 7.462089439993203855e-04 7.119069749806899772e+00
6.100000000000000000e+02 5.756008414633837056e+00 4.201199700902869871e+00 -7.363151465196587919e-04 7.126128846601210931e+00
6.125000000000000000e+02 5.731328649708713918e+00 4.222816739580285805e+00 7.258732382207262745e-04 7.119010453282348827e+00
6.150000000000000000e+02 5.756381074397039832e+00 4.200785062885418419e+00 -7.148902466770748520e-04 7.126185426250549959e+00
6.175000000000000000e+02 5.730959382524575929e+00 4.223226205480086648e+00 7.033735666510771648e-04 7.118956069644942097e+00
6.200000000000000000e+02 5.756755372436850315e+00 4.200360386566035942e+00 -6.913318160727959264e-04 7.126237455561903467e+00
6.225000000000000000e+02 5.730587947947889838e+00 4.223647026492077572e+00 6.787740744133929178e-04 7.118906720437852442e+00
6.250000000000000000e+02 5.757131231434691188e+00 4.199925189070366827e+00 -6.657106120310252737e-04 7.126284589666560088e+00
6.275000000000000000e+02 5.730214450531562420e+00 4.224079316648657212e+00 6.521522519550491904e-04 7.118862559968571091e+00
6.300000000000000000e+02 5.757508522222087421e+00 4.199479010182909811e+00 -6.381109820790407039e-04 7.126326455307279595e+00
6.325000000000000000e+02 5.729838999384554654e+00 4.224523250727456158e+00 6.235994352705825612e-04 7.118823782316944460e+00
6.350000000000000000e+02 5.757887092848487320e+00 4.199021377854413650e+00 -6.086313894970937517e-04 7.126362653984271489e+00
6.375000000000000000e+02 5.729461649099550691e+00 4.224979152136383753e+00 5.932213637171045075e-04 7.118790625970201624e+00
6.400000000000000000e+02 5.758266832627112919e+00 4.198551726145758778e+00 -5.773850244715000510e-04 7.126392765363728010e+00
6.425000000000000000e+02 5.729082700981701137e+00 4.225447156555775408e+00 5.611364521063428711e-04 7.118763416662137189e+00
6.450000000000000000e+02 5.758647270965257192e+00 4.198069806083344346e+00 -5.447931720392781276e-04 7.126416265202577094e+00
6.475000000000000000e+02 5.728705999879057487e+00 4.225920841072777989e+00 5.108713512472217192e-04 7.118741437153979668e+00
6.500000000000000000e+02 5.759135394932584973e+00 4.197521947323053837e+00 -7.675054997311887535e-04 7.126488025983676700e+00
6.525000000000000000e+02 5.729458209566292481e+00 4.225339408473026914e+00 -3.693946338023891736e-05 7.119001650043796481e+00
6.550000000000000000e+02 5.756960956544483921e+00 4.199155363780924688e+00 2.395561651135186504e-04 7.125693319371445789e+00
6.575000000000000000e+02 5.731128332766310507e+00 4.223851467308485930e+00 -4.192040387301518506e-04 7.119462996620800510e+00
6.600000000000000000e+02 5.755355624210096721e+00 4.200594369636093006e+00 6.664286259425040429e-04 7.125244687971940216e+00
6.625000000000000000e+02 5.732802841186622089e+00 4.222389291359061048e+00 -9.024783301932491142e-04 7.119943859200591696e+00
6.650000000000000000e+02 5.753712387529014372e+00 4.202035707287496535e+00 1.135845897305465734e-03 7.124767477880936006e+00
6.675000000000000000e+02 5.734468253405304417e+00 4.220940267754374808e+00 -1.370021557585337189e-03 7.120425884048138698e+00
6.700000000000000000e+02 5.752066050150848930e+00 4.203472737108561397e+00 1.604252708605879074e-03 7.124285891971186224e+00
6.725000000000000000e+02 5.736133372429535804e+00 4.219498862696185348e+00 -1.838583024958281072e-03 7.120912869778830867e+00
6.750000000000000000e+02 5.750411334849125033e+00 4.204903681740690402e+00 2.073067598095218369e-03 7.123794620164662028e+00
6.775000000000000000e+02 5.737797624265126295e+00 4.218064786203344241e+00 -2.307672015234521739e-03 7.121404176353236970e+00
6.800000000000000000e+02 5.748745914891459030e+00 4.206330525133973097e+00 2.542408322827034543e-03 7.123292956526157127e+00
6.825000000000000000e+02 5.739466023713172049e+00 4.216635447472659948e+00 -2.777227702589615561e-03 7.121902305370002573e+00
6.850000000000000000e+02 5.747078229954029283e+00 4.207754498574781010e+00 3.012188015242517596e-03 7.122788440966394852e+00
6.875000000000000000e+02 5.741141650698735610e+00 4.215209833273409146e+00 -3.247321137354845007e-03 7.122409138557488362e+00
6.900000000000000000e+02 5.745415089670038000e+00 4.209175757289638220e+00 3.482675081360353097e-03 7.122286657906201413e+00
6.925000000000000000e+02 5.742823721133617276e+00 4.213786524367209019e+00 -3.718351892360161840e-03 7.122923205475014008e+00
6.950000000000000000e+02 5.743754119625616106e+00 4.210595202752511312e+00 3.954364976827769856e-03 7.121786221529053051e+00
6.975000000000000000e+02 5.744506124625282872e+00 4.212364466607518843e+00 -4.190836203120386697e-03 7.123438957308690256e+00
7.000000000000000000e+02 5.742087980339765529e+00 4.212014434922461525e+00 4.427793221369105518e-03 7.121282158383446692e+00
7.025000000000000000e+02 5.746183014414426360e+00 4.210942611988636841e+00 -4.665326872089766742e-03 7.123951058358091615e+00
7.050000000000000000e+02 5.740412415058758988e+00 4.213434746516815821e+00 4.903516770133686982e-03 7.120771805260485365e+00
7.075000000000000000e+02 5.747854502505503227e+00 4.209519386240702765e+00 -5.142393500125432698e-03 7.124458666405469209e+00
7.100000000000000000e+02 5.738729948313832985e+00 4.214856503691518874e+00 5.382073208804804415e-03 7.120257420423563133e+00
7.125000000000000000e+02 5.749527098087008348e+00 4.208092886671372490e+00 -5.622536425854127162e-03 7.124965909210154713e+00
7.150000000000000000e+02 5.737047187922325264e+00 4.216280733661823987e+00 5.863879404542926728e-03 7.119744942522661546e+00
7.175000000000000000e+02 5.751209454135376653e+00 4.206661984574581403e+00 -6.106074078843831167e-03 7.125479108238388370e+00
7.200000000000000000e+02 5.735368758777884324e+00 4.217710222833502165e+00 6.349132062214483084e-03 7.119239751155845397e+00
7.225000000000000000e+02 5.752905738513668155e+00 4.205226702062593525e+00 -6.593061479001426084e-03 7.126001650324211845e+00
7.250000000000000000e+02 5.733692389442011539e+00 4.219148225441291977e+00 6.837778512000449935e-03 7.118741947858808317e+00
7.275000000000000000e+02 5.754611926681199918e+00 4.203786440498730848e+00 -7.083343445976458645e-03 7.126529943652582411e+00
7.300000000000000000e+02 5.732009380503106932e+00 4.220595726569584372e+00 7.329644528115270008e-03 7.118245117232333996e+00
7.325000000000000000e+02 5.756318342652705589e+00 4.202338259892449024e+00 -7.576799671474119743e-03 7.127054449098109146e+00
7.350000000000000000e+02 5.730310336710529029e+00 4.222050807158848507e+00 7.824744142303189862e-03 7.117740568457318950e+00
7.375000000000000000e+02 5.758017458662481047e+00 4.200878188738845331e+00 -8.072729644376778341e-03 7.127566750290565523e+00
7.400000000000000000e+02 5.728592672777963024e+00 4.223512075878883998e+00 8.323721781612209922e-03 7.117225410933984087e+00
7.425000000000000000e+02 5.759713944320949075e+00 4.199404191316203239e+00 -8.585548683142976353e-03 7.128069443691992468e+00
7.450000000000000000e+02 5.726877673867743823e+00 4.224976957907503383e+00 8.786663181210975157e-03 7.116715210807864622e+00
7.475000000000000000e+02 5.761417598279185981e+00 4.197914479342613525e+00 -9.005157507204026787e-03 7.128569268127876057e+00
7.500000000000000000e+02 5.724857727833068566e+00 4.226599321249127073e+00 9.783799171861472244e-03 7.116054633646359484e+00
7.525000000000000000e+02 5.762324125608382808e+00 4.197337122049292546e+00 -9.542115957600615442e-03 7.128962708324290354e+00
7.550000000000000000e+02 5.725308015130275763e+00 4.226115940190930509e+00 9.592030211286123667e-03 7.116129553001015573e+00
7.575000000000000000e+02 5.762053103730155890e+00 4.197741866422489032e+00 -9.619757171256312564e-03 7.128982065277659430e+00
7.600000000000000000e+02 5.725587551873974057e+00 4.225714813337137166e+00 9.643873894732368779e-03 7.116116321571396952e+00
7.625000000000000000e+02 5.761775692545656469e+00 4.198136558488421599e+00 -9.670665205920386809e-03 7.128990336414583240e+00
7.650000000000000000e+02 5.725860785447911994e+00 4.225326992793729808e+00 9.698023737809390032e-03 7.116105956351823636e+00
7.675000000000000000e+02 5.761506204551856136e+00 4.198517785728391516e+00 -9.725894529687185291e-03 7.128997119875386979e+00
7.700000000000000000e+02 5.726126726251432153e+00 4.224952426566653152e+00 9.754359759524666024e-03 7.116097627167344619e+00
7.725000000000000000e+02 5.761244118920244794e+00 4.198885808374990702e+00 -9.783388168039487340e-03 7.129002142253153096e+00
7.750000000000000000e+02 5.726385269709565407e+00 4.224590925050270229e+00 9.812956544881436260e-03 7.116091134554134001e+00
7.775000000000000000e+02 5.760989477161630568e+00 4.199240846761981061e+00 -9.843045644062350247e-03 7.129005563935889356e+00
7.800000000000000000e+02 5.726636370188391112e+00 4.224242286378121491e+00 9.873636047007902650e-03 7.116086318973254166e+00
7.825000000000000000e+02 5.760742284638368460e+00 4.199583131868047658e+00 -9.904708805621898968e-03 7.129007522421872523e+00
7.850000000000000000e+02 5.726879994170276156e+00 4.223906280700612470e+00 9.936245488102386433e-03 7.116083014183029576e+00
7.875000000000000000e+02 5.760502553361233069e+00 4.199912898621158241e+00 -9.968228279979238562e-03 7.129008163051905100e+00
7.900000000000000000e+02 5.727116118433945857e+00 4.223582670298535291e+00 1.000063976713399042e-02 7.116081057693747880e+00
7.925000000000000000e+02 5.760270299796649951e+00 4.200230383312519855e+00 -1.003346315129928501e-02 7.129007635709463386e+00
7.950000000000000000e+02 5.727344726397014085e+00 4.223271220120892622e+00 1.006668207243662481e-02 7.116080294078829915e+00
7.975000000000000000e+02 5.760045540498961891e+00 4.200535819180816866e+00 -1.010028079052104587e-02 7.129006088685510889e+00
8.000000000000000000e+02 5.727565800989610878e+00 4.222971701861995442e+00 1.013424400111754761e-02 7.116080571655610143e+00
8.025000000000000000e+02 5.759828293768971541e+00 4.200829432893018911e+00 -1.016855694479481230e-02 7.129003667940717826e+00
8.050000000000000000e+02 5.727779324516167669e+00 4.222683894125561110e+00 1.020320533295039807e-02 7.116081742466240811e+00
8.075000000000000000e+02 5.759618578830566271e+00 4.201111443006704249e+00 -1.023817540664184386e-02 7.129000515528650439e+00
8.100000000000000000e+02 5.727985277072164649e+00 4.222407583127595565e+00 1.027345386568450161e-02 7.116083661415402162e+00
8.125000000000000000e+02 5.759416416325104038e+00 4.201382059917704304e+00 -1.030902791507247625e-02 7.128996769959289992e+00
8.150000000000000000e+02 5.728183637423966523e+00 4.222142562482631867e+00 1.034488520442432453e-02 7.116086186846598771e+00
8.175000000000000000e+02 5.759221829302369144e+00 4.201641485385724906e+00 -1.038101386961860946e-02 7.128992566714896562e+00
8.200000000000000000e+02 5.728374383193987285e+00 4.221888633669671265e+00 1.041740247610677475e-02 7.116089180962855920e+00
8.225000000000000000e+02 5.759034841663152271e+00 4.201889913469055493e+00 -1.045404007563820181e-02 7.128988037537797418e+00
8.250000000000000000e+02 5.728557490727694379e+00 4.221645606537347106e+00 1.049091613946276542e-02 7.116092510014881967e+00
8.275000000000000000e+02 5.758855479001515398e+00 4.202127530180299608e+00 -1.052802058049749807e-02 7.128983310903617365e+00
8.300000000000000000e+02 5.728732935758280576e+00 4.221413298951532056e+00 1.056534372125705716e-02 7.116096044622675976e+00
8.325000000000000000e+02 5.758683768013022508e+00 4.202354513486739940e+00 -1.060287633078152610e-02 7.128978511539049379e+00
8.350000000000000000e+02 5.728900693777176478e+00 4.221191536820635193e+00 1.064060958883366638e-02 7.116099660084813650e+00
8.375000000000000000e+02 5.758519737071677191e+00 4.202571033413947887e+00 -1.067853507398475003e-02 7.128973760945214622e+00
8.400000000000000000e+02 5.729060740034010557e+00 4.220980153964583259e+00 1.071664476274082969e-02 7.116103236297018242e+00
8.425000000000000000e+02 5.758363415550729947e+00 4.202777252159273225e+00 -1.075493104441279692e-02 7.128969176912065109e+00
8.450000000000000000e+02 5.729213046938405718e+00 4.220778992830017451e+00 1.079338670323345267e-02 7.116106656081044868e+00
8.475000000000000000e+02 5.758214834920722502e+00 4.202973323961585628e+00 -1.083200489218078856e-02 7.128964874325288470e+00
8.500000000000000000e+02 5.729357587860193668e+00 4.220587903054739520e+00 1.087077912001264447e-02 7.116109807389277009e+00
8.525000000000000000e+02 5.758074025523902684e+00 4.203159396101943557e+00 -1.090970330526920204e-02 7.128960963147386032e+00
8.550000000000000000e+02 5.729494335323397358e+00 4.220406742001384437e+00 1.094877174886009150e-02 7.116112582164256573e+00
8.575000000000000000e+02 5.757941021352841027e+00 4.203335607693981402e+00 -1.098797905947031250e-02 7.128957551561780903e+00
8.600000000000000000e+02 5.729623259465808083e+00 4.220235375174350878e+00 1.102732018954231431e-02 7.116114875342804957e+00
8.625000000000000000e+02 5.757815857622060385e+00 4.203502089800022823e+00 -1.106679047047645116e-02 7.128954744076338557e+00
8.650000000000000000e+02 5.729744328931164254e+00 4.220073676260992279e+00 1.110638561909365642e-02 7.116116585595778865e+00
8.675000000000000000e+02 5.757698570356978962e+00 4.203658966474584702e+00 -1.114610160904025600e-02 7.128952641804688461e+00
8.700000000000000000e+02 5.729857513567876204e+00 4.219921525366836512e+00 1.118593473220880728e-02 7.116117616452137362e+00
8.725000000000000000e+02 5.757589192929014388e+00 4.203806355383741256e+00 -1.122588162717231761e-02 7.128951340030034167e+00
8.750000000000000000e+02 5.729962784271710241e+00 4.219778809446254719e+00 1.126593929302626904e-02 7.116117876425222200e+00
8.775000000000000000e+02 5.757487764273273356e+00 4.203944365533481609e+00 -1.130610498026187773e-02 7.128950933501155163e+00
8.800000000000000000e+02 5.730060104532145537e+00 4.219645424849709947e+00 1.134637621936911318e-02 7.116117273714602121e+00
8.825000000000000000e+02 5.757394324732878488e+00 4.204073097535371950e+00 -1.138675086707984993e-02 7.128951513229861092e+00
8.850000000000000000e+02 5.730149438485654834e+00 4.219521275936789273e+00 1.142722709677258114e-02 7.116115721865392096e+00
8.875000000000000000e+02 5.757308912026238623e+00 4.204192646767863195e+00 -1.146780332212043313e-02 7.128953165097016154e+00
8.900000000000000000e+02 5.730230753198452653e+00 4.219406271677716092e+00 1.150847821942867742e-02 7.116113139590002135e+00
8.925000000000000000e+02 5.757231565216786251e+00 4.204303100377600799e+00 -1.154925076855247909e-02 7.128955971288260862e+00
8.950000000000000000e+02 5.730304012294202387e+00 4.219300329583152376e+00 1.159012021113122598e-02 7.116109447965372148e+00
8.975000000000000000e+02 5.757162325544498138e+00 4.204404537980360068e+00 -1.163108600954323828e-02 7.128960011377573736e+00
9.000000000000000000e+02 5.730369175690942285e+00 4.219203375712096360e+00 1.167214790303303974e-02 7.116104570224210946e+00
9.025000000000000000e+02 5.757101233133950835e+00 4.204497032099782317e+00 -1.171330589643175893e-02 7.128965359925896195e+00
9.050000000000000000e+02 5.730426205135710660e+00 4.219115341475742298e+00 1.175456021205382659e-02 7.116098434315521359e+00
9.075000000000000000e+02 5.757048330216139043e+00 4.204580647512328184e+00 -1.179591129504132217e-02 7.128972088695740617e+00
9.100000000000000000e+02 5.730475060456322822e+00 4.219036166154954692e+00 1.183735984122004717e-02 7.116090971377713181e+00
9.125000000000000000e+02 5.757003659232751147e+00 4.204655441314780973e+00 -1.187890680615996328e-02 7.128980265158839202e+00
9.150000000000000000e+02 5.730515696289189442e+00 4.218965797362077552e+00 1.192055331129330056e-02 7.116082113376647200e+00
9.175000000000000000e+02 5.756967261756670062e+00 4.204721464182106239e+00 -1.196230072065926874e-02 7.128989952365646587e+00
9.200000000000000000e+02 5.730548070802694127e+00 4.218904188084540152e+00 1.200415059210992869e-02 7.116071798376489177e+00
9.225000000000000000e+02 5.756939182200024874e+00 4.204778757855626381e+00 -1.204610475571399504e-02 7.129001210457435178e+00
9.250000000000000000e+02 5.730572138561178086e+00 4.218851298951457274e+00 1.208816519384334730e-02 7.116059966136863757e+00
9.275000000000000000e+02 5.756919464270225717e+00 4.204827357702072277e+00 -1.213033410590496491e-02 7.129014095313509713e+00
9.300000000000000000e+02 5.730587851128466248e+00 4.218807098681639722e+00 1.217261385893429228e-02 7.116046558863700966e+00
9.325000000000000000e+02 5.756908149480199022e+00 4.204867292334363071e+00 -1.221500707240591975e-02 7.129028657123818391e+00
9.350000000000000000e+02 5.730595161316337283e+00 4.218771561806522463e+00 1.225751651720270383e-02 7.116031523280432758e+00
9.375000000000000000e+02 5.756905285913930470e+00 4.204898580600752389e+00 -1.230014518693510819e-02 7.129044945691785706e+00
9.400000000000000000e+02 5.730594020391304610e+00 4.218744669898931932e+00 1.234289620677356605e-02 7.116014809107130468e+00
9.425000000000000000e+02 5.756910918199245053e+00 4.204921235567173454e+00 -1.238577294248404022e-02 7.129063004685597171e+00
9.450000000000000000e+02 5.730584375214937687e+00 4.218726413162366740e+00 1.242877889207258564e-02 7.115996367699757741e+00
9.475000000000000000e+02 5.756925089788142991e+00 4.204935263730848582e+00 -1.247191778524382212e-02 7.129082873016183264e+00
9.500000000000000000e+02 5.730566172326764018e+00 4.218716788425282083e+00 1.251519346247781730e-02 7.115976154149516120e+00
9.525000000000000000e+02 5.756947851398808602e+00 4.204940661370087263e+00 -1.255860999617636718e-02 7.129104589501679357e+00
9.550000000000000000e+02 5.730539360652733727e+00 4.218715798078268797e+00 1.260217157272838957e-02 7.115954128834288461e+00
9.575000000000000000e+02 5.756979251526871622e+00 4.204937418664439264e+00 -1.264588260583442841e-02 7.129128187635718206e+00
9.600000000000000000e+02 5.730503882549562000e+00 4.218723454209321488e+00 1.268974761150529727e-02 7.115930252658881017e+00
9.625000000000000000e+02 5.757019336299055823e+00 4.204925520033429009e+00 -1.273377132666529341e-02 7.129153695669761426e+00
9.650000000000000000e+02 5.730459679265853090e+00 4.218739776138833442e+00 1.277795859883255891e-02 7.115904489992371573e+00
9.675000000000000000e+02 5.757068158724658602e+00 4.204904939943474140e+00 -1.282231450312798331e-02 7.129181141611677042e+00
9.700000000000000000e+02 5.730406696784847043e+00 4.218764788027596246e+00 1.286684421495760608e-02 7.115876811956358239e+00
9.725000000000000000e+02 5.757125773162948157e+00 4.204875645560394837e+00 -1.291155309834761053e-02 7.129210550323747952e+00
9.750000000000000000e+02 5.730344874773791730e+00 4.218798523702631087e+00 1.295644661794306471e-02 7.115847190387854404e+00
9.775000000000000000e+02 5.757192230124294596e+00 4.204837598907084306e+00 -1.300153048565695461e-02 7.129241940597976779e+00
9.800000000000000000e+02 5.730274149519159366e+00 4.218841025754249685e+00 1.304681053251388438e-02 7.115815599669497615e+00
9.825000000000000000e+02 5.757267585706030921e+00 4.204790753315111651e+00 -1.309229272832714702e-02 7.129275330685055145e+00
9.850000000000000000e+02 5.730194463341049094e+00 4.218892341093432030e+00 1.313798313692075490e-02 7.115782021678442426e+00
9.875000000000000000e+02 5.757351900019368252e+00 4.204735053176114512e+00 -1.318388806390543080e-02 7.129310736878359478e+00
9.900000000000000000e+02 5.730105754669172491e+00 4.218952525839032575e+00 1.323001410981104568e-02 7.115746440694023178e+00
9.925000000000000000e+02 5.757445232741095431e+00 4.204670437386522686e+00 -1.327636906877368607e-02 7.129348171959410507e+00
9.950000000000000000e+02 5.730007960665650657e+00 4.219021645862087944e+00 1.332293057711398700e-02 7.115708845787869663e+00
9.975000000000000000e+02 5.757547403227232685e+00 4.204596950851189341e+00 -1.336934599244361636e-02 7.129387516394941393e+00
1.000000000000000000e+03 5.729892609339466425e+00 4.219104625504722428e+00 1.342755176152140607e-02 7.115665355724979158e+00
