# z, veer
0.000000000000000000e+00 2.229638277177142527e+02
2.500000000000000000e+00 2.231053634826231473e+02
5.000000000000000000e+00 2.233326743120238689e+02
7.500000000000000000e+00 2.236104975091142535e+02
1.000000000000000000e+01 2.239088607776402000e+02
1.250000000000000000e+01 2.242091297944750750e+02
1.500000000000000000e+01 2.244976973372822044e+02
1.750000000000000000e+01 2.247643683238138124e+02
2.000000000000000000e+01 2.250031245173099990e+02
2.250000000000000000e+01 2.252126862448694737e+02
2.500000000000000000e+01 2.253943241260214165e+02
2.750000000000000000e+01 2.255507965929033389e+02
3.000000000000000000e+01 2.256869098358898782e+02
3.250000000000000000e+01 2.258084158522693770e+02
3.500000000000000000e+01 2.259196632485451346e+02
3.750000000000000000e+01 2.260240961408099452e+02
4.000000000000000000e+01 2.261237193498567137e+02
4.250000000000000000e+01 2.262192048571713769e+02
4.500000000000000000e+01 2.263111410001506556e+02
4.750000000000000000e+01 2.264009390292448529e+02
5.000000000000000000e+01 2.264903745221349141e+02
5.250000000000000000e+01 2.265808106695815241e+02
5.500000000000000000e+01 2.266727541070032714e+02
5.750000000000000000e+01 2.267653986794360605e+02
6.000000000000000000e+01 2.268573792086421861e+02
6.250000000000000000e+01 2.269480045739720708e+02
6.500000000000000000e+01 2.270371365969296846e+02
6.750000000000000000e+01 2.271247547144445775e+02
7.000000000000000000e+01 2.272110696953248237e+02
7.250000000000000000e+01 2.272963521631700416e+02
7.500000000000000000e+01 2.273809913850375892e+02
7.750000000000000000e+01 2.274649936433580422e+02
8.000000000000000000e+01 2.275478016244661603e+02
8.250000000000000000e+01 2.276291792443190332e+02
8.500000000000000000e+01 2.277097821769610562e+02
8.750000000000000000e+01 2.277904804129819354e+02
9.000000000000000000e+01 2.278717595997948138e+02
9.250000000000000000e+01 2.279534420912183919e+02
9.500000000000000000e+01 2.280357426484877976e+02
9.750000000000000000e+01 2.281186963731922219e+02
1.000000000000000000e+02 2.282014614210525849e+02
1.025000000000000000e+02 2.282830151854400071e+02
1.050000000000000000e+02 2.283628177791320013e+02
1.075000000000000000e+02 2.284410475720617910e+02
1.100000000000000000e+02 2.285178129162001994e+02
1.125000000000000000e+02 2.285937180248239429e+02
1.150000000000000000e+02 2.286697820109770873e+02
1.175000000000000000e+02 2.287462690227547739e+02
1.200000000000000000e+02 2.288227255993875531e+02
1.225000000000000000e+02 2.288990083175322070e+02
1.250000000000000000e+02 2.289750695725873868e+02
1.275000000000000000e+02 2.290509702414035473e+02
1.300000000000000000e+02 2.291267625284584710e+02
1.325000000000000000e+02 2.292016772321141787e+02
1.350000000000000000e+02 2.292753462781514315e+02
1.375000000000000000e+02 2.293482182972720409e+02
1.400000000000000000e+02 2.294202362048955592e+02
1.425000000000000000e+02 2.294916599236581760e+02
1.450000000000000000e+02 2.295634296610202796e+02
1.475000000000000000e+02 2.296356115636729101e+02
1.500000000000000000e+02 2.297066275868485263e+02
1.525000000000000000e+02 2.297748329849500522e+02
1.550000000000000000e+02 2.298405462917035322e+02
1.575000000000000000e+02 2.299050242330586116e+02
1.600000000000000000e+02 2.299684856625013936e+02
1.625000000000000000e+02 2.300304096443934156e+02
1.650000000000000000e+02 2.300906208161190989e+02
1.675000000000000000e+02 2.301499191103844737e+02
1.700000000000000000e+02 2.302088627755714469e+02
1.725000000000000000e+02 2.302669650729101818e+02
1.750000000000000000e+02 2.303238876582858552e+02
1.775000000000000000e+02 2.303798676152340761e+02
1.800000000000000000e+02 2.304351568982555989e+02
1.825000000000000000e+02 2.304900783467219298e+02
1.850000000000000000e+02 2.305450724770776958e+02
1.875000000000000000e+02 2.306002955850133844e+02
1.900000000000000000e+02 2.306554950445806469e+02
1.925000000000000000e+02 2.307103027898325251e+02
1.950000000000000000e+02 2.307642538467067084e+02
1.975000000000000000e+02 2.308174524712164839e+02
2.000000000000000000e+02 2.308701228447769154e+02
2.025000000000000000e+02 2.309217325198406172e+02
2.050000000000000000e+02 2.309723117505097321e+02
2.075000000000000000e+02 2.310226560866377667e+02
2.100000000000000000e+02 2.310730575691194133e+02
2.125000000000000000e+02 2.311230921992325307e+02
2.150000000000000000e+02 2.311726044676034064e+02
2.175000000000000000e+02 2.312213184418183971e+02
2.200000000000000000e+02 2.312681506259415301e+02
2.225000000000000000e+02 2.313124732801880157e+02
2.250000000000000000e+02 2.313550263758287997e+02
2.275000000000000000e+02 2.313964952926884848e+02
2.300000000000000000e+02 2.314374129884272406e+02
2.325000000000000000e+02 2.314784006594072707e+02
2.350000000000000000e+02 2.315193240129952130e+02
2.375000000000000000e+02 2.315596374500536854e+02
2.400000000000000000e+02 2.315987794718507473e+02
2.425000000000000000e+02 2.316367795446791717e+02
2.450000000000000000e+02 2.316741047701610512e+02
2.475000000000000000e+02 2.317110439977543876e+02
2.500000000000000000e+02 2.317477122222788068e+02
2.525000000000000000e+02 2.317840734510675986e+02
2.550000000000000000e+02 2.318200425478450484e+02
2.575000000000000000e+02 2.318556687720617049e+02
2.600000000000000000e+02 2.318908226766886855e+02
2.625000000000000000e+02 2.319250121310867598e+02
2.650000000000000000e+02 2.319581234489709232e+02
2.675000000000000000e+02 2.319907598987130939e+02
2.700000000000000000e+02 2.320235429920151660e+02
2.725000000000000000e+02 2.320569758610253643e+02
2.750000000000000000e+02 2.320912091656183236e+02
2.775000000000000000e+02 2.321258087283695204e+02
2.800000000000000000e+02 2.321605798797262423e+02
2.825000000000000000e+02 2.321954610751579651e+02
2.850000000000000000e+02 2.322302277812074749e+02
2.875000000000000000e+02 2.322648778209546947e+02
2.900000000000000000e+02 2.322997103191211181e+02
2.925000000000000000e+02 2.323346055046015977e+02
2.950000000000000000e+02 2.323693293374495568e+02
2.975000000000000000e+02 2.324034529734323655e+02
3.000000000000000000e+02 2.324364775345414671e+02
3.025000000000000000e+02 2.324685488709643550e+02
3.050000000000000000e+02 2.325001232184047808e+02
3.075000000000000000e+02 2.325317117843537744e+02
3.100000000000000000e+02 2.325636565921795409e+02
3.125000000000000000e+02 2.325957294862941751e+02
3.150000000000000000e+02 2.326273617451317364e+02
3.175000000000000000e+02 2.326582787400918164e+02
3.200000000000000000e+02 2.326889082165305922e+02
3.225000000000000000e+02 2.327197553728840944e+02
3.250000000000000000e+02 2.327506875967801534e+02
3.275000000000000000e+02 2.327810180962665640e+02
3.300000000000000000e+02 2.328103682719882102e+02
3.325000000000000000e+02 2.328386154884092321e+02
3.350000000000000000e+02 2.328655751963199805e+02
3.375000000000000000e+02 2.328912541088475905e+02
3.400000000000000000e+02 2.329160755758678931e+02
3.425000000000000000e+02 2.329408719143036137e+02
3.450000000000000000e+02 2.329661306454493115e+02
3.475000000000000000e+02 2.329915197065054713e+02
3.500000000000000000e+02 2.330162944808641612e+02
3.525000000000000000e+02 2.330399536532291904e+02
3.550000000000000000e+02 2.330626088041937578e+02
3.575000000000000000e+02 2.330845508480548745e+02
3.600000000000000000e+02 2.331061830043439898e+02
3.625000000000000000e+02 2.331276588486341552e+02
3.650000000000000000e+02 2.331488814526188662e+02
3.675000000000000000e+02 2.331697382734307098e+02
3.700000000000000000e+02 2.331906509932768472e+02
3.725000000000000000e+02 2.332119799748664377e+02
3.750000000000000000e+02 2.332335267997125072e+02
3.775000000000000000e+02 2.332543529394901611e+02
3.800000000000000000e+02 2.332740076780635263e+02
3.825000000000000000e+02 2.332923938816824148e+02
3.850000000000000000e+02 2.333100147680215741e+02
3.875000000000000000e+02 2.333264333579653851e+02
3.900000000000000000e+02 2.333416882900119731e+02
3.925000000000000000e+02 2.333553873853917366e+02
3.950000000000000000e+02 2.333683848671535088e+02
3.975000000000000000e+02 2.333806526863663180e+02
4.000000000000000000e+02 2.333929227271673881e+02
4.025000000000000000e+02 2.334045905034816997e+02
4.050000000000000000e+02 2.334161383661906370e+02
4.075000000000000000e+02 2.334267784096632852e+02
4.100000000000000000e+02 2.334373949776194763e+02
4.125000000000000000e+02 2.334474166596341433e+02
4.150000000000000000e+02 2.334580130086686438e+02
4.175000000000000000e+02 2.334680422834536557e+02
4.200000000000000000e+02 2.334784462466614912e+02
4.225000000000000000e+02 2.334880542076566599e+02
4.250000000000000000e+02 2.334979885085742524e+02
4.275000000000000000e+02 2.335059850013801110e+02
4.300000000000000000e+02 2.335143030608634547e+02
4.325000000000000000e+02 2.335210001827321662e+02
4.350000000000000000e+02 2.335287817278335751e+02
4.375000000000000000e+02 2.335351050145425233e+02
4.400000000000000000e+02 2.335429246886318140e+02
4.425000000000000000e+02 2.335487858151708451e+02
4.450000000000000000e+02 2.335562471723853264e+02
4.475000000000000000e+02 2.335615063574975352e+02
4.500000000000000000e+02 2.335692930019933442e+02
4.525000000000000000e+02 2.335743585196374283e+02
4.550000000000000000e+02 2.335823014192255016e+02
4.575000000000000000e+02 2.335867936823324271e+02
4.600000000000000000e+02 2.335951165386427419e+02
4.625000000000000000e+02 2.335996267936508843e+02
4.650000000000000000e+02 2.336088986756915347e+02
4.675000000000000000e+02 2.336137924225788538e+02
4.700000000000000000e+02 2.336243766117521545e+02
4.725000000000000000e+02 2.336295177751754011e+02
4.750000000000000000e+02 2.336410987423650170e+02
4.775000000000000000e+02 2.336461847199221040e+02
4.800000000000000000e+02 2.336591764451629558e+02
4.825000000000000000e+02 2.336638657249380628e+02
4.850000000000000000e+02 2.336783224131302745e+02
4.875000000000000000e+02 2.336818690476304425e+02
4.900000000000000000e+02 2.336974661970434681e+02
4.925000000000000000e+02 2.336987116380234113e+02
4.950000000000000000e+02 2.337154943406864902e+02
4.975000000000000000e+02 2.337130228041443161e+02
5.000000000000000000e+02 2.337310685208994414e+02
5.025000000000000000e+02 2.337231996276236146e+02
5.050000000000000000e+02 2.337434067671152320e+02
5.075000000000000000e+02 2.337285641886369945e+02
5.100000000000000000e+02 2.337528840447095035e+02
5.125000000000000000e+02 2.337293378190576050e+02
5.150000000000000000e+02 2.337605677197679768e+02
5.175000000000000000e+02 2.337261366451371600e+02
5.200000000000000000e+02 2.337675987372718396e+02
5.225000000000000000e+02 2.337196154544490412e+02
5.250000000000000000e+02 2.337749409319613108e+02
5.275000000000000000e+02 2.337103617061024750e+02
5.300000000000000000e+02 2.337833849518481202e+02
5.325000000000000000e+02 2.336992479512272212e+02
5.350000000000000000e+02 2.337933343487890170e+02
5.375000000000000000e+02 2.336879002571529611e+02
5.400000000000000000e+02 2.338040692160662957e+02
5.425000000000000000e+02 2.336780560576798962e+02
5.450000000000000000e+02 2.338139174616306946e+02
5.475000000000000000e+02 2.336705052604090156e+02
5.500000000000000000e+02 2.338218454363469618e+02
5.525000000000000000e+02 2.336649172795798961e+02
5.550000000000000000e+02 2.338279969174919586e+02
5.575000000000000000e+02 2.336605002798368389e+02
5.600000000000000000e+02 2.338329412372957563e+02
5.625000000000000000e+02 2.336567343514841468e+02
5.650000000000000000e+02 2.338372790170376447e+02
5.675000000000000000e+02 2.336531469127949663e+02
5.700000000000000000e+02 2.338414110014620633e+02
5.725000000000000000e+02 2.336495399951830336e+02
5.750000000000000000e+02 2.338454852841355773e+02
5.775000000000000000e+02 2.336458510681863743e+02
5.800000000000000000e+02 2.338495653772570222e+02
5.825000000000000000e+02 2.336420633592449292e+02
5.850000000000000000e+02 2.338536769683297791e+02
5.875000000000000000e+02 2.336381765805545001e+02
5.900000000000000000e+02 2.338578320866946569e+02
5.925000000000000000e+02 2.336341946516888299e+02
5.950000000000000000e+02 2.338620379364070061e+02
5.975000000000000000e+02 2.336301216608269442e+02
6.000000000000000000e+02 2.338663002459923632e+02
6.025000000000000000e+02 2.336259605975639886e+02
6.050000000000000000e+02 2.338706240115602100e+02
6.075000000000000000e+02 2.336217134876154375e+02
6.100000000000000000e+02 2.338750136072986834e+02
6.125000000000000000e+02 2.336173815860580305e+02
6.150000000000000000e+02 2.338794728317569138e+02
6.175000000000000000e+02 2.336129655406548125e+02
6.200000000000000000e+02 2.338840049480288030e+02
6.225000000000000000e+02 2.336084655105970000e+02
6.250000000000000000e+02 2.338886127332908700e+02
6.275000000000000000e+02 2.336038812642141806e+02
6.300000000000000000e+02 2.338932985729967129e+02
6.325000000000000000e+02 2.335992121988349481e+02
6.350000000000000000e+02 2.338980648228095447e+02
6.375000000000000000e+02 2.335944564894585369e+02
6.400000000000000000e+02 2.339029146451915722e+02
6.425000000000000000e+02 2.335896147066961532e+02
6.450000000000000000e+02 2.339078474402589904e+02
6.475000000000000000e+02 2.335847468330730976e+02
6.500000000000000000e+02 2.339137185722576078e+02
6.525000000000000000e+02 2.335921064796840767e+02
6.550000000000000000e+02 2.338928065226307353e+02
6.575000000000000000e+02 2.336097212778948631e+02
6.600000000000000000e+02 2.338758506536975119e+02
6.625000000000000000e+02 2.336271877751538000e+02
6.650000000000000000e+02 2.338586977330037939e+02
6.675000000000000000e+02 2.336445232899849884e+02
6.700000000000000000e+02 2.338415557743421402e+02
6.725000000000000000e+02 2.336618056797107670e+02
6.750000000000000000e+02 2.338244112326360096e+02
6.775000000000000000e+02 2.336790340653606677e+02
6.800000000000000000e+02 2.338072401059314132e+02
6.825000000000000000e+02 2.336962491121430219e+02
6.850000000000000000e+02 2.337900744252470702e+02
6.875000000000000000e+02 2.337134720085107347e+02
6.900000000000000000e+02 2.337729455366628031e+02
6.925000000000000000e+02 2.337307081644906646e+02
6.950000000000000000e+02 2.337558363228171174e+02
6.975000000000000000e+02 2.337479353011348167e+02
7.000000000000000000e+02 2.337387014891004924e+02
7.025000000000000000e+02 2.337651324130925730e+02
7.050000000000000000e+02 2.337215123501830192e+02
7.075000000000000000e+02 2.337823102814751337e+02
7.100000000000000000e+02 2.337042784976140126e+02
7.125000000000000000e+02 2.337995122066271279e+02
7.150000000000000000e+02 2.336870247202301414e+02
7.175000000000000000e+02 2.338167865902777010e+02
7.200000000000000000e+02 2.336697550111069859e+02
7.225000000000000000e+02 2.338341530075385037e+02
7.250000000000000000e+02 2.336524374867381368e+02
7.275000000000000000e+02 2.338515961717033633e+02
7.300000000000000000e+02 2.336350242858456454e+02
7.325000000000000000e+02 2.338690892490223519e+02
7.350000000000000000e+02 2.336174829692427579e+02
7.375000000000000000e+02 2.338866223839254701e+02
7.400000000000000000e+02 2.335998101155250595e+02
7.425000000000000000e+02 2.339042309948043510e+02
7.450000000000000000e+02 2.335821240305199922e+02
7.475000000000000000e+02 2.339219731344190905e+02
7.500000000000000000e+02 2.335619570251002415e+02
7.525000000000000000e+02 2.339300139695296537e+02
7.550000000000000000e+02 2.335672414906348422e+02
7.575000000000000000e+02 2.339261021500214497e+02
7.600000000000000000e+02 2.335711766045886861e+02
7.625000000000000000e+02 2.339222254083304051e+02
7.650000000000000000e+02 2.335749953931934328e+02
7.675000000000000000e+02 2.339184736370276028e+02
7.700000000000000000e+02 2.335786934575551470e+02
7.725000000000000000e+02 2.339148426777187240e+02
7.750000000000000000e+02 2.335822715227212996e+02
7.775000000000000000e+02 2.339113312929418385e+02
7.800000000000000000e+02 2.335857306754905665e+02
7.825000000000000000e+02 2.339079380054469084e+02
7.850000000000000000e+02 2.335890722423758064e+02
7.875000000000000000e+02 2.339046613442330340e+02
7.900000000000000000e+02 2.335922976505574127e+02
7.925000000000000000e+02 2.339014998509503585e+02
7.950000000000000000e+02 2.335954083420801339e+02
7.975000000000000000e+02 2.338984520878744036e+02
8.000000000000000000e+02 2.335984057133366321e+02
8.025000000000000000e+02 2.338955166685823599e+02
8.050000000000000000e+02 2.336012911133095145e+02
8.075000000000000000e+02 2.338926922640079624e+02
8.100000000000000000e+02 2.336040658314188079e+02
8.125000000000000000e+02 2.338899776050910191e+02
8.150000000000000000e+02 2.336067311030810174e+02
8.175000000000000000e+02 2.338873714905216445e+02
8.200000000000000000e+02 2.336092881075440744e+02
8.225000000000000000e+02 2.338848727732665793e+02
8.250000000000000000e+02 2.336117379639488831e+02
8.275000000000000000e+02 2.338824803667669414e+02
8.300000000000000000e+02 2.336140817367603972e+02
8.325000000000000000e+02 2.338801932421068841e+02
8.350000000000000000e+02 2.336163204373461326e+02
8.375000000000000000e+02 2.338780104300494713e+02
8.400000000000000000e+02 2.336184550247993457e+02
8.425000000000000000e+02 2.338759310170587753e+02
8.450000000000000000e+02 2.336204863888698640e+02
8.475000000000000000e+02 2.338739541513257620e+02
8.500000000000000000e+02 2.336224153773969192e+02
8.525000000000000000e+02 2.338720790209672487e+02
8.550000000000000000e+02 2.336242427842022948e+02
8.575000000000000000e+02 2.338703048845004844e+02
8.600000000000000000e+02 2.336259693390115331e+02
8.625000000000000000e+02 2.338686310585643753e+02
8.650000000000000000e+02 2.336275957114289383e+02
8.675000000000000000e+02 2.338670569091790981e+02
8.700000000000000000e+02 2.336291225352458980e+02
8.725000000000000000e+02 2.338655818312869314e+02
8.750000000000000000e+02 2.336305504048794432e+02
8.775000000000000000e+02 2.338642053024257166e+02
8.800000000000000000e+02 2.336318798184795753e+02
8.825000000000000000e+02 2.338629268612950796e+02
8.850000000000000000e+02 2.336331112253578226e+02
8.875000000000000000e+02 2.338617460681076068e+02
8.900000000000000000e+02 2.336342450589031046e+02
8.925000000000000000e+02 2.338606625428524239e+02
8.950000000000000000e+02 2.336352816806662815e+02
8.975000000000000000e+02 2.338596759646733005e+02
9.000000000000000000e+02 2.336362213790409896e+02
9.025000000000000000e+02 2.338587860534044012e+02
9.050000000000000000e+02 2.336370644163957877e+02
9.075000000000000000e+02 2.338579925890807374e+02
9.100000000000000000e+02 2.336378109948460633e+02
9.125000000000000000e+02 2.338572954025022739e+02
9.150000000000000000e+02 2.336384612376282917e+02
9.175000000000000000e+02 2.338566943619416634e+02
9.200000000000000000e+02 2.336390152499011492e+02
9.225000000000000000e+02 2.338561894070133462e+02
9.250000000000000000e+02 2.336394730699737181e+02
9.275000000000000000e+02 2.338557805152552760e+02
9.300000000000000000e+02 2.336398346692724317e+02
9.325000000000000000e+02 2.338554676975188897e+02
9.350000000000000000e+02 2.336400999873765159e+02
9.375000000000000000e+02 2.338552510590532734e+02
9.400000000000000000e+02 2.336402689107082438e+02
9.425000000000000000e+02 2.338551307261184036e+02
9.450000000000000000e+02 2.336403412485693423e+02
9.475000000000000000e+02 2.338551068618910449e+02
9.500000000000000000e+02 2.336403167656276025e+02
9.525000000000000000e+02 2.338551797301666113e+02
9.550000000000000000e+02 2.336401952017299379e+02
9.575000000000000000e+02 2.338553496236319802e+02
9.600000000000000000e+02 2.336399762023319511e+02
9.625000000000000000e+02 2.338556168609679276e+02
9.650000000000000000e+02 2.336396593605429644e+02
9.675000000000000000e+02 2.338559818579120702e+02
9.700000000000000000e+02 2.336392442605212239e+02
9.725000000000000000e+02 2.338564450838118489e+02
9.750000000000000000e+02 2.336387303934256465e+02
9.775000000000000000e+02 2.338570070229732494e+02
9.800000000000000000e+02 2.336381171772762286e+02
9.825000000000000000e+02 2.338576682424137800e+02
9.850000000000000000e+02 2.336374040306979794e+02
9.875000000000000000e+02 2.338584293860140804e+02
9.900000000000000000e+02 2.336365902938536294e+02
9.925000000000000000e+02 2.338592911310723252e+02
9.950000000000000000e+02 2.336356752374310872e+02
9.975000000000000000e+02 2.338602523276506417e+02
1.000000000000000000e+03 2.336345864817174345e+02
