# Xi, RijLong, Xi, RijLat
0.000000000000000000e+00 1.000000000000000000e+00 0.000000000000000000e+00 1.000000000000000000e+00
3.689252771408074061e+00 9.653030492207407276e-01 3.689252771408130016e+00 9.055066983897829269e-01
7.378505542816148122e+00 8.822969679851769831e-01 7.378505542816179208e+00 6.859238332045352049e-01
1.106775831422422129e+01 7.866332002424172298e-01 1.106775831422422840e+01 4.524010924043305737e-01
1.475701108563229624e+01 6.979530297588426579e-01 1.475701108563227848e+01 2.597139956439006858e-01
1.844626385704037119e+01 6.198815444138947583e-01 1.844626385704040672e+01 1.161565012036902267e-01
2.213551662844844259e+01 5.516817911948239672e-01 2.213551662844845680e+01 1.595698751675026644e-02
2.582476939985651754e+01 4.927326079634992695e-01 2.582476939985650688e+01 -5.044249269238270522e-02
2.951402217126459249e+01 4.420489766254900865e-01 2.951402217126463867e+01 -8.970138197982929773e-02
3.320327494267267099e+01 3.979813265775151709e-01 3.320327494267268520e+01 -1.074686101983255843e-01
3.689252771408074238e+01 3.599504224122676010e-01 3.689252771408073528e+01 -1.119496757396141184e-01
4.058178048548881378e+01 3.270076671767953025e-01 4.058178048548887062e+01 -1.089008729525340058e-01
4.427103325689688518e+01 2.987378294808555879e-01 4.427103325689691360e+01 -1.017297560620529645e-01
4.796028602830495657e+01 2.733639488418726504e-01 4.796028602830496368e+01 -9.201701183303102882e-02
5.164953879971303508e+01 2.496249463772635679e-01 5.164953879971301376e+01 -8.109239213772605204e-02
5.533879157112111358e+01 2.284603666361520735e-01 5.533879157112114910e+01 -7.108919501130012142e-02
5.902804434252918497e+01 2.096706354945516715e-01 5.902804434252919918e+01 -6.281432489363764082e-02
6.271729711393726348e+01 1.927093231425033582e-01 6.271729711393724926e+01 -5.543829258373265262e-02
6.640654988534534198e+01 1.783669924817922470e-01 6.640654988534537040e+01 -4.908260772733678140e-02
7.009580265675340627e+01 1.664882465188258498e-01 7.009580265675343469e+01 -4.244147065075178082e-02
7.378505542816148477e+01 1.556341241888332949e-01 7.378505542816147056e+01 -3.494906861561000722e-02
7.747430819956954906e+01 1.451715391503718977e-01 7.747430819956960590e+01 -2.857138760099062549e-02
8.116356097097762756e+01 1.354600483643246533e-01 8.116356097097765598e+01 -2.317822514295454772e-02
8.485281374238570606e+01 1.264229478585184308e-01 8.485281374238570606e+01 -1.671220156278755906e-02
8.854206651379377035e+01 1.173855001607398557e-01 8.854206651379382720e+01 -1.024924721311074559e-02
9.223131928520186307e+01 1.086068912376985801e-01 9.223131928520189149e+01 -6.023842323036421136e-03
9.592057205660991315e+01 1.005138533967707692e-01 9.592057205660992736e+01 -3.534303033014040644e-03
9.960982482801800586e+01 9.263287317413633482e-02 9.960982482801797744e+01 -1.400814558832369494e-03
1.032990775994260702e+02 8.618989152998451919e-02 1.032990775994260986e+02 -2.824792602183761204e-04
1.069883303708341629e+02 8.150513583113995486e-02 1.069883303708341629e+02 1.086199162783914318e-03
1.106775831422422272e+02 7.671594911336399036e-02 1.106775831422422129e+02 2.940740576152695712e-03
1.143668359136503057e+02 7.080513878308665465e-02 1.143668359136503483e+02 3.311855574562655967e-03
1.180560886850583699e+02 6.526025165038619458e-02 1.180560886850583984e+02 2.737472035096785630e-03
1.217453414564664342e+02 6.177424103876306971e-02 1.217453414564664342e+02 3.516821136755946247e-03
1.254345942278745270e+02 5.941337314941266823e-02 1.254345942278745696e+02 5.334022439972113325e-03
1.291238469992825912e+02 5.691391214623223865e-02 1.291238469992826197e+02 6.581430352309517590e-03
1.328130997706906840e+02 5.411564826045107968e-02 1.328130997706906840e+02 6.778761647383986164e-03
1.365023525420987482e+02 5.156710771892149964e-02 1.365023525420987198e+02 5.165279305300341482e-03
1.401916053135068125e+02 4.954977689024335497e-02 1.401916053135068694e+02 3.170205613903093883e-03
1.438808580849148768e+02 4.762974628721804854e-02 1.438808580849149052e+02 2.781649437935683131e-03
1.475701108563229695e+02 4.499212188184058964e-02 1.475701108563229411e+02 1.855146172927223981e-03
1.512593636277310338e+02 4.134513557743447337e-02 1.512593636277310907e+02 -3.478469651769952554e-04
1.549486163991390981e+02 3.801686224553529198e-02 1.549486163991391265e+02 -1.971493676041233354e-03
1.586378691705471908e+02 3.627272073208012010e-02 1.586378691705471908e+02 -2.203675582839204842e-03
1.623271219419552551e+02 3.612989297442861791e-02 1.623271219419553120e+02 -1.885633694591415908e-03
1.660163747133633478e+02 3.603786254344882450e-02 1.660163747133633478e+02 -4.821745049408312622e-04
1.697056274847714121e+02 3.585385859359834643e-02 1.697056274847714121e+02 1.055937979638044795e-03
1.733948802561795048e+02 3.579397501262864684e-02 1.733948802561795333e+02 1.799830446601599762e-03
1.770841330275875407e+02 3.517986794338301415e-02 1.770841330275875691e+02 1.533106241266043177e-03
1.807733857989956334e+02 3.406015851318715953e-02 1.807733857989956334e+02 1.099843604565172751e-03
1.844626385704037261e+02 3.256623235401581024e-02 1.844626385704036693e+02 1.435323232837514744e-03
1.881518913418117620e+02 3.069278836166677155e-02 1.881518913418118188e+02 5.459729686785000802e-04
1.918411441132198263e+02 2.816131255788948892e-02 1.918411441132198547e+02 -1.078155213808439615e-03
1.955303968846279474e+02 2.521104419131300553e-02 1.955303968846279190e+02 -1.851531812880674891e-03
1.992196496560360117e+02 2.290932087886424218e-02 1.992196496560360686e+02 -2.168758466141029653e-03
2.029089024274440760e+02 2.183402077259736368e-02 2.029089024274440760e+02 -1.954618605654496587e-03
2.065981551988521403e+02 2.074014094763129354e-02 2.065981551988521403e+02 -1.056330926745934623e-03
2.102874079702602046e+02 2.032904528979747119e-02 2.102874079702602614e+02 -1.984998076545731530e-03
2.139766607416683257e+02 2.142605970214284464e-02 2.139766607416683257e+02 -1.852774295604596314e-03
2.176659135130763900e+02 2.248282923481418477e-02 2.176659135130763900e+02 1.699047342986786512e-03
2.213551662844844543e+02 2.203804045912916357e-02 2.213551662844844259e+02 4.310566057355461576e-03
2.250444190558925186e+02 2.100278745426446478e-02 2.250444190558925470e+02 4.237993623581149186e-03
2.287336718273006113e+02 2.072687223701834627e-02 2.287336718273006113e+02 4.912125773420926954e-03
2.324229245987086756e+02 2.065175891595915844e-02 2.324229245987086472e+02 6.213464636278582046e-03
2.361121773701167399e+02 1.984557860103066534e-02 2.361121773701167967e+02 5.996307372332785462e-03
2.398014301415248042e+02 1.745170992907380328e-02 2.398014301415248326e+02 5.481980507798137753e-03
2.434906829129328685e+02 1.434417279174829418e-02 2.434906829129328685e+02 4.594665455024573089e-03
2.471799356843409896e+02 1.242981201967708477e-02 2.471799356843410180e+02 2.809237049313858571e-03
2.508691884557490539e+02 1.201619659200589031e-02 2.508691884557490823e+02 1.640298125146749837e-03
2.545584412271571182e+02 1.155215399497243854e-02 2.545584412271571182e+02 5.998096308994405219e-04
2.582476939985651825e+02 1.006393172727595639e-02 2.582476939985652393e+02 -1.664521098665663066e-03
2.619369467699733036e+02 9.208664884150837698e-03 2.619369467699733036e+02 -3.381602849148319413e-03
2.656261995413813679e+02 8.979851002111058356e-03 2.656261995413813679e+02 -2.352031950872370079e-03
2.693154523127894322e+02 8.477904469251156677e-03 2.693154523127893754e+02 7.742264141793682214e-05
2.730047050841974965e+02 8.170905201179049990e-03 2.730047050841974965e+02 1.252370687498504135e-03
2.766939578556055608e+02 8.267424454181911478e-03 2.766939578556055608e+02 4.686539508788242748e-04
2.803832106270136251e+02 8.717741568874205760e-03 2.803832106270136251e+02 -6.757581086129370480e-04
2.840724633984216894e+02 9.335885649411301140e-03 2.840724633984217462e+02 -1.147102048555778643e-03
2.877617161698297537e+02 9.151735309718474209e-03 2.877617161698298105e+02 -2.303446931118055714e-03
2.914509689412378179e+02 8.451679407288168605e-03 2.914509689412378748e+02 -4.119312779823050726e-03
2.951402217126459391e+02 8.220424688559546667e-03 2.951402217126459391e+02 -5.159521341825931522e-03
2.988294744840540034e+02 8.220058598472267108e-03 2.988294744840540034e+02 -3.926126748662271335e-03
3.025187272554620677e+02 8.570773144167423072e-03 3.025187272554620677e+02 -2.792983452479732252e-03
3.062079800268701320e+02 8.798581572089743397e-03 3.062079800268701888e+02 -3.586969193826518819e-03
3.098972327982781962e+02 8.654533647920297987e-03 3.098972327982782531e+02 -3.285644966720973129e-03
3.135864855696863174e+02 8.229944061323548124e-03 3.135864855696863174e+02 -7.427031532082055019e-04
3.172757383410943817e+02 7.414848245240343583e-03 3.172757383410943817e+02 1.237603905995904047e-03
3.209649911125024460e+02 7.129272818672583584e-03 3.209649911125024460e+02 1.483416650516555541e-03
3.246542438839105102e+02 7.842195594843672304e-03 3.246542438839105671e+02 1.850401781530333937e-03
3.283434966553185745e+02 9.262928649960963656e-03 3.283434966553185745e+02 1.472686645894163635e-03
3.320327494267266957e+02 1.044188145489427511e-02 3.320327494267266957e+02 -3.766985456713559371e-04
3.357220021981347600e+02 1.069780124734730914e-02 3.357220021981347600e+02 -2.140598140608039601e-03
3.394112549695428243e+02 9.758276047441578199e-03 3.394112549695428243e+02 -3.036461122718364398e-03
3.431005077409508885e+02 8.588537804212061783e-03 3.431005077409508885e+02 -5.040573117323206287e-03
3.467897605123590097e+02 8.222799549621205573e-03 3.467897605123590097e+02 -8.049837698636415004e-03
3.504790132837670740e+02 8.594825897532049064e-03 3.504790132837670740e+02 -8.149290034534188015e-03
3.541682660551750814e+02 9.641255185145931189e-03 3.541682660551751383e+02 -6.816680746530325713e-03
3.578575188265832026e+02 1.087006998139142602e-02 3.578575188265832026e+02 -6.980425251770408512e-03
3.615467715979912668e+02 1.141325353462898859e-02 3.615467715979912668e+02 -6.879761881945029890e-03
3.652360243693992743e+02 1.127147014305034979e-02 3.652360243693993311e+02 -5.429534653694113346e-03
3.689252771408074523e+02 1.052052403414603307e-02 3.689252771408074523e+02 -5.019670815146533120e-03
3.726145299122155166e+02 8.883267404138826817e-03 3.726145299122155166e+02 -5.751540238463189597e-03
3.763037826836235240e+02 6.988106261900071080e-03 3.763037826836235809e+02 -4.615127847044360118e-03
3.799930354550316451e+02 5.501446561025038172e-03 3.799930354550316451e+02 -1.890363799922493418e-03
3.836822882264396526e+02 5.052452421044567946e-03 3.836822882264397094e+02 -9.373245073270135286e-04
3.873715409978477737e+02 6.310473377668882750e-03 3.873715409978477737e+02 -3.278351246507278226e-03
3.910607937692558949e+02 7.796041743323879961e-03 3.910607937692558949e+02 -8.091553124416929477e-03
3.947500465406639023e+02 7.433545141959483835e-03 3.947500465406639591e+02 -1.223121148029424760e-02
3.984392993120720234e+02 6.005290497627780930e-03 3.984392993120720234e+02 -1.221152851173739305e-02
4.021285520834800309e+02 5.526263261974487251e-03 4.021285520834800877e+02 -8.915727249825752126e-03
4.058178048548881520e+02 5.926964412013314802e-03 4.058178048548881520e+02 -5.973212932295228310e-03
4.095070576262962732e+02 5.293823549769894991e-03 4.095070576262962732e+02 -4.118888210392542167e-03
4.131963103977042806e+02 4.135375987201155186e-03 4.131963103977043374e+02 -2.750007332077810188e-03
4.168855631691124017e+02 4.267237204220080196e-03 4.168855631691124017e+02 -4.156982607101998377e-04
4.205748159405204092e+02 5.232420385660540608e-03 4.205748159405204660e+02 3.284315656513020053e-03
4.242640687119285303e+02 5.377911844968308840e-03 4.242640687119285303e+02 4.958360163434759847e-03
4.279533214833366515e+02 4.376417367041907786e-03 4.279533214833366515e+02 4.737498975793835200e-03
4.316425742547446021e+02 3.510859984508557866e-03 4.316425742547447157e+02 4.659461213976558852e-03
4.353318270261527800e+02 3.515746313280368809e-03 4.353318270261527800e+02 4.184313529878583120e-03
4.390210797975608443e+02 3.496439838895849545e-03 4.390210797975608443e+02 2.655431388544925598e-03
4.427103325689689086e+02 3.541747808559514085e-03 4.427103325689689086e+02 4.440643439731535992e-04
4.463995853403769729e+02 5.185934409034361620e-03 4.463995853403769729e+02 -1.498437581018037534e-03
4.500888381117850372e+02 7.120525525820584067e-03 4.500888381117850372e+02 -2.603550636231945648e-03
4.537780908831931015e+02 7.365854268627268671e-03 4.537780908831931015e+02 -3.183813108764123323e-03
4.574673436546012226e+02 6.330250880272493726e-03 4.574673436546012226e+02 -2.987282700662380070e-03
4.611565964260092301e+02 5.291011049996103589e-03 4.611565964260092869e+02 -3.022124364539916213e-03
4.648458491974173512e+02 4.972128152563130669e-03 4.648458491974173512e+02 -4.491933427828937245e-03
4.685351019688253587e+02 4.475728953956680141e-03 4.685351019688254155e+02 -5.696943032244718499e-03
4.722243547402334798e+02 3.165373864277181912e-03 4.722243547402334798e+02 -4.009898233257116335e-03
4.759136075116416009e+02 1.957300561961181073e-03 4.759136075116416009e+02 -3.225943707829794123e-03
4.796028602830496084e+02 1.767263970032997324e-03 4.796028602830496652e+02 -4.245385940703281721e-03
4.832921130544577295e+02 1.946001252603802830e-03 4.832921130544577295e+02 -3.459069161225505548e-03
4.869813658258657370e+02 1.408052340455605463e-03 4.869813658258657938e+02 -1.831637165718491556e-03
4.906706185972738581e+02 1.390449857793251125e-03 4.906706185972738581e+02 -1.100564163570587469e-03
4.943598713686819792e+02 2.099895627420769479e-03 4.943598713686819792e+02 -1.095495244393045447e-03
4.980491241400899867e+02 2.091394503187711876e-03 4.980491241400899867e+02 -9.393758868389467855e-04
5.017383769114981078e+02 1.506863027286076606e-03 5.017383769114981078e+02 7.197874667964677432e-04
5.054276296829061152e+02 1.376085669676925223e-03 5.054276296829061721e+02 1.192482207420079293e-03
5.091168824543142364e+02 1.685702042211088651e-03 5.091168824543142932e+02 -5.126415385321986392e-04
5.128061352257223007e+02 1.516142619759798874e-03 5.128061352257223007e+02 -2.238427741861216420e-03
5.164953879971303650e+02 1.092621139786061199e-03 5.164953879971303650e+02 -4.133096334767963516e-03
5.201846407685384293e+02 1.757416781254128157e-03 5.201846407685384293e+02 -5.714164094912367771e-03
5.238738935399466072e+02 3.621763975713417679e-03 5.238738935399466072e+02 -5.423035334075061546e-03
5.275631463113545578e+02 4.957353429353130586e-03 5.275631463113546715e+02 -2.622945542456830547e-03
5.312523990827627358e+02 5.572949630961598726e-03 5.312523990827627358e+02 -4.675575670887012385e-07
5.349416518541706864e+02 6.450135648244839821e-03 5.349416518541708001e+02 1.523096552821389023e-04
5.386309046255788644e+02 6.749484070167372819e-03 5.386309046255788644e+02 -1.029883315377273659e-03
5.423201573969869287e+02 5.717756326806654708e-03 5.423201573969869287e+02 -2.099291353842383002e-03
5.460094101683949930e+02 4.934339198915334984e-03 5.460094101683949930e+02 -2.403919327890980881e-03
5.496986629398030573e+02 5.079294867497927482e-03 5.496986629398030573e+02 -1.399985834661207629e-03
5.533879157112111216e+02 4.701583434172969776e-03 5.533879157112111216e+02 3.771140095633699881e-05
5.570771684826191859e+02 4.069180781779723789e-03 5.570771684826191859e+02 7.112493084635353744e-04
5.607664212540272501e+02 3.667999162696960417e-03 5.607664212540272501e+02 1.050841112460879209e-03
5.644556740254353144e+02 3.586853260755936464e-03 5.644556740254353144e+02 1.965652569405391785e-03
5.681449267968433787e+02 3.361201511495959596e-03 5.681449267968433787e+02 3.375691479790995670e-03
5.718341795682514430e+02 2.798560733197475673e-03 5.718341795682515567e+02 4.441234877058330109e-03
5.755234323396595073e+02 2.372110547647737679e-03 5.755234323396595073e+02 4.582255776777107402e-03
5.792126851110676853e+02 1.595754336654673332e-03 5.792126851110676853e+02 3.144816139352175563e-03
5.829019378824756359e+02 4.661641923917562579e-04 5.829019378824757496e+02 1.029685532410407880e-03
5.865911906538838139e+02 5.746099245405462264e-05 5.865911906538838139e+02 -9.576180481522972591e-05
5.902804434252918782e+02 -8.799805528736343941e-05 5.902804434252918782e+02 -2.964372054369877689e-04
5.939696961966999424e+02 -4.906167273507147392e-04 5.939696961966999424e+02 2.338079983295365447e-04
5.976589489681080067e+02 -8.635248728395059211e-04 5.976589489681080067e+02 6.868950254732870834e-04
6.013482017395160710e+02 -1.030712780459267777e-03 6.013482017395160710e+02 1.398318759172876592e-04
